AIMSum (Version 17.11.14, Professional)
Copyright (c) 1997-2017 by Todd A. Keith
AIMSum is a component of the AIMAll package ( http://aim.tkgristmill.com )

TP:  64-bit Linux

Much of the Quantum Theory of Atoms in Molecules (QTAIM) is described in the book:
  "Atoms in Molecules - A Quantum Theory"
  R.F.W. Bader, Oxford University Press, Oxford, 1990

For additional references see:  http://aim.tkgristmill.com/references.html

Wfn File:  /home/localuser/Desktop/AIMAll/emimbf4/wfn/250.wfn
Sum File:  /home/localuser/Desktop/AIMAll/emimbf4/wfn/250.sum

SumViz File:  /home/localuser/Desktop/AIMAll/emimbf4/wfn/250.sumviz

Wfn Title:  B3LYP                                                                          
 
Total memory allocated for AIMSum =        1.420 Megabytes

Atomic units (a.u.) used throughout, except where stated otherwise

Model:  Restricted SCF
 
Restricted, closed-shell, single-determinant wavefunction.
  Number of electrons (from MO Occs)                   =         102.0000000000
  Number of Alpha electrons (from MO Occs)             =          51.0000000000
  Number of Beta electrons (from MO Occs)              =          51.0000000000
  Number of electron pairs (N*(N-1)/2)                 =        5151.0000000000
  Number of electron pairs (from Muller 2EDM)          =        5151.0000000000
 
Nuclear Charges and Cartesian Coordinates:
-------------------------------------------------------------------------------
Atom      Charge                X                  Y                  Z
-------------------------------------------------------------------------------
C1         6.0           1.0969162700E+00  -6.1767263000E-01  -2.0444967700E+00
C2         6.0           1.6152894600E+00   1.8974710400E+00  -2.2047911500E+00
N3         7.0           2.1340969900E+00  -1.4360509500E+00   2.2387891000E-01
N4         7.0           3.0798114900E+00   2.5381549100E+00  -1.4746907000E-01
C5         6.0           3.3344962800E+00   4.9129224000E-01   1.3114757600E+00
C6         6.0           3.6714125500E+00   5.1166554300E+00   6.2764680000E-01
H7         1.0           4.3193802000E+00   6.1857051100E+00  -1.0076073300E+00
H8         1.0           5.1662065200E+00   5.0721448900E+00   2.0413523100E+00
H9         1.0           1.9797671800E+00   5.9877465000E+00   1.4220367500E+00
C10        6.0           2.0136945100E+00  -3.9912138500E+00   1.3381696900E+00
H11        1.0           4.2334196400E+00   4.4597226000E-01   3.1335150600E+00
H12        1.0           5.4675630000E-02  -1.8246560700E+00  -3.2838483000E+00
H13        1.0           1.0397686700E+00   3.2709499700E+00  -3.5829204600E+00
C14        6.0           2.2122756600E+00  -6.0623612400E+00  -6.4397944000E-01
H15        1.0           2.2537667000E-01  -4.1115683000E+00   2.3458182200E+00
H16        1.0           3.5723703500E+00  -4.1042137700E+00   2.6841961100E+00
H17        1.0           5.7046123000E-01  -6.0469837100E+00  -1.8889612000E+00
H18        1.0           2.2629706700E+00  -7.8946456800E+00   3.0390296000E-01
H19        1.0           3.9288691800E+00  -5.8678287200E+00  -1.7754941300E+00
B20        5.0          -2.9630852000E+00   3.5988385000E-01   1.6455808000E-01
F21        9.0          -3.1115761300E+00   1.5108529800E+00  -2.2404921300E+00
F22        9.0          -1.2932191200E+00   1.5844560800E+00   1.8391387400E+00
F23        9.0          -5.3813483100E+00   6.4699162000E-01   1.2775332000E+00
F24        9.0          -2.5983479700E+00  -2.2920755100E+00  -2.7950440000E-02
 
Some Atomic Properties:
----------------------
  q(A) = Net Charge of Atom A
  L(A) = Lagrangian of Atom A = -(1/4) Times Atomic Integral of the Laplacian of the Electron Density
  K(A) = Electronic Kinetic Energy of Atom A (Hamiltonian Form)
  K_Scaled(A) = K(A) * E(Mol)/K(Mol) = Approximation to Virial-Based Total Energy of Atom A.
  |Mu_Intra(A)| = Magnitude of Intraatomic Dipole Moment of Atom A
--------------------------------------------------------------------------------------------------
Atom A          q(A)              L(A)              K(A)          K_Scaled(A)      |Mu_Intra(A)|
--------------------------------------------------------------------------------------------------
C1        5.4447796240E-01 -4.7153946636E-04  3.7513136323E+01 -3.7534802035E+01  7.6991093805E-01
C2        5.5652250940E-01 -1.2493103834E-04  3.7484519422E+01 -3.7506168606E+01  7.6208335209E-01
N3       -1.5322228793E+00  3.1405091923E-04  5.5402835379E+01 -5.5434833286E+01  2.4220602251E-01
N4       -1.5645228842E+00  3.3570124825E-04  5.5418085691E+01 -5.5450092407E+01  1.7155386075E-01
C5        1.3563031710E+00  1.6857523189E-04  3.6963553858E+01 -3.6984902159E+01  8.8143951659E-01
C6        5.3818960520E-01  1.2346225329E-04  3.7428952942E+01 -3.7450570034E+01  6.1692352317E-01
H7        2.2703479660E-02  2.3498948084E-05  6.1323887745E-01 -6.1359305357E-01  1.2180772997E-01
H8        1.0314875570E-02  2.6694094411E-05  6.1824508548E-01 -6.1860215292E-01  1.2091862178E-01
H9        5.8598145340E-02  1.9375640887E-05  5.9772443457E-01 -5.9806965032E-01  1.2113456007E-01
C10       4.9133088570E-01  4.1424941178E-04  3.7471315531E+01 -3.7492957090E+01  6.1534192030E-01
H11       1.1479843089E-01  1.7003308976E-05  5.7151354335E-01 -5.7184362099E-01  1.1395868441E-01
H12       1.3961294783E-01  4.7175576427E-05  5.7132868659E-01 -5.7165865747E-01  1.1388171975E-01
H13       1.0607104652E-01  2.4517604678E-05  5.7597579307E-01 -5.7630844789E-01  1.1765788169E-01
C14       1.4652597470E-01  2.0908019148E-04  3.7682191411E+01 -3.7703954760E+01  9.6261973100E-02
H15       8.5771866210E-02 -1.4950331600E-05  5.9912011234E-01 -5.9946613416E-01  1.2020731543E-01
H16      -2.5947414600E-02  3.3023661683E-05  6.4139726968E-01 -6.4176770867E-01  1.2166328499E-01
H17       3.4371242300E-03 -1.2770785725E-05  6.1949666091E-01 -6.1985445121E-01  1.1833405441E-01
H18      -1.4194152600E-02  1.8902135236E-05  6.2201420308E-01 -6.2237344738E-01  1.2509920689E-01
H19      -3.1204426500E-02  2.8813986804E-05  6.2981871474E-01 -6.3018246654E-01  1.2775254547E-01
B20       2.5144715777E+00  2.5669463591E-05  2.3299439429E+01 -2.3312896021E+01  1.6158981822E-02
F21      -8.8054292870E-01  5.6825426295E-05  9.9890631215E+01 -9.9948323049E+01  2.9930148636E-01
F22      -8.8753799960E-01  6.2558986192E-05  9.9913995631E+01 -9.9971700959E+01  2.9323218001E-01
F23      -8.6945345100E-01  2.1668197393E-05  9.9853453197E+01 -9.9911123559E+01  2.8209527789E-01
F24      -8.8206820210E-01  1.2120516409E-04  9.9908072331E+01 -9.9965774238E+01  2.9092165675E-01
--------------------------------------------------------------------------------------------------
Total     1.4352637500E-03  1.4678598286E-03  7.6489005574E+02 -7.6533181799E+02
 
1st Largest |L(A)| = 4.7153946636E-04, atom C1      
2nd Largest |L(A)| = 4.1424941178E-04, atom C10     
 
Molecular charge q(Mol) from the wfn file:   0.0000000000E+00
Molecular energy E(Mol) from the wfn file:  -7.6753480438E+02
Molecular virial ratio (-V(Mol)/T(Mol)) from the wfn file:   2.0005775500E+00
Note.  K_Scaled(A) = (1+V(Mol)/T(Mol))*K(A) = (E(Mol)/T(Mol))*K(A)
       Only use K_Scaled(A) data with caution.
 
N_AIMInt(SumA)     =        101.998565
N_Analytic(Mol)    =        102.000000
 
G_AIMInt(SumA)     =        764.888588
G_Analytic(Mol)    =        764.889741
 
K_AIMInt(SumA)     =        764.890056
K_Analytic(Mol)    =        764.889741
 
L_AIMInt(SumA)     =          0.001468
L_Analytic(Mol)    =          0.000000
 
VenT_AIMInt(SumA)  =      -3684.589364
VenT_Analytic(Mol) =      -3684.613297
 
Some Information About the Atomic Calculations:
----------------------------------------------
  Time(sec) = "Elapsed User Time", in Seconds, for Atom A by AIMInt and, if used, by TWOe
  NProc = Number of Processors Used for AIMInt Job
  BIM = Basin Integration Method
  OAQ = Angular Quadrature Outside of Beta Sphere
  ORQ = Multiple of Default for Radial Quadrature Outside of Beta Sphere
  IAQ = Multiple of Default for Angular Quadrature Inside of Beta Sphere
  IRQ = Multiple of Default for Radial Quadrature Inside of Beta Sphere
  MIR = Maximum Integration Radius
------------------------------------------------------------------------------------------------------
Atom A     Time(sec)   NProc      BIM          OAQ                     ORQ      IAQ      IRQ      MIR
------------------------------------------------------------------------------------------------------
C1            118        4     Proaim(5)    4500(GS4)                  1.00     1.00     1.00    13.00
C2             63        4     Proaim(5)    4500(GS4)                  1.00     1.00     1.00    13.00
N3            150        4    Promega(1)    4500(GS4)                  1.00     1.00     1.00    13.00
N4             66        4     Proaim(5)    4500(GS4)                  1.00     1.00     1.00    13.00
C5            161        4    Promega(1)    4500(GS4)                  1.00     1.00     1.00    13.00
C6             46        4     Proaim(5)    4500(GS4)                  1.00     1.00     1.00    13.00
H7              9        4     Proaim(5)    1800(GS4)                  1.00     1.00     1.00    13.00
H8             11        4     Proaim(5)    1800(GS4)                  1.00     1.00     1.00    13.00
H9             12        4     Proaim(5)    1800(GS4)                  1.00     1.00     1.00    13.00
C10            64        4     Proaim(5)    4500(GS4)                  1.00     1.00     1.00    13.00
H11            12        4     Proaim(5)    1800(GS4)                  1.00     1.00     1.00    13.00
H12            14        4     Proaim(5)    1800(GS4)                  1.00     1.00     1.00    13.00
H13            12        4     Proaim(5)    1800(GS4)                  1.00     1.00     1.00    13.00
C14            52        4     Proaim(5)    4500(GS4)                  1.00     1.00     1.00    13.00
H15            29        4     Proaim(5)    4500(GS4)                  1.00     1.00     1.00    13.00
H16            12        4     Proaim(5)    1800(GS4)                  1.00     1.00     1.00    13.00
H17            16        4     Proaim(5)    1800(GS4)                  1.00     1.00     1.00    13.00
H18            10        4     Proaim(5)    1800(GS4)                  1.00     1.00     1.00    13.00
H19            11        4     Proaim(5)    1800(GS4)                  1.00     1.00     1.00    13.00
B20            65        4     Proaim(5)    8100(GS8)                  1.00     1.00     1.00    13.00
F21            52        4     Proaim(5)    4500(GS4)                  1.00     1.00     1.00    13.00
F22           154        4    Promega(1)    4500(GS4)                  1.00     1.00     1.00    13.00
F23            25        4     Proaim(5)    2700(GS4)                  1.00     1.00     1.00    13.00
F24            45        4     Proaim(5)    4500(GS4)                  1.00     1.00     1.00    13.00
------------------------------------------------------------------------------------------------------
Total        1209
Note:  Total wall clock time is less than total of atomic times if more than one atom
       was calculated at a time
 
Electron Density Critical Point Analysis of Molecular Structure:               
---------------------------------------------------------------                
  NACP = Nuclear Attractor Critical Point                                      
  NNACP = Non-Nuclear Attractor Critical Point                                 
  BCP = Bond Critical Point                                                    
  RCP = Ring Critical Point                                                    
  CCP = Cage Critical Point                                                    
  Rho = Electron Density                                                       
  GradRho = Gradient of Electron Density                                       
  HessRho_EigVals = Eigenvalues of the Hessian of Rho, Ascending Order         
  HessRho_EigVecs = Eigenvectors of the Hessian of Rho                         
  DelSqRho = Laplacian of Rho = Trace of Hessian of Rho                        
  Bond Ellipticity = (HessRho_EigVal(1) / HessRho_EigVal(2)) - 1               
  V = Virial Field = Potential Energy Density = Trace of Stress Tensor         
  G = Lagrangian Form of Kinetic Energy Density                                
  K = Hamiltonian Form of Kinetic Energy Density                               
  L = K - G = Lagrangian Density = (-1/4)DelSqRho                              
  Vnuc = Electrostatic Potential from Nuclei                                   
  Ven = Electron-nuclear attractive contribution to Virial Field V             
  Vrep = V - Ven = Repulsive contribution to Virial Field V                    
  DelSqV = Laplacian of V                                                      
  DelSqVen = Laplacian of Ven                                                  
  DelSqVrep = Laplacian of Vrep                                                
  DelSqG = Laplacian of G                                                      
  DelSqK = Laplacian of K                                                      
  Stress_EigVals = Eigenvalues of Stress Tensor, Ascending Order               
  Stress_EigVecs = Eigenvectors of Stress Tensor                               
  -DivStress = Ehrenfest Force Density = Minus Divergence of Stress Tensor     
  ESP = Total Electrostatic Potential                                          
  ESPe = Electrostatic Potential from Electrons                                
  ESPn = Electrostatic Potential from Nuclei                                   
  BP = Bond Path                                                               
  BPL = Bond Path Length                                                       
  GBL = Geometric Bond Length                                                  
  GBL_I = Distance Between Nuclear Attractors                                  
  GBL_II = Distance Between Nuclei                                             
  GBL_III = Sum of Distances Between BCP and Nuclear Attractors                
  GBL_IV = Sum of Distances Between BCP and Nuclei                             

CP# 1      Coords =  1.09691996644295E+00 -6.17675200366871E-01 -2.04449212933453E+00
           Type = (3,-3) NACP C1
           Rho =  1.1953316645E+02     Rho at Nucleus =  1.1953316266E+02
           GradRho =  1.4494294653E-11 -1.7721935031E-13 -6.9146771642E-12
           HessRho_EigVals = -1.8125512034E+05 -1.8125454067E+05 -1.8125223317E+05
           HessRho_EigVec1 =  1.1666053148E-01 -3.8531234994E-01  9.1538227718E-01
           HessRho_EigVec2 =  9.1128476345E-01 -3.2494907472E-01 -2.5291931272E-01
           HessRho_EigVec3 =  3.9490555872E-01  8.6367962337E-01  3.1322054191E-01
           DelSqRho = -5.4376189418E+05
           Bond Ellipticity = NA
           V = -1.3595462142E+05
           G =  7.0739370365E+00
           K =  1.3594754748E+05
           L =  1.3594047355E+05
           Vnuc =  9.2798424904E+05
           Ven = -1.1092489570E+08
           Vrep =  1.1078894108E+08
           DelSqV =  4.6075233984E+09
           DelSqVen =  5.0460247270E+11
           DelSqVrep = -4.9999494931E+11
           DelSqG =  2.0615555036E+08
           DelSqK = -4.8136789488E+09
           Stress_EigVals = -4.5318809032E+04 -4.5317961369E+04 -4.5317851019E+04
           Stress_EigVec1 =  3.8957203104E-01  8.6282202088E-01  3.2213629556E-01
           Stress_EigVec2 =  5.6922676162E-01 -5.0053449813E-01  6.5226230155E-01
           Stress_EigVec3 =  7.2402660620E-01 -7.0734549263E-02 -6.8613562585E-01
           -DivStress = -5.5390360283E+03  3.8538426760E+03 -6.9559271530E+03
           ESP =  -1.4668451549E+01     ESP at Nucleus =  -1.4668451628E+01
           ESPe = -3.5978638768E+01     ESPe at Nucleus = -3.5978632002E+01
           ESPn =  2.1310187219E+01     ESPn at Nucleus =  2.1310180374E+01

CP# 2      Coords =  1.61529377588369E+00  1.89747325614499E+00 -2.20478770046999E+00
           Type = (3,-3) NACP C2
           Rho =  1.1952034402E+02     Rho at Nucleus =  1.1952034081E+02
           GradRho = -9.6538610439E-12  1.9282825336E-11 -1.2420675599E-11
           HessRho_EigVals = -1.8123531421E+05 -1.8123483366E+05 -1.8123272759E+05
           HessRho_EigVec1 =  6.1934767592E-01  3.2287592479E-01  7.1565326348E-01
           HessRho_EigVec2 = -7.8461917015E-01  2.2209228485E-01  5.7883311485E-01
           HessRho_EigVec3 = -2.7950208810E-02  9.2001421413E-01 -3.9088698063E-01
           DelSqRho = -5.4370287546E+05
           Bond Ellipticity = NA
           V = -1.3593986952E+05
           G =  7.0753269393E+00
           K =  1.3593279419E+05
           L =  1.3592571887E+05
           Vnuc =  1.0079268061E+06
           Ven = -1.2046775861E+08
           Vrep =  1.2033181874E+08
           DelSqV =  4.6070257224E+09
           DelSqVen =  5.4801270169E+11
           DelSqVrep = -5.4340567597E+11
           DelSqG =  2.0613291693E+08
           DelSqK = -4.8131586393E+09
           Stress_EigVals = -4.5313845450E+04 -4.5313070942E+04 -4.5312953128E+04
           Stress_EigVec1 = -2.8532926761E-02  9.1735203985E-01 -3.9705302803E-01
           Stress_EigVec2 =  4.3346888745E-01  3.6927887303E-01  8.2203274725E-01
           Stress_EigVec3 =  9.0071671224E-01 -1.4865513415E-01 -4.0818017515E-01
           -DivStress = -6.4686396135E+03 -3.3225340622E+03 -5.1690003009E+03
           ESP =  -1.4665353514E+01     ESP at Nucleus =  -1.4665353594E+01
           ESPe = -3.4900478670E+01     ESPe at Nucleus = -3.4900475951E+01
           ESPn =  2.0235125155E+01     ESPn at Nucleus =  2.0235122357E+01

CP# 3      Coords =  2.13409867933377E+00 -1.43605001714074E+00  2.23878695876744E-01
           Type = (3,-3) NACP N3
           Rho =  1.9377822494E+02     Rho at Nucleus =  1.9377822418E+02
           GradRho =  2.1405037465E-11  3.2593388058E-11  5.0563719878E-14
           HessRho_EigVals = -4.0301519266E+05 -4.0301415991E+05 -4.0300887467E+05
           HessRho_EigVec1 =  5.6708729970E-01  3.9926684663E-01  7.2041514400E-01
           HessRho_EigVec2 =  5.8162902767E-02  8.5305830750E-01 -5.1856397941E-01
           HessRho_EigVec3 =  8.2160152827E-01 -3.3597248278E-01 -4.6053601331E-01
           DelSqRho = -1.2090382272E+06
           Bond Ellipticity = NA
           V = -3.0230720125E+05
           G =  2.3822221795E+01
           K =  3.0228337903E+05
           L =  3.0225955681E+05
           Vnuc =  3.6052412893E+06
           Ven = -6.9861725753E+08
           Vrep =  6.9831495033E+08
           DelSqV =  1.4117845777E+10
           DelSqVen =  4.3588745626E+12
           DelSqVrep = -4.3447567168E+12
           DelSqG =  6.2872953952E+08
           DelSqK = -1.4746575316E+10
           Stress_EigVals = -1.0076975048E+05 -1.0076886278E+05 -1.0076858799E+05
           Stress_EigVec1 =  8.0588881672E-01 -3.8583101939E-01 -4.4908533662E-01
           Stress_EigVec2 =  1.2228737873E-01  8.5061979218E-01 -5.1136265619E-01
           Stress_EigVec3 =  5.7930045062E-01  3.5718397727E-01  7.3268724179E-01
           -DivStress = -7.7631032345E+03 -4.2838283645E+03  9.8450060348E+02
           ESP =  -1.8241041731E+01     ESP at Nucleus =  -1.8241041737E+01
           ESPe = -3.9647743203E+01     ESPe at Nucleus = -3.9647743742E+01
           ESPn =  2.1406701472E+01     ESPn at Nucleus =  2.1406702006E+01

CP# 4      Coords =  3.07981088913305E+00  2.53815460626941E+00 -1.47467850190524E-01
           Type = (3,-3) NACP N4
           Rho =  1.9372129647E+02     Rho at Nucleus =  1.9372129608E+02
           GradRho = -1.5737555495E-09 -8.9618802657E-10  3.2997145814E-09
           HessRho_EigVals = -4.0289527161E+05 -4.0289458650E+05 -4.0288808256E+05
           HessRho_EigVec1 = -2.1644582280E-01  8.3979965003E-01 -4.9788327307E-01
           HessRho_EigVec2 =  4.3768547208E-01  5.3932140831E-01  7.1941910321E-01
           HessRho_EigVec3 =  8.7268701911E-01 -6.2201015683E-02 -4.8430197225E-01
           DelSqRho = -1.2086779407E+06
           Bond Ellipticity = NA
           V = -3.0221735694E+05
           G =  2.3935887686E+01
           K =  3.0219342106E+05
           L =  3.0216948517E+05
           Vnuc =  5.0241363604E+06
           Ven = -9.7328220937E+08
           Vrep =  9.7297999202E+08
           DelSqV =  1.4113663027E+10
           DelSqVen =  6.0725628764E+12
           DelSqVrep = -6.0584490823E+12
           DelSqG =  6.2853996769E+08
           DelSqK = -1.4742202994E+10
           Stress_EigVals = -1.0073997213E+05 -1.0073877080E+05 -1.0073861402E+05
           Stress_EigVec1 =  8.7572999334E-01 -3.4999883331E-02 -4.8153087848E-01
           Stress_EigVec2 =  3.8376939286E-01  6.5563184167E-01  6.5028297016E-01
           Stress_EigVec3 = -2.9294714860E-01  7.5426911401E-01 -5.8758835232E-01
           -DivStress =  2.7566516458E+03  1.3952158013E+03 -5.6009410334E+03
           ESP =  -1.8235505289E+01     ESP at Nucleus =  -1.8235505295E+01
           ESPe = -3.8021241267E+01     ESPe at Nucleus = -3.8021239875E+01
           ESPn =  1.9785735978E+01     ESPn at Nucleus =  1.9785734580E+01

CP# 5      Coords =  3.33449536336094E+00  4.91292529949911E-01  1.31147276029061E+00
           Type = (3,-3) NACP C5
           Rho =  1.1954122501E+02     Rho at Nucleus =  1.1954122411E+02
           GradRho = -9.3971393167E-12  6.7322970115E-13  1.0462235245E-11
           HessRho_EigVals = -1.8126895463E+05 -1.8126783244E+05 -1.8126644795E+05
           HessRho_EigVec1 =  8.6249408174E-01 -7.5066561464E-02 -5.0046875059E-01
           HessRho_EigVec2 =  6.8603262865E-02  9.9715175766E-01 -3.1336313162E-02
           HessRho_EigVec3 =  5.0139560358E-01 -7.3064046066E-03  8.6518730063E-01
           DelSqRho = -5.4380323502E+05
           Bond Ellipticity = NA
           V = -1.3596467192E+05
           G =  6.9315815245E+00
           K =  1.3595774034E+05
           L =  1.3595080875E+05
           Vnuc =  1.9047769083E+06
           Ven = -2.2769936498E+08
           Vrep =  2.2756340030E+08
           DelSqV =  4.6078709900E+09
           DelSqVen =  1.0358238659E+12
           DelSqVrep = -1.0312159949E+12
           DelSqG =  2.0617254706E+08
           DelSqK = -4.8140435371E+09
           Stress_EigVals = -4.5322004992E+04 -4.5321626142E+04 -4.5321040783E+04
           Stress_EigVec1 =  4.9416269015E-01  6.6943740368E-03  8.6934367256E-01
           Stress_EigVec2 =  1.3653981999E-01  9.8696276754E-01 -8.5213690538E-02
           Stress_EigVec3 =  8.5858028933E-01 -1.6080945511E-01 -4.8680612766E-01
           -DivStress =  1.3736327519E+03 -4.3443406232E+02  4.4963737433E+03
           ESP =  -1.4589727963E+01     ESP at Nucleus =  -1.4589727977E+01
           ESPe = -3.4828966516E+01     ESPe at Nucleus = -3.4828959764E+01
           ESPn =  2.0239238553E+01     ESPn at Nucleus =  2.0239231787E+01

CP# 6      Coords =  3.67141191799725E+00  5.11664924753861E+00  6.27644970101950E-01
           Type = (3,-3) NACP C6
           Rho =  1.1937059185E+02     Rho at Nucleus =  1.1937058805E+02
           GradRho =  4.0030854933E-11  4.4800771708E-11 -7.4755779908E-12
           HessRho_EigVals = -1.8100811320E+05 -1.8100499155E+05 -1.8100481844E+05
           HessRho_EigVec1 =  2.3070512447E-01  9.3061234322E-01  2.8414047966E-01
           HessRho_EigVec2 =  3.7314335655E-01 -3.5430847126E-01  8.5745527152E-01
           HessRho_EigVec3 =  8.9863183841E-01 -9.1794192831E-02 -4.2899259336E-01
           DelSqRho = -5.4301792319E+05
           Bond Ellipticity = NA
           V = -1.3576846143E+05
           G =  6.9903155375E+00
           K =  1.3576147111E+05
           L =  1.3575448080E+05
           Vnuc =  9.2615783454E+05
           Ven = -1.1055600885E+08
           Vrep =  1.1042024039E+08
           DelSqV =  4.6012451429E+09
           DelSqVen =  5.0292030285E+11
           DelSqVrep = -4.9831905771E+11
           DelSqG =  2.0587144337E+08
           DelSqK = -4.8071165863E+09
           Stress_EigVals = -4.5256460741E+04 -4.5256417697E+04 -4.5255582991E+04
           Stress_EigVec1 =  8.9552110681E-01 -8.4030706763E-02 -4.3701348672E-01
           Stress_EigVec2 =  3.8294901027E-01 -3.5473647531E-01  8.5294319191E-01
           Stress_EigVec3 =  2.2669804318E-01  9.3118251348E-01  2.8549452501E-01
           -DivStress =  9.4528677946E+02  9.2531453214E+03  2.7388217755E+03
           ESP =  -1.4641740709E+01     ESP at Nucleus =  -1.4641740799E+01
           ESPe = -3.0189891189E+01     ESPe at Nucleus = -3.0189878203E+01
           ESPn =  1.5548150480E+01     ESPn at Nucleus =  1.5548137404E+01

CP# 7      Coords =  4.30949533995899E+00  6.16909699576868E+00 -9.83334140861228E-01
           Type = (3,-3) NACP H7
           Rho =  4.3195928681E-01     Rho at Nucleus =  4.2810886670E-01
           GradRho = -1.2991452532E-15 -3.4331871655E-15  1.2357194261E-15
           HessRho_EigVals = -8.4620560528E+00 -8.4545552256E+00 -7.7137317925E+00
           HessRho_EigVec1 =  1.2237097716E-02 -8.2894209850E-01 -5.5920054611E-01
           HessRho_EigVec2 =  9.4813652075E-01 -1.6802502551E-01  2.6982351421E-01
           HessRho_EigVec3 = -3.1762775612E-01 -5.3350031690E-01  7.8389413852E-01
           DelSqRho = -2.4630343071E+01
           Bond Ellipticity = NA
           V = -6.1685450462E+00
           G =  5.4796392280E-03
           K =  6.1630654070E+00
           L =  6.1575857677E+00
           Vnuc =  4.7579551770E+01
           Ven = -2.0552429249E+01
           Vrep =  1.4383884203E+01
           DelSqV =  1.5786431441E+03
           DelSqVen =  1.1719006833E+03
           DelSqVrep =  4.0674246086E+02
           DelSqG =  1.1747300340E+02
           DelSqK = -1.6961161475E+03
           Stress_EigVals = -2.1193058821E+00 -2.1187371996E+00 -1.9305019645E+00
           Stress_EigVec1 =  7.9026646762E-01 -6.0559653997E-01 -9.3443784854E-02
           Stress_EigVec2 =  5.2415667350E-01  5.8909786761E-01  6.1499876749E-01
           Stress_EigVec3 = -3.1739359128E-01 -5.3499208700E-01  7.8297175879E-01
           -DivStress =  5.0968276382E+00  8.5653612865E+00 -1.2518847680E+01
           ESP =  -1.0569648419E+00     ESP at Nucleus =  -1.0583399973E+00
           ESPe = -1.6407408852E+01     ESPe at Nucleus = -1.6324908754E+01
           ESPn =  1.5350444010E+01     ESPn at Nucleus =  1.5266568757E+01

CP# 8      Coords =  5.14378406912344E+00  5.07182026492366E+00  2.02020029671506E+00
           Type = (3,-3) NACP H8
           Rho =  4.3262696901E-01     Rho at Nucleus =  4.2881940301E-01
           GradRho = -9.2219526286E-16 -3.8752096150E-16 -1.2264732144E-15
           HessRho_EigVals = -8.4717579564E+00 -8.4650075371E+00 -7.7316095190E+00
           HessRho_EigVec1 = -1.1714514808E-01  9.8591057572E-01  1.1940414970E-01
           HessRho_EigVec2 = -6.7682440775E-01 -1.6724329185E-01  7.1689497306E-01
           HessRho_EigVec3 =  7.2676387868E-01  3.1651248743E-03  6.8688008170E-01
           DelSqRho = -2.4668375012E+01
           Bond Ellipticity = NA
           V = -6.1782846007E+00
           G =  5.5954237841E-03
           K =  6.1726891769E+00
           L =  6.1670937531E+00
           Vnuc =  4.7913422149E+01
           Ven = -2.0728638599E+01
           Vrep =  1.4550353998E+01
           DelSqV =  1.5816519486E+03
           DelSqVen =  1.1819462657E+03
           DelSqVrep =  3.9970568291E+02
           DelSqG =  1.1765288098E+02
           DelSqK = -1.6993048296E+03
           Stress_EigVals = -2.1219647423E+00 -2.1213519736E+00 -1.9349678847E+00
           Stress_EigVec1 = -6.7175694316E-01  2.1567261821E-01  7.0868041533E-01
           Stress_EigVec2 =  1.4471350284E-01  9.7645334036E-01 -1.5999023780E-01
           Stress_EigVec3 =  7.2649887227E-01  4.9189277881E-03  6.8715005111E-01
           -DivStress =  1.1580461065E+01  1.6537666863E-01  1.0925542382E+01
           ESP =  -1.0516094388E+00     ESP at Nucleus =  -1.0529773984E+00
           ESPe = -1.6525516487E+01     ESPe at Nucleus = -1.6444334703E+01
           ESPn =  1.5473907048E+01     ESPn at Nucleus =  1.5391357304E+01

CP# 9      Coords =  2.00568581726317E+00  5.97454521544615E+00  1.40985830989656E+00
           Type = (3,-3) NACP H9
           Rho =  4.2808559999E-01     Rho at Nucleus =  4.2414552537E-01
           GradRho =  1.3944628872E-14 -8.7138412805E-15 -6.1851701061E-15
           HessRho_EigVals = -8.3946557744E+00 -8.3862843739E+00 -7.6325776404E+00
           HessRho_EigVec1 = -5.0529069761E-01 -8.5278371079E-01 -1.3206533805E-01
           HessRho_EigVec2 =  2.7377414230E-01 -3.0355073679E-01  9.1263610996E-01
           HessRho_EigVec3 =  8.1836973912E-01 -4.2499046202E-01 -3.8685149255E-01
           DelSqRho = -2.4413517789E+01
           Bond Ellipticity = NA
           V = -6.1140019896E+00
           G =  5.3112712305E-03
           K =  6.1086907184E+00
           L =  6.1033794472E+00
           Vnuc =  4.8293174369E+01
           Ven = -2.0673612525E+01
           Vrep =  1.4559610535E+01
           DelSqV =  1.5634280909E+03
           DelSqVen =  1.1790062715E+03
           DelSqVrep =  3.8442181933E+02
           DelSqG =  1.1646658663E+02
           DelSqK = -1.6798946775E+03
           Stress_EigVals = -2.1019810724E+00 -2.1017545350E+00 -1.9102663823E+00
           Stress_EigVec1 = -3.9244503716E-01 -9.0467443300E-01  1.6598512910E-01
           Stress_EigVec2 =  4.2066479893E-01 -1.6057726330E-02  9.0707401923E-01
           Stress_EigVec3 =  8.1794133026E-01 -4.2580079815E-01 -3.8686646346E-01
           -DivStress = -1.3250914606E+01  6.7527735925E+00  6.2271487286E+00
           ESP =  -1.0657426593E+00     ESP at Nucleus =  -1.0671390580E+00
           ESPe = -1.7646650176E+01     ESPe at Nucleus = -1.7578564853E+01
           ESPn =  1.6580907517E+01     ESPn at Nucleus =  1.6511425795E+01

CP# 10     Coords =  2.01369632374176E+00 -3.99120783366059E+00  1.33816625653589E+00
           Type = (3,-3) NACP C10
           Rho =  1.1938683237E+02     Rho at Nucleus =  1.1938682772E+02
           GradRho = -1.2211885352E-11 -3.3223202116E-11 -8.1886276392E-12
           HessRho_EigVals = -1.8103621664E+05 -1.8103299846E+05 -1.8103228158E+05
           HessRho_EigVec1 = -1.0598516831E-02  9.0622408274E-01 -4.2266485933E-01
           HessRho_EigVec2 =  3.0808489831E-01  4.0508555340E-01  8.6080740579E-01
           HessRho_EigVec3 =  9.5129983017E-01 -1.2109337843E-01 -2.8348726043E-01
           DelSqRho = -5.4310149668E+05
           Bond Ellipticity = NA
           V = -1.3578914198E+05
           G =  6.8839057445E+00
           K =  1.3578225808E+05
           L =  1.3577537417E+05
           Vnuc =  8.3793282707E+05
           Ven = -1.0003814596E+08
           Vrep =  9.9902356817E+07
           DelSqV =  4.6019510974E+09
           DelSqVen =  4.5508257114E+11
           DelSqVrep = -4.5048062004E+11
           DelSqG =  2.0590655356E+08
           DelSqK = -4.8078576510E+09
           Stress_EigVals = -4.5263459383E+04 -4.5263280875E+04 -4.5262401722E+04
           Stress_EigVec1 =  9.4648617317E-01 -1.3418635187E-01 -2.9352673979E-01
           Stress_EigVec2 =  3.2270497834E-01  4.0767717222E-01  8.5420186151E-01
           Stress_EigVec3 = -5.0419196930E-03  9.0321279122E-01 -4.2916341040E-01
           -DivStress = -2.7156878799E+03 -9.0074473131E+03  5.1379610319E+03
           ESP =  -1.4653573375E+01     ESP at Nucleus =  -1.4653573489E+01
           ESPe = -3.2812346467E+01     ESPe at Nucleus = -3.2812334453E+01
           ESPn =  1.8158773092E+01     ESPn at Nucleus =  1.8158760963E+01

CP# 11     Coords =  4.21868634286821E+00  4.46726797893701E-01  3.10279277852840E+00
           Type = (3,-3) NACP H11
           Rho =  4.2515942548E-01     Rho at Nucleus =  4.2062473181E-01
           GradRho = -2.6744203857E-11  1.3677320452E-12 -5.5688926669E-11
           HessRho_EigVals = -8.3102342855E+00 -8.2975713760E+00 -7.4713510103E+00
           HessRho_EigVec1 =  2.4797934036E-01  9.6398626284E-01 -9.6107917549E-02
           HessRho_EigVec2 =  8.6571508420E-01 -2.6503281312E-01 -4.2461158836E-01
           HessRho_EigVec3 =  4.3479148997E-01 -2.2092827658E-02  9.0026011087E-01
           DelSqRho = -2.4079156672E+01
           Bond Ellipticity = NA
           V = -6.0296394030E+00
           G =  4.9251175160E-03
           K =  6.0247142855E+00
           L =  6.0197891680E+00
           Vnuc =  4.7558401368E+01
           Ven = -2.0219902602E+01
           Vrep =  1.4190263199E+01
           DelSqV =  1.5332068051E+03
           DelSqVen =  1.1451661977E+03
           DelSqVrep =  3.8804060738E+02
           DelSqG =  1.1411361630E+02
           DelSqK = -1.6473204214E+03
           Stress_EigVals = -2.0803174722E+00 -2.0802118271E+00 -1.8691101037E+00
           Stress_EigVec1 =  8.2356597099E-01 -3.9434380289E-01 -4.0771565650E-01
           Stress_EigVec2 =  3.6398461865E-01  9.1869670258E-01 -1.5333481686E-01
           Stress_EigVec3 =  4.3503366401E-01 -2.2120890418E-02  9.0014242061E-01
           -DivStress =  7.4284862395E+00 -3.8056918654E-01  1.5488256605E+01
           ESP =  -9.9276604167E-01     ESP at Nucleus =  -9.9445816484E-01
           ESPe = -1.9209095570E+01     ESPe at Nucleus = -1.9096324095E+01
           ESPn =  1.8216329528E+01     ESPn at Nucleus =  1.8101865930E+01

CP# 12     Coords =  7.32113614006492E-02 -1.80469458133350E+00 -3.26289269222867E+00
           Type = (3,-3) NACP H12
           Rho =  4.2794937216E-01     Rho at Nucleus =  4.2330085480E-01
           GradRho =  4.8409581118E-10  5.2340119381E-10  5.4965064011E-10
           HessRho_EigVals = -8.3833269121E+00 -8.3733151042E+00 -7.5249926870E+00
           HessRho_EigVec1 =  6.4779838410E-02 -7.5128667604E-01  6.5678908558E-01
           HessRho_EigVec2 =  8.4585600085E-01 -3.0787124565E-01 -4.3559490577E-01
           HessRho_EigVec3 =  5.2946312276E-01  5.8376675694E-01  6.1553649374E-01
           DelSqRho = -2.4281634703E+01
           Bond Ellipticity = NA
           V = -6.0811747148E+00
           G =  5.3830194535E-03
           K =  6.0757916953E+00
           L =  6.0704086759E+00
           Vnuc =  4.9437117378E+01
           Ven = -2.1156583343E+01
           Vrep =  1.5075408628E+01
           DelSqV =  1.5457113918E+03
           DelSqVen =  1.2004140265E+03
           DelSqVrep =  3.4529736533E+02
           DelSqG =  1.1532091126E+02
           DelSqK = -1.6610323031E+03
           Stress_EigVals = -2.0998453010E+00 -2.0988737413E+00 -1.8824556725E+00
           Stress_EigVec1 =  7.6373867487E-01 -1.0112747251E-02 -6.4544633305E-01
           Stress_EigVec2 =  3.7006367654E-01 -8.1240341828E-01  4.5061464831E-01
           Stress_EigVec3 =  5.2891975933E-01  5.8300807740E-01  6.1672154971E-01
           -DivStress = -9.4216132872E+00 -1.0153180984E+01 -1.0664111255E+01
           ESP =  -1.0543241966E+00     ESP at Nucleus =  -1.0560340957E+00
           ESPe = -2.1394760550E+01     ESPe at Nucleus = -2.1289568296E+01
           ESPn =  2.0340436354E+01     ESPn at Nucleus =  2.0233534201E+01

CP# 13     Coords =  1.05033032561048E+00  3.24888436172734E+00 -3.55992072421408E+00
           Type = (3,-3) NACP H13
           Rho =  4.2575048106E-01     Rho at Nucleus =  4.2132730786E-01
           GradRho =  9.0726037794E-16  9.3170913693E-16  3.6093090322E-16
           HessRho_EigVals = -8.3399077981E+00 -8.3282951006E+00 -7.5177839553E+00
           HessRho_EigVec1 =  5.3778766703E-01  7.1339920458E-01  4.4927274577E-01
           HessRho_EigVec2 = -7.8610523574E-01  2.3173789791E-01  5.7300619980E-01
           HessRho_EigVec3 = -3.0466864546E-01  6.6133132511E-01 -6.8543263338E-01
           DelSqRho = -2.4185986854E+01
           Bond Ellipticity = NA
           V = -6.0574183585E+00
           G =  5.4608224839E-03
           K =  6.0519575360E+00
           L =  6.0464967135E+00
           Vnuc =  4.8317871948E+01
           Ven = -2.0571357226E+01
           Vrep =  1.4513938867E+01
           DelSqV =  1.5423797005E+03
           DelSqVen =  1.1686154157E+03
           DelSqVrep =  3.7376428480E+02
           DelSqG =  1.1497931429E+02
           DelSqK = -1.6573590148E+03
           Stress_EigVals = -2.0887712937E+00 -2.0879815353E+00 -1.8806655295E+00
           Stress_EigVec1 = -8.5619581131E-01  1.2432755132E-01  5.0146923403E-01
           Stress_EigVec2 =  4.1664367223E-01  7.4010542085E-01  5.2787500074E-01
           Stress_EigVec3 = -3.0551069225E-01  6.6089834771E-01 -6.8547544881E-01
           -DivStress = -5.3480863000E+00  1.1178159887E+01 -1.1654205560E+01
           ESP =  -1.0471202643E+00     ESP at Nucleus =  -1.0487576434E+00
           ESPe = -1.9582866589E+01     ESPe at Nucleus = -1.9474914358E+01
           ESPn =  1.8535746325E+01     ESPn at Nucleus =  1.8426156715E+01

CP# 14     Coords =  2.21227592054129E+00 -6.06236030536966E+00 -6.43978288234219E-01
           Type = (3,-3) NACP C14
           Rho =  1.1936524120E+02     Rho at Nucleus =  1.1936524100E+02
           GradRho =  2.5642823834E-10  9.2888153831E-10  1.1981535954E-09
           HessRho_EigVals = -1.8099568803E+05 -1.8099490313E+05 -1.8099475738E+05
           HessRho_EigVec1 = -1.4833960488E-01  7.0788768509E-01  6.9057250664E-01
           HessRho_EigVec2 = -6.0748458049E-01 -6.1624428240E-01  5.0120401920E-01
           HessRho_EigVec3 =  7.8035751171E-01 -3.4516374332E-01  5.2144428678E-01
           DelSqRho = -5.4298534854E+05
           Bond Ellipticity = NA
           V = -1.3576058491E+05
           G =  7.1238879727E+00
           K =  1.3575346102E+05
           L =  1.3574633714E+05
           Vnuc =  3.9841279706E+06
           Ven = -4.7556639620E+08
           Vrep =  4.7543063562E+08
           DelSqV =  4.6009714846E+09
           DelSqVen =  2.1633231749E+12
           DelSqVrep = -2.1587222034E+12
           DelSqG =  2.0585636137E+08
           DelSqK = -4.8068278460E+09
           Stress_EigVals = -4.5253621231E+04 -4.5253581744E+04 -4.5253381937E+04
           Stress_EigVec1 =  7.8946304538E-01 -3.3538654254E-01  5.1406611157E-01
           Stress_EigVec2 = -5.9466517355E-01 -6.2540503463E-01  5.0521468113E-01
           Stress_EigVec3 = -1.5205732916E-01  7.0454553419E-01  6.9317685976E-01
           -DivStress = -3.9038253091E+02 -1.3970661477E+03 -1.7216063635E+03
           ESP =  -1.4710491966E+01     ESP at Nucleus =  -1.4710491969E+01
           ESPe = -2.9801728585E+01     ESPe at Nucleus = -2.9801726480E+01
           ESPn =  1.5091236619E+01     ESPn at Nucleus =  1.5091234510E+01

CP# 15     Coords =  2.53905688337734E-01 -4.11010189844607E+00  2.33072926993577E+00
           Type = (3,-3) NACP H15
           Rho =  4.3172971232E-01     Rho at Nucleus =  4.2756988384E-01
           GradRho =  1.2971177951E-13  9.0270130780E-15 -6.7700917572E-14
           HessRho_EigVals = -8.4594155261E+00 -8.4527841247E+00 -7.6619846952E+00
           HessRho_EigVec1 = -2.2788306200E-01  9.2227453366E-01 -3.1221626257E-01
           HessRho_EigVec2 =  4.2513716171E-01  3.8271910003E-01  8.2023440808E-01
           HessRho_EigVec3 =  8.7597243323E-01  5.4182792761E-02 -4.7930837796E-01
           DelSqRho = -2.4574184346E+01
           Bond Ellipticity = NA
           V = -6.1544081761E+00
           G =  5.4310448241E-03
           K =  6.1489771313E+00
           L =  6.1435460865E+00
           Vnuc =  5.0116596171E+01
           Ven = -2.1636823647E+01
           Vrep =  1.5482415471E+01
           DelSqV =  1.5709244659E+03
           DelSqVen =  1.2315744731E+03
           DelSqVrep =  3.3934999278E+02
           DelSqG =  1.1703270577E+02
           DelSqK = -1.6879571716E+03
           Stress_EigVals = -2.1183256091E+00 -2.1182061602E+00 -1.9178764068E+00
           Stress_EigVec1 =  4.7826645395E-01 -2.4340271142E-01  8.4381059433E-01
           Stress_EigVec2 =  6.9978743887E-02  9.6833202348E-01  2.3965823105E-01
