AIMSum (Version 17.11.14, Professional)
Copyright (c) 1997-2017 by Todd A. Keith
AIMSum is a component of the AIMAll package ( http://aim.tkgristmill.com )

TP:  64-bit Linux

Much of the Quantum Theory of Atoms in Molecules (QTAIM) is described in the book:
  "Atoms in Molecules - A Quantum Theory"
  R.F.W. Bader, Oxford University Press, Oxford, 1990

For additional references see:  http://aim.tkgristmill.com/references.html

Wfn File:  /home/localuser/Desktop/AIMAll/emimbf4/wfn/280.wfn
Sum File:  /home/localuser/Desktop/AIMAll/emimbf4/wfn/280.sum

SumViz File:  /home/localuser/Desktop/AIMAll/emimbf4/wfn/280.sumviz

Wfn Title:  B3LYP                                                                          
 
Total memory allocated for AIMSum =        1.420 Megabytes

Atomic units (a.u.) used throughout, except where stated otherwise

Model:  Restricted SCF
 
Restricted, closed-shell, single-determinant wavefunction.
  Number of electrons (from MO Occs)                   =         102.0000000000
  Number of Alpha electrons (from MO Occs)             =          51.0000000000
  Number of Beta electrons (from MO Occs)              =          51.0000000000
  Number of electron pairs (N*(N-1)/2)                 =        5151.0000000000
  Number of electron pairs (from Muller 2EDM)          =        5151.0000000000
 
Nuclear Charges and Cartesian Coordinates:
-------------------------------------------------------------------------------
Atom      Charge                X                  Y                  Z
-------------------------------------------------------------------------------
C1         6.0           1.5101356700E+00  -4.8735570000E-01  -2.0878932000E+00
C2         6.0           1.6679941100E+00   2.0700430200E+00  -2.2665413900E+00
N3         7.0           2.5282703200E+00  -1.1466055000E+00   2.2551340000E-01
N4         7.0           2.8042311800E+00   2.9329621700E+00  -8.4891600000E-02
C5         6.0           3.2804234900E+00   9.4858190000E-01   1.4036654500E+00
C6         6.0           2.8870789500E+00   5.5714020300E+00   7.1549638000E-01
H7         1.0           3.4315595600E+00   6.7496659000E+00  -8.8138348000E-01
H8         1.0           4.2739873800E+00   5.7851802400E+00   2.2208441200E+00
H9         1.0           1.0194125000E+00   6.1156173300E+00   1.3986777400E+00
C10        6.0           2.5852913900E+00  -3.6851408500E+00   1.3754863700E+00
H11        1.0           4.0390011200E+00   1.0380164500E+00   3.2867954400E+00
H12        1.0           6.7824648000E-01  -1.8374387200E+00  -3.3451185200E+00
H13        1.0           9.6381611000E-01   3.3324673000E+00  -3.6911366500E+00
C14        6.0           3.1543702300E+00  -5.7460515300E+00  -5.4303951000E-01
H15        1.0           7.4309312000E-01  -3.9770787200E+00   2.2451542300E+00
H16        1.0           4.0330176600E+00  -3.6201001100E+00   2.8435070200E+00
H17        1.0           1.6304590700E+00  -5.9179585900E+00  -1.9198588700E+00
H18        1.0           3.3066954200E+00  -7.5530181600E+00   4.4173061000E-01
H19        1.0           4.9313198200E+00  -5.3941458400E+00  -1.5349141700E+00
B20        5.0          -3.2666771700E+00  -3.6673770000E-02   1.4282173000E-01
F21        9.0          -3.2903986300E+00   1.2150509500E+00  -2.2104151300E+00
F22        9.0          -1.6880235300E+00   1.2745536600E+00   1.8858443200E+00
F23        9.0          -5.7069442200E+00  -9.2962670000E-02   1.1381243000E+00
F24        9.0          -2.4214734400E+00  -2.5728868700E+00  -1.7035302000E-01
 
Some Atomic Properties:
----------------------
  q(A) = Net Charge of Atom A
  L(A) = Lagrangian of Atom A = -(1/4) Times Atomic Integral of the Laplacian of the Electron Density
  K(A) = Electronic Kinetic Energy of Atom A (Hamiltonian Form)
  K_Scaled(A) = K(A) * E(Mol)/K(Mol) = Approximation to Virial-Based Total Energy of Atom A.
  |Mu_Intra(A)| = Magnitude of Intraatomic Dipole Moment of Atom A
--------------------------------------------------------------------------------------------------
Atom A          q(A)              L(A)              K(A)          K_Scaled(A)      |Mu_Intra(A)|
--------------------------------------------------------------------------------------------------
C1        5.6073436020E-01  1.9705200376E-05  3.7484095806E+01 -3.7514721062E+01  7.8082432603E-01
C2        5.4881826680E-01  2.4867806805E-04  3.7475848151E+01 -3.7506466669E+01  7.7240567419E-01
N3       -1.5422472402E+00  1.9359739343E-04  5.5403993998E+01 -5.5449260169E+01  2.1633155456E-01
N4       -1.5629648037E+00 -3.7178950062E-05  5.5408781210E+01 -5.5454051292E+01  1.7181090156E-01
C5        1.3565304427E+00  5.7212259243E-05  3.6960326957E+01 -3.6990524283E+01  8.8143012737E-01
C6        5.3423308210E-01 -5.3679010058E-05  3.7431037676E+01 -3.7461619583E+01  6.1761297234E-01
H7        2.3447389490E-02  2.3804344461E-05  6.1290760526E-01 -6.1340836303E-01  1.2161714298E-01
H8        1.1293873570E-02  2.4782673221E-05  6.1771602538E-01 -6.1822071173E-01  1.2091771553E-01
H9        6.3585413730E-02  1.7867613036E-05  5.9576821373E-01 -5.9625496827E-01  1.2066899444E-01
C10       4.8623193400E-01 -1.5450868171E-04  3.7472067236E+01 -3.7502682664E+01  6.1687134353E-01
H11       1.1810749743E-01  1.6965072576E-05  5.6993697373E-01 -5.7040262364E-01  1.1389540784E-01
H12       1.3279302823E-01  1.3657444378E-05  5.6956229449E-01 -5.7002763828E-01  1.1303790364E-01
H13       1.0561765778E-01  2.4779062805E-05  5.7482898620E-01 -5.7529863298E-01  1.1683703081E-01
C14       1.4597958440E-01 -2.9039571117E-04  3.7681935028E+01 -3.7712721922E+01  9.4510051140E-02
H15       9.1079522210E-02 -9.7977294220E-06  5.9520252792E-01 -5.9568882029E-01  1.1754062664E-01
H16      -2.3329622900E-02  2.5886675394E-05  6.3975548352E-01 -6.4027817654E-01  1.2195599018E-01
H17       1.4831092000E-04  8.1903618471E-05  6.2063035091E-01 -6.2113741832E-01  1.1866356987E-01
H18      -1.2143428400E-02  2.0097505078E-05  6.2120244870E-01 -6.2170998353E-01  1.2498053940E-01
H19      -3.0309222300E-02  2.9077308322E-05  6.2934842969E-01 -6.2986261994E-01  1.2769717137E-01
B20       2.5169704903E+00  2.8677497007E-04  2.3296961868E+01 -2.3315995952E+01  8.1506336199E-03
F21      -8.8297870750E-01  6.1420372366E-05  9.9872447628E+01 -9.9954045415E+01  2.9293000019E-01
F22      -8.8841072710E-01  7.7654049928E-05  9.9869988469E+01 -9.9951584247E+01  2.7061226327E-01
F23      -8.6821439470E-01  2.3089494620E-05  9.9859102149E+01 -9.9940689032E+01  3.0972513037E-01
F24      -8.8452918620E-01  9.2522615254E-05  9.9875236409E+01 -9.9956836475E+01  2.7781588287E-01
--------------------------------------------------------------------------------------------------
Total     4.4352086000E-04  7.9391565866E-04  7.6473868192E+02 -7.6536348872E+02
 
1st Largest |L(A)| = 2.9039571117E-04, atom C14     
2nd Largest |L(A)| = 2.8677497007E-04, atom B20     
 
Molecular charge q(Mol) from the wfn file:   0.0000000000E+00
Molecular energy E(Mol) from the wfn file:  -7.6755978174E+02
Molecular virial ratio (-V(Mol)/T(Mol)) from the wfn file:   2.0008170200E+00
Note.  K_Scaled(A) = (1+V(Mol)/T(Mol))*K(A) = (E(Mol)/T(Mol))*K(A)
       Only use K_Scaled(A) data with caution.
 
N_AIMInt(SumA)     =        101.999556
N_Analytic(Mol)    =        102.000000
 
G_AIMInt(SumA)     =        764.737888
G_Analytic(Mol)    =        764.738226
 
K_AIMInt(SumA)     =        764.738682
K_Analytic(Mol)    =        764.738226
 
L_AIMInt(SumA)     =          0.000794
L_Analytic(Mol)    =          0.000000
 
VenT_AIMInt(SumA)  =      -3653.422207
VenT_Analytic(Mol) =      -3653.428070
 
Some Information About the Atomic Calculations:
----------------------------------------------
  Time(sec) = "Elapsed User Time", in Seconds, for Atom A by AIMInt and, if used, by TWOe
  NProc = Number of Processors Used for AIMInt Job
  BIM = Basin Integration Method
  OAQ = Angular Quadrature Outside of Beta Sphere
  ORQ = Multiple of Default for Radial Quadrature Outside of Beta Sphere
  IAQ = Multiple of Default for Angular Quadrature Inside of Beta Sphere
  IRQ = Multiple of Default for Radial Quadrature Inside of Beta Sphere
  MIR = Maximum Integration Radius
------------------------------------------------------------------------------------------------------
Atom A     Time(sec)   NProc      BIM          OAQ                     ORQ      IAQ      IRQ      MIR
------------------------------------------------------------------------------------------------------
C1            189        4    Promega(1)    4500(GS4)                  1.00     1.00     1.00    13.00
C2            646        4    Promega(5)    4500(GS4)                  1.00     1.00     1.00    13.00
N3             75        4     Proaim(5)    4500(GS4)                  1.00     1.00     1.00    13.00
N4            114        4     Proaim(5)    4500(GS4)                  1.00     1.00     1.00    13.00
C5            681        4    Promega(5)    4500(GS4)                  1.00     1.00     1.00    13.00
C6             48        4     Proaim(5)    4500(GS4)                  1.00     1.00     1.00    13.00
H7             11        4     Proaim(5)    1800(GS4)                  1.00     1.00     1.00    13.00
H8             11        4     Proaim(5)    1800(GS4)                  1.00     1.00     1.00    13.00
H9             13        4     Proaim(5)    1800(GS4)                  1.00     1.00     1.00    13.00
C10            65        4     Proaim(5)    4500(GS4)                  1.00     1.00     1.00    13.00
H11            12        4     Proaim(5)    1800(GS4)                  1.00     1.00     1.00    13.00
H12            14        4     Proaim(5)    1800(GS4)                  1.00     1.00     1.00    13.00
H13            10        4     Proaim(5)    1800(GS4)                  1.00     1.00     1.00    13.00
C14            53        4     Proaim(5)    4500(GS4)                  1.00     1.00     1.00    13.00
H15            26        4     Proaim(5)    4500(GS4)                  1.00     1.00     1.00    13.00
H16            13        4     Proaim(5)    1800(GS4)                  1.00     1.00     1.00    13.00
H17            15        4     Proaim(5)    1800(GS4)                  1.00     1.00     1.00    13.00
H18             9        4     Proaim(5)    1800(GS4)                  1.00     1.00     1.00    13.00
H19            11        4     Proaim(5)    1800(GS4)                  1.00     1.00     1.00    13.00
B20            67        4     Proaim(5)    8100(GS8)                  1.00     1.00     1.00    13.00
F21            47        4     Proaim(5)    4500(GS4)                  1.00     1.00     1.00    13.00
F22           156        4    Promega(1)    4500(GS4)                  1.00     1.00     1.00    13.00
F23            24        4     Proaim(5)    2700(GS4)                  1.00     1.00     1.00    13.00
F24            42        4     Proaim(5)    4500(GS4)                  1.00     1.00     1.00    13.00
------------------------------------------------------------------------------------------------------
Total        2352
Note:  Total wall clock time is less than total of atomic times if more than one atom
       was calculated at a time
 
Electron Density Critical Point Analysis of Molecular Structure:               
---------------------------------------------------------------                
  NACP = Nuclear Attractor Critical Point                                      
  NNACP = Non-Nuclear Attractor Critical Point                                 
  BCP = Bond Critical Point                                                    
  RCP = Ring Critical Point                                                    
  CCP = Cage Critical Point                                                    
  Rho = Electron Density                                                       
  GradRho = Gradient of Electron Density                                       
  HessRho_EigVals = Eigenvalues of the Hessian of Rho, Ascending Order         
  HessRho_EigVecs = Eigenvectors of the Hessian of Rho                         
  DelSqRho = Laplacian of Rho = Trace of Hessian of Rho                        
  Bond Ellipticity = (HessRho_EigVal(1) / HessRho_EigVal(2)) - 1               
  V = Virial Field = Potential Energy Density = Trace of Stress Tensor         
  G = Lagrangian Form of Kinetic Energy Density                                
  K = Hamiltonian Form of Kinetic Energy Density                               
  L = K - G = Lagrangian Density = (-1/4)DelSqRho                              
  Vnuc = Electrostatic Potential from Nuclei                                   
  Ven = Electron-nuclear attractive contribution to Virial Field V             
  Vrep = V - Ven = Repulsive contribution to Virial Field V                    
  DelSqV = Laplacian of V                                                      
  DelSqVen = Laplacian of Ven                                                  
  DelSqVrep = Laplacian of Vrep                                                
  DelSqG = Laplacian of G                                                      
  DelSqK = Laplacian of K                                                      
  Stress_EigVals = Eigenvalues of Stress Tensor, Ascending Order               
  Stress_EigVecs = Eigenvectors of Stress Tensor                               
  -DivStress = Ehrenfest Force Density = Minus Divergence of Stress Tensor     
  ESP = Total Electrostatic Potential                                          
  ESPe = Electrostatic Potential from Electrons                                
  ESPn = Electrostatic Potential from Nuclei                                   
  BP = Bond Path                                                               
  BPL = Bond Path Length                                                       
  GBL = Geometric Bond Length                                                  
  GBL_I = Distance Between Nuclear Attractors                                  
  GBL_II = Distance Between Nuclei                                             
  GBL_III = Sum of Distances Between BCP and Nuclear Attractors                
  GBL_IV = Sum of Distances Between BCP and Nuclei                             

CP# 1      Coords =  1.51013925640368E+00 -4.87357891409813E-01 -2.08788867885674E+00
           Type = (3,-3) NACP C1
           Rho =  1.1952464151E+02     Rho at Nucleus =  1.1952463806E+02
           GradRho = -1.9506424254E-11 -1.6080435594E-12  3.2184879761E-11
           HessRho_EigVals = -1.8124219504E+05 -1.8124182937E+05 -1.8123939806E+05
           HessRho_EigVec1 =  8.1927621032E-02 -3.4936684749E-01  9.3339738096E-01
           HessRho_EigVec2 =  9.7152908387E-01 -1.8090442372E-01 -1.5298636758E-01
           HessRho_EigVec3 =  2.2230408026E-01  9.1935651156E-01  3.2459898421E-01
           DelSqRho = -5.4372342247E+05
           Bond Ellipticity = NA
           V = -1.3594499350E+05
           G =  7.0689405458E+00
           K =  1.3593792456E+05
           L =  1.3593085562E+05
           Vnuc =  9.7200346817E+05
           Ven = -1.1617836608E+08
           Vrep =  1.1604242109E+08
           DelSqV =  4.6071992506E+09
           DelSqVen =  5.2850105242E+11
           DelSqVrep = -5.2389385317E+11
           DelSqG =  2.0614106838E+08
           DelSqK = -4.8133403190E+09
           Stress_EigVals = -4.5315598316E+04 -4.5314777658E+04 -4.5314617525E+04
           Stress_EigVec1 =  2.3225584346E-01  9.1639843620E-01  3.2599252952E-01
           Stress_EigVec2 =  4.8152447121E-01 -3.9953494372E-01  7.8006795369E-01
           Stress_EigVec3 =  8.4509845983E-01 -2.4201960145E-02 -5.3406259776E-01
           -DivStress = -5.3746047304E+03  3.2859178576E+03 -6.7759480070E+03
           ESP =  -1.4665259723E+01     ESP at Nucleus =  -1.4665259808E+01
           ESPe = -3.5442791277E+01     ESPe at Nucleus = -3.5442784974E+01
           ESPn =  2.0777531554E+01     ESPn at Nucleus =  2.0777525166E+01

CP# 2      Coords =  1.66799757325745E+00  2.07004595303971E+00 -2.26653760092313E+00
           Type = (3,-3) NACP C2
           Rho =  1.1951022847E+02     Rho at Nucleus =  1.1951022530E+02
           GradRho =  1.3876344518E-11  1.8681721101E-11  2.4715736402E-11
           HessRho_EigVals = -1.8122015178E+05 -1.8121963575E+05 -1.8121752529E+05
           HessRho_EigVec1 =  4.3055317434E-01  4.1928979567E-01  7.9926217933E-01
           HessRho_EigVec2 = -8.9498639520E-01  8.3817513666E-02  4.3814835022E-01
           HessRho_EigVec3 = -1.1671896360E-01  9.0397493973E-01 -4.1134655934E-01
           DelSqRho = -5.4365731282E+05
           Bond Ellipticity = NA
           V = -1.3592848285E+05
           G =  7.0773251544E+00
           K =  1.3592140553E+05
           L =  1.3591432820E+05
           Vnuc =  1.0148723538E+06
           Ven = -1.2128762687E+08
           Vrep =  1.2115169839E+08
           DelSqV =  4.6066419619E+09
           DelSqVen =  5.5174278054E+11
           DelSqVrep = -5.4713613871E+11
           DelSqG =  2.0611582859E+08
           DelSqK = -4.8127577905E+09
           Stress_EigVals = -4.5310052698E+04 -4.5309266113E+04 -4.5309164043E+04
           Stress_EigVec1 = -1.2825030005E-01  9.0098527131E-01 -4.1446037376E-01
           Stress_EigVec2 =  3.8722716068E-01  4.3023219247E-01  8.1544796682E-01
           Stress_EigVec3 =  9.1302080292E-01 -5.5908867320E-02 -4.0406337620E-01
           -DivStress = -5.1905981679E+03 -4.3968963515E+03 -5.6773317218E+03
           ESP =  -1.4663331425E+01     ESP at Nucleus =  -1.4663331508E+01
           ESPe = -3.4464092737E+01     ESPe at Nucleus = -3.4464089441E+01
           ESPn =  1.9800761312E+01     ESPn at Nucleus =  1.9800757933E+01

CP# 3      Coords =  2.52827107939665E+00 -1.14660420404555E+00  2.25513591054136E-01
           Type = (3,-3) NACP N3
           Rho =  1.9376882142E+02     Rho at Nucleus =  1.9376882095E+02
           GradRho =  2.4192339503E-09  4.1290792689E-09  6.1035806747E-10
           HessRho_EigVals = -4.0299574030E+05 -4.0299465434E+05 -4.0298953213E+05
           HessRho_EigVec1 =  4.3977877661E-01  5.3295428566E-01  7.2287921331E-01
           HessRho_EigVec2 = -3.6462134433E-02  8.1482448844E-01 -5.7855990683E-01
           HessRho_EigVec3 =  8.9736566705E-01 -2.2808064897E-01 -3.7777516749E-01
           DelSqRho = -1.2089799268E+06
           Bond Ellipticity = NA
           V = -3.0229264680E+05
           G =  2.3832556861E+01
           K =  3.0226881425E+05
           L =  3.0224498169E+05
           Vnuc =  4.6230438904E+06
           Ven = -8.9580176600E+08
           Vrep =  8.9549947335E+08
           DelSqV =  1.4117169729E+10
           DelSqVen =  5.5891669156E+12
           DelSqVrep = -5.5750498114E+12
           DelSqG =  6.2869946972E+08
           DelSqK = -1.4745869199E+10
           Stress_EigVals = -1.0076487859E+05 -1.0076402563E+05 -1.0076374258E+05
           Stress_EigVec1 =  8.8971640052E-01 -2.8168627342E-01 -3.5924583508E-01
           Stress_EigVec2 =  3.4678274829E-02  8.2636260332E-01 -5.6206962655E-01
           Stress_EigVec3 =  4.5519462201E-01  4.8762453918E-01  7.4499675495E-01
           -DivStress = -3.4919723739E+03 -5.9519805391E+03 -8.7707793879E+02
           ESP =  -1.8238316912E+01     ESP at Nucleus =  -1.8238316919E+01
           ESPe = -3.9234279678E+01     ESPe at Nucleus = -3.9234279322E+01
           ESPn =  2.0995962766E+01     ESPn at Nucleus =  2.0995962404E+01

CP# 4      Coords =  2.80423074032144E+00  2.93296170145606E+00 -8.48905718325040E-02
           Type = (3,-3) NACP N4
           Rho =  1.9372312827E+02     Rho at Nucleus =  1.9372312797E+02
           GradRho = -9.4612294041E-10 -1.0311679568E-09  2.1113534098E-09
           HessRho_EigVals = -4.0289949259E+05 -4.0289881710E+05 -4.0289251154E+05
           HessRho_EigVec1 = -3.1556582277E-01  7.6973978258E-01 -5.5490438691E-01
           HessRho_EigVec2 =  2.3735252776E-01  6.3022522540E-01  7.3924281723E-01
           HessRho_EigVec3 =  9.1873934773E-01  1.0157180895E-01 -3.8157722489E-01
           DelSqRho = -1.2086908212E+06
           Bond Ellipticity = NA
           V = -3.0222052573E+05
           G =  2.3910210030E+01
           K =  3.0219661552E+05
           L =  3.0217270531E+05
           Vnuc =  5.7735633931E+06
           Ven = -1.1184727618E+09
           Vrep =  1.1181705412E+09
           DelSqV =  1.4113812596E+10
           DelSqVen =  6.9784529797E+12
           DelSqVrep = -6.9643392982E+12
           DelSqG =  6.2854733048E+08
           DelSqK = -1.4742359927E+10
           Stress_EigVals = -1.0074099681E+05 -1.0073984188E+05 -1.0073968703E+05
           Stress_EigVec1 =  9.1839330700E-01  1.3436080683E-01 -3.7215710023E-01
           Stress_EigVec2 =  1.6138922276E-01  7.3156919018E-01  6.6238964270E-01
           Stress_EigVec3 = -3.6125787526E-01  6.6839635963E-01 -6.5018386168E-01
           -DivStress =  2.0161434052E+03  2.1516326151E+03 -4.7212356164E+03
           ESP =  -1.8232556466E+01     ESP at Nucleus =  -1.8232556471E+01
           ESPe = -3.7806803770E+01     ESPe at Nucleus = -3.7806802533E+01
           ESPn =  1.9574247304E+01     ESPn at Nucleus =  1.9574246062E+01

CP# 5      Coords =  3.28042299479026E+00  9.48581973485406E-01  1.40366220191262E+00
           Type = (3,-3) NACP C5
           Rho =  1.1954000294E+02     Rho at Nucleus =  1.1954000196E+02
           GradRho = -3.9863976703E-11 -9.5396104210E-12  6.9289886329E-12
           HessRho_EigVals = -1.8126731535E+05 -1.8126624103E+05 -1.8126479087E+05
           HessRho_EigVec1 =  8.9791540338E-01 -6.8895780982E-03 -4.4011414666E-01
           HessRho_EigVec2 = -2.2886088190E-02  9.9779432224E-01 -6.2311455395E-02
           HessRho_EigVec3 =  4.3957269631E-01  6.6022906780E-02  8.9577721585E-01
           DelSqRho = -5.4379834725E+05
           Bond Ellipticity = NA
           V = -1.3596343991E+05
           G =  6.9265483822E+00
           K =  1.3595651336E+05
           L =  1.3594958681E+05
           Vnuc =  1.8257023399E+06
           Ven = -2.1824446309E+08
           Vrep =  2.1810849965E+08
           DelSqV =  4.6078299773E+09
           DelSqVen =  9.9281389978E+11
           DelSqVrep = -9.8820606980E+11
           DelSqG =  2.0617094480E+08
           DelSqK = -4.8140009221E+09
           Stress_EigVals = -4.5321600953E+04 -4.5321209011E+04 -4.5320629946E+04
           Stress_EigVec1 =  4.2617666079E-01  7.5405184914E-02  9.0149182574E-01
           Stress_EigVec2 =  1.2491384037E-02  9.9593449898E-01 -8.9210083884E-02
           Stress_EigVec3 =  9.0455371268E-01 -4.9280136261E-02 -4.2350212402E-01
           -DivStress =  7.4150390812E+02 -1.1007908924E+02  4.8686508074E+03
           ESP =  -1.4587585356E+01     ESP at Nucleus =  -1.4587585372E+01
           ESPe = -3.4607714262E+01     ESPe at Nucleus = -3.4607707732E+01
           ESPn =  2.0020128906E+01     ESPn at Nucleus =  2.0020122360E+01

CP# 6      Coords =  2.88707959650907E+00  5.57139576640959E+00  7.15494493528856E-01
           Type = (3,-3) NACP C6
           Rho =  1.1937146382E+02     Rho at Nucleus =  1.1937145991E+02
           GradRho =  6.9121336259E-13 -3.0843135663E-12  3.3772770821E-12
           HessRho_EigVals = -1.8100947645E+05 -1.8100631746E+05 -1.8100612180E+05
           HessRho_EigVec1 =  4.3967595724E-02  9.5515647096E-01  2.9281899956E-01
           HessRho_EigVec2 =  3.6579624761E-01 -2.8813986139E-01  8.8496809294E-01
           HessRho_EigVec3 =  9.2965582651E-01  6.8202171927E-02 -3.6206146989E-01
           DelSqRho = -5.4302191571E+05
           Bond Ellipticity = NA
           V = -1.3576945876E+05
           G =  6.9899182049E+00
           K =  1.3576246885E+05
           L =  1.3575547893E+05
           Vnuc =  9.1278804199E+05
           Ven = -1.0896084473E+08
           Vrep =  1.0882507527E+08
           DelSqV =  4.6012787624E+09
           DelSqVen =  4.9566391142E+11
           DelSqVrep = -4.9106263266E+11
           DelSqG =  2.0587296575E+08
           DelSqK = -4.8071517282E+09
           Stress_EigVals = -4.5256800765E+04 -4.5256752092E+04 -4.5255905907E+04
           Stress_EigVec1 =  9.2458170529E-01  7.6823150391E-02 -3.7315797433E-01
           Stress_EigVec2 =  3.7895692696E-01 -2.8634312934E-01  8.7999957942E-01
           Stress_EigVec3 =  3.9246882074E-02  9.5504231102E-01  2.9386028381E-01
           -DivStress = -9.6825507840E+02  9.3745529154E+03  2.8235169524E+03
           ESP =  -1.4641484731E+01     ESP at Nucleus =  -1.4641484824E+01
           ESPe = -3.0126944674E+01     ESPe at Nucleus = -3.0126931801E+01
           ESPn =  1.5485459943E+01     ESPn at Nucleus =  1.5485446977E+01

CP# 7      Coords =  3.42336174505057E+00  6.73133596575442E+00 -8.57681843795704E-01
           Type = (3,-3) NACP H7
           Rho =  4.3190219616E-01     Rho at Nucleus =  4.2804409124E-01
           GradRho =  7.6268201823E-16  2.2070832575E-15  1.0547660835E-15
           HessRho_EigVals = -8.4597790125E+00 -8.4523459578E+00 -7.7105930666E+00
           HessRho_EigVec1 =  1.8733539732E-01 -8.0900638305E-01 -5.5714820389E-01
           HessRho_EigVec2 =  9.4626714702E-01 -3.5766848004E-03  3.2336619149E-01
           HessRho_EigVec3 = -2.6359805649E-01 -5.8778897532E-01  7.6486612234E-01
           DelSqRho = -2.4622718037E+01
           Bond Ellipticity = NA
           V = -6.1666382388E+00
           G =  5.4793647552E-03
           K =  6.1611588740E+00
           L =  6.1556795093E+00
           Vnuc =  4.7493387674E+01
           Ven = -2.0512498440E+01
           Vrep =  1.4345860201E+01
           DelSqV =  1.5780187571E+03
           DelSqVen =  1.1694162933E+03
           DelSqVrep =  4.0860246381E+02
           DelSqG =  1.1741646375E+02
           DelSqK = -1.6954352209E+03
           Stress_EigVals = -2.1187584699E+00 -2.1181757263E+00 -1.9297040425E+00
           Stress_EigVec1 =  9.0098380091E-01 -4.3319223838E-01 -2.3930631103E-02
           Stress_EigVec2 =  3.4503898505E-01  6.8201446476E-01  6.4482894526E-01
           Stress_EigVec3 = -2.6301385761E-01 -5.8923743471E-01  7.6395219500E-01
           -DivStress =  4.2254638398E+00  9.4500219220E+00 -1.2220302843E+01
           ESP =  -1.0561379391E+00     ESP at Nucleus =  -1.0575175863E+00
           ESPe = -1.6357689697E+01     ESPe at Nucleus = -1.6275242463E+01
           ESPn =  1.5301551758E+01     ESPn at Nucleus =  1.5217724877E+01

CP# 8      Coords =  4.25335494326142E+00  5.78098659473459E+00  2.19829778068632E+00
           Type = (3,-3) NACP H8
           Rho =  4.3248194611E-01     Rho at Nucleus =  4.2867056942E-01
           GradRho = -2.7125095112E-15  3.5882517931E-15  6.0607663772E-16
           HessRho_EigVals = -8.4687145714E+00 -8.4618548817E+00 -7.7280270883E+00
           HessRho_EigVec1 = -3.0060336304E-01  9.4755835769E-01  1.0849321133E-01
           HessRho_EigVec2 =  6.7920445829E-01  2.9254228085E-01 -6.7312726713E-01
           HessRho_EigVec3 =  6.6956621925E-01  1.2865524742E-01  7.3152505449E-01
           DelSqRho = -2.4658596541E+01
           Bond Ellipticity = NA
           V = -6.1758236413E+00
           G =  5.5872529846E-03
           K =  6.1702363883E+00
           L =  6.1646491353E+00
           Vnuc =  4.7831613427E+01
           Ven = -2.0686309260E+01
           Vrep =  1.4510485619E+01
           DelSqV =  1.5809536916E+03
           DelSqVen =  1.1794604574E+03
           DelSqVrep =  4.0149323420E+02
           DelSqG =  1.1759918860E+02
           DelSqK = -1.6985528802E+03
           Stress_EigVals = -2.1211892708E+00 -2.1205656591E+00 -1.9340687115E+00
           Stress_EigVec1 =  7.4329774226E-01 -1.0804715239E-01 -6.6017746040E-01
           Stress_EigVec2 = -6.9805807508E-03  9.8556378062E-01 -1.6916059182E-01
           Stress_EigVec3 =  6.6892431399E-01  1.3034510805E-01  7.3181310111E-01
           -DivStress =  1.0651998140E+01  2.1628089335E+00  1.1641127533E+01
           ESP =  -1.0514758015E+00     ESP at Nucleus =  -1.0528430178E+00
           ESPe = -1.6466458631E+01     ESPe at Nucleus = -1.6385364995E+01
           ESPn =  1.5414982830E+01     ESPn at Nucleus =  1.5332521977E+01

CP# 9      Coords =  1.04812189443746E+00  6.10743485314680E+00  1.38817155543920E+00
           Type = (3,-3) NACP H9
           Rho =  4.2765590068E-01     Rho at Nucleus =  4.2369269936E-01
           GradRho =  1.0709873743E-13 -3.3368219212E-14 -3.9786096374E-14
           HessRho_EigVals = -8.3853151646E+00 -8.3768846228E+00 -7.6200392363E+00
           HessRho_EigVec1 =  3.3408824305E-01  9.2764790243E-01  1.6689641992E-01
           HessRho_EigVec2 =  2.6445718356E-01 -2.6221465247E-01  9.2806566260E-01
           HessRho_EigVec3 =  9.0468085197E-01 -2.6591886949E-01 -3.3292598415E-01
           DelSqRho = -2.4382239024E+01
           Bond Ellipticity = NA
           V = -6.1061342439E+00
           G =  5.2872439834E-03
           K =  6.1008469999E+00
           L =  6.0955597559E+00
           Vnuc =  4.8213605370E+01
           Ven = -2.0618832829E+01
           Vrep =  1.4512698586E+01
           DelSqV =  1.5610453607E+03
           DelSqVen =  1.1755556503E+03
           DelSqVrep =  3.8548971036E+02
           DelSqG =  1.1628680521E+02
           DelSqK = -1.6773321659E+03
           Stress_EigVals = -2.0996271754E+00 -2.0993997078E+00 -1.9071073607E+00
           Stress_EigVec1 =  2.5446253780E-01  9.6369863968E-01 -8.0831607253E-02
           Stress_EigVec2 =  3.4247417652E-01 -1.1631406955E-02  9.3945524044E-01
           Stress_EigVec3 =  9.0441155194E-01 -2.6673890276E-01 -3.3300165537E-01
           -DivStress = -1.4659476910E+01  4.1814568468E+00  5.3653720169E+00
           ESP =  -1.0660261857E+00     ESP at Nucleus =  -1.0674279963E+00
           ESPe = -1.7681526136E+01     ESPe at Nucleus = -1.7614993505E+01
           ESPn =  1.6615499950E+01     ESPn at Nucleus =  1.6547565509E+01

CP# 10     Coords =  2.58529285273923E+00 -3.68513469638675E+00  1.37548293452540E+00
           Type = (3,-3) NACP C10
           Rho =  1.1938526159E+02     Rho at Nucleus =  1.1938525690E+02
           GradRho = -8.0648613601E-12  3.2482906294E-11  1.2237211055E-11
           HessRho_EigVals = -1.8103390960E+05 -1.8103068877E+05 -1.8102997344E+05
           HessRho_EigVec1 = -6.6171604009E-02  8.9681931124E-01 -4.3742021193E-01
           HessRho_EigVec2 =  2.0484613389E-01  4.4125332153E-01  8.7368962891E-01
           HessRho_EigVec3 =  9.7655485266E-01 -3.1790395150E-02 -2.1290840877E-01
           DelSqRho = -5.4309457181E+05
           Bond Ellipticity = NA
           V = -1.3578741343E+05
           G =  6.8852407670E+00
           K =  1.3578052819E+05
           L =  1.3577364295E+05
           Vnuc =  8.3360021303E+05
           Ven = -9.9519579493E+07
           Vrep =  9.9383792079E+07
           DelSqV =  4.6018928801E+09
           DelSqVen =  4.5272374848E+11
           DelSqVrep = -4.4812185547E+11
           DelSqG =  2.0590402045E+08
           DelSqK = -4.8077969006E+09
           Stress_EigVals = -4.5262883171E+04 -4.5262705574E+04 -4.5261824690E+04
           Stress_EigVec1 =  9.7398570108E-01 -4.5441136752E-02 -2.2200666022E-01
           Stress_EigVec2 =  2.1869046887E-01  4.4521142722E-01  8.6830942866E-01
           Stress_EigVec3 = -5.9382934557E-02  8.9427170824E-01 -4.4356710757E-01
           -DivStress = -2.1901469071E+03 -9.2129547520E+03  5.1408023404E+03
           ESP =  -1.4652340990E+01     ESP at Nucleus =  -1.4652341106E+01
           ESPe = -3.2640691046E+01     ESPe at Nucleus = -3.2640679508E+01
           ESPn =  1.7988350055E+01     ESPn at Nucleus =  1.7988338401E+01

CP# 11     Coords =  4.02662197472280E+00  1.03656307271033E+00  3.25499613749452E+00
           Type = (3,-3) NACP H11
           Rho =  4.2480048821E-01     Rho at Nucleus =  4.2025117941E-01
           GradRho = -7.1895746442E-10 -8.4432030920E-11 -1.8440056345E-09
           HessRho_EigVals = -8.3022357232E+00 -8.2897160946E+00 -7.4614608192E+00
           HessRho_EigVec1 =  7.5290269189E-02  9.9429950773E-01 -7.5497445642E-02
           HessRho_EigVec2 =  9.2787399089E-01 -9.7587554704E-02 -3.5989793858E-01
           HessRho_EigVec3 =  3.6521395427E-01  4.2955303514E-02  9.2993204564E-01
           DelSqRho = -2.4053412637E+01
           Bond Ellipticity = NA
           V = -6.0231416874E+00
           G =  4.8942640440E-03
           K =  6.0182474233E+00
           L =  6.0133531593E+00
           Vnuc =  4.7384418004E+01
           Ven = -2.0128923902E+01
           Vrep =  1.4105782214E+01
           DelSqV =  1.5312976930E+03
           DelSqVen =  1.1397569622E+03
           DelSqVrep =  3.9154073081E+02
           DelSqG =  1.1396679779E+02
           DelSqK = -1.6452644908E+03
           Stress_EigVals = -2.0783169391E+00 -2.0782040250E+00 -1.8666207233E+00
           Stress_EigVec1 =  9.3061152019E-01  7.6086802405E-03 -3.6592937362E-01
           Stress_EigVec2 = -2.2798630983E-02  9.9904746679E-01 -3.7207277959E-02
           Stress_EigVec3 =  3.6529771545E-01  4.2968210259E-02  9.2989854930E-01
           -DivStress =  6.2349506871E+00  7.3187997616E-01  1.6014049451E+01
           ESP =  -9.9161775079E-01     ESP at Nucleus =  -9.9331594784E-01
           ESPe = -1.9097584454E+01     ESPe at Nucleus = -1.8985976153E+01
           ESPn =  1.8105966703E+01     ESPn at Nucleus =  1.7992660205E+01

CP# 12     Coords =  6.93301554647271E-01 -1.81513937404524E+00 -3.32401659564217E+00
           Type = (3,-3) NACP H12
           Rho =  4.2593112172E-01     Rho at Nucleus =  4.2134978198E-01
           GradRho =  4.0766001685E-17 -3.8624702395E-16  3.2461013044E-16
           HessRho_EigVals = -8.3419607983E+00 -8.3316750181E+00 -7.4958101173E+00
           HessRho_EigVec1 =  1.5870878957E-01 -7.3318024924E-01  6.6125505083E-01
           HessRho_EigVec2 = -8.8853716894E-01  1.8594889428E-01  4.1943379469E-01
           HessRho_EigVec3 =  4.3048021967E-01  6.5411752067E-01  6.2194617904E-01
           DelSqRho = -2.4169445934E+01
           Bond Ellipticity = NA
           V = -6.0530432037E+00
           G =  5.3408601539E-03
           K =  6.0477023436E+00
           L =  6.0423614834E+00
           Vnuc =  4.9120073014E+01
           Ven = -2.0921767798E+01
           Vrep =  1.4868724594E+01
           DelSqV =  1.5391726918E+03
           DelSqVen =  1.1872049490E+03
           DelSqVrep =  3.5196774280E+02
           DelSqG =  1.1478909427E+02
           DelSqK = -1.6539617861E+03
           Stress_EigVals = -2.0893222679E+00 -2.0885686034E+00 -1.8751523325E+00
           Stress_EigVec1 = -8.2300916571E-01  6.0609925551E-04  5.6802776851E-01
           Stress_EigVec2 =  3.7070707174E-01 -7.5711095971E-01  5.3792124112E-01
           Stress_EigVec3 =  4.3038608262E-01  6.5328602260E-01  6.2288457403E-01
           -DivStress = -7.6162652861E+00 -1.1289042775E+01 -1.0688006594E+01
           ESP =  -1.0511392224E+00     ESP at Nucleus =  -1.0528252260E+00
           ESPe = -2.0926036310E+01     ESPe at Nucleus = -2.0824409517E+01
           ESPn =  1.9874897088E+01     ESPn at Nucleus =  1.9771584291E+01

CP# 13     Coords =  9.76377502392849E-01  3.31235364693526E+00 -3.66738634830973E+00
           Type = (3,-3) NACP H13
           Rho =  4.2493999749E-01     Rho at Nucleus =  4.2052932837E-01
           GradRho =  1.0132953504E-15 -3.2324945672E-15  6.7719267693E-16
           HessRho_EigVals = -8.3227827040E+00 -8.3111644313E+00 -7.5035470135E+00
           HessRho_EigVec1 =  3.4036578410E-01  7.9484261482E-01  5.0237073031E-01
           HessRho_EigVec2 = -8.6615451732E-01  5.7093097900E-02  4.9650451185E-01
           HessRho_EigVec3 =  3.6596104319E-01 -6.0412382492E-01  7.0788905842E-01
           DelSqRho = -2.4137494149E+01
           Bond Ellipticity = NA
           V = -6.0453456246E+00
           G =  5.4860436760E-03
           K =  6.0398595809E+00
           L =  6.0343735372E+00
           Vnuc =  4.8014170933E+01
           Ven = -2.0403141676E+01
           Vrep =  1.4357796051E+01
           DelSqV =  1.5393417233E+03
           DelSqVen =  1.1589417700E+03
           DelSqVrep =  3.8039995335E+02
           DelSqG =  1.1473704664E+02
           DelSqK = -1.6540787700E+03
           Stress_EigVals = -2.0845499084E+00 -2.0837058050E+00 -1.8770899112E+00
           Stress_EigVec1 = -8.8546888554E-01  7.6719405438E-03  4.6463533450E-01
           Stress_EigVec2 =  2.8583129269E-01  7.9734157632E-01  5.3155139243E-01
           Stress_EigVec3 =  3.6639503934E-01 -6.0347953735E-01  7.0821403766E-01
           -DivStress = -6.3480424389E+00  1.0168950917E+01 -1.2010511469E+01
           ESP =  -1.0443821345E+00     ESP at Nucleus =  -1.0460194429E+00
           ESPe = -1.9263170511E+01     ESPe at Nucleus = -1.9157539038E+01
           ESPn =  1.8218788376E+01     ESPn at Nucleus =  1.8111519595E+01

CP# 14     Coords =  3.15437025366606E+00 -5.74605053361374E+00 -5.43038395351353E-01
           Type = (3,-3) NACP C14
           Rho =  1.1936437728E+02     Rho at Nucleus =  1.1936437708E+02
           GradRho = -3.0032716765E-12  1.0134926598E-09  1.1469557548E-09
           HessRho_EigVals = -1.8099433588E+05 -1.8099354837E+05 -1.8099342389E+05
           HessRho_EigVec1 = -2.7111166138E-01  6.9725762787E-01  6.6357385983E-01
           HessRho_EigVec2 = -6.1657427738E-01 -6.5518824249E-01  4.3653697139E-01
           HessRho_EigVec3 =  7.3914452412E-01 -2.9079230954E-01  6.0754029098E-01
           DelSqRho = -5.4298130814E+05
           Bond Ellipticity = NA
           V = -1.3575957657E+05
           G =  7.1247665612E+00
           K =  1.3575245180E+05
           L =  1.3574532704E+05
           Vnuc =  4.0127086374E+06
           Ven = -4.7897446770E+08
           Vrep =  4.7883870812E+08
           DelSqV =  4.6009373901E+09
           DelSqVen =  2.1788260598E+12
           DelSqVrep = -2.1742251224E+12
           DelSqG =  2.0585479055E+08
           DelSqK = -4.8067921806E+09
           Stress_EigVals = -4.5253281121E+04 -4.5253247633E+04 -4.5253047815E+04
           Stress_EigVec1 =  7.5200014873E-01 -2.7603566190E-01  5.9858173183E-01
           Stress_EigVec2 = -5.9877972469E-01 -6.6575255869E-01  4.4523743317E-01
           Stress_EigVec3 = -2.7560590998E-01  6.9323722055E-01  6.6593058079E-01
           -DivStress = -3.6098445045E+01 -1.4894772145E+03 -1.6661091592E+03
           ESP =  -1.4709109333E+01     ESP at Nucleus =  -1.4709109336E+01
           ESPe = -2.9641096663E+01     ESPe at Nucleus = -2.9641094516E+01
           ESPn =  1.4931987330E+01     ESPn at Nucleus =  1.4931985180E+01

CP# 15     Coords =  7.72467799541923E-01 -3.97285671307144E+00  2.23215743106149E+00
           Type = (3,-3) NACP H15
           Rho =  4.3025289833E-01     Rho at Nucleus =  4.2608486994E-01
           GradRho =  2.1386538374E-13  3.0412413039E-14 -9.3575483733E-14
           HessRho_EigVals = -8.4297663971E+00 -8.4230739003E+00 -7.6323282120E+00
           HessRho_EigVec1 = -2.8023284818E-01  9.0995084962E-01 -3.0571065092E-01
           HessRho_EigVec2 =  3.3364996677E-01  3.9094586140E-01  8.5781060446E-01
           HessRho_EigVec3 =  9.0008180210E-01  1.3838636036E-01 -4.1316094296E-01
           DelSqRho = -2.4485168509E+01
           Bond Ellipticity = NA
           V = -6.1320560576E+00
           G =  5.3819651385E-03
           K =  6.1266740925E+00
           L =  6.1212921273E+00
           Vnuc =  5.0012274523E+01
           Ven = -2.1517926066E+01
           Vrep =  1.5385870008E+01
           DelSqV =  1.5649666815E+03
           DelSqVen =  1.2245589692E+03
           DelSqVrep =  3.4040771228E+02
           DelSqG =  1.1658637316E+02
           DelSqK = -1.6815530547E+03
           Stress_EigVals = -2.1108298488E+00 -2.1107834136E+00 -1.9104427952E+00
           Stress_EigVec1 =  1.1236843857E-01  8.4176314247E-01  5.2802286503E-01
           Stress_EigVec2 =  4.2219836393E-01 -5.2148223045E-01  7.4148824995E-01
