AIMSum (Version 17.11.14, Professional)
Copyright (c) 1997-2017 by Todd A. Keith
AIMSum is a component of the AIMAll package ( http://aim.tkgristmill.com )

TP:  64-bit Linux

Much of the Quantum Theory of Atoms in Molecules (QTAIM) is described in the book:
  "Atoms in Molecules - A Quantum Theory"
  R.F.W. Bader, Oxford University Press, Oxford, 1990

For additional references see:  http://aim.tkgristmill.com/references.html

Wfn File:  /home/localuser/Desktop/AIMAll/emimbf4/wfn/290.wfn
Sum File:  /home/localuser/Desktop/AIMAll/emimbf4/wfn/290.sum

SumViz File:  /home/localuser/Desktop/AIMAll/emimbf4/wfn/290.sumviz

Wfn Title:  B3LYP                                                                          
 
Total memory allocated for AIMSum =        1.450 Megabytes

Atomic units (a.u.) used throughout, except where stated otherwise

Model:  Restricted SCF
 
Restricted, closed-shell, single-determinant wavefunction.
  Number of electrons (from MO Occs)                   =         102.0000000000
  Number of Alpha electrons (from MO Occs)             =          51.0000000000
  Number of Beta electrons (from MO Occs)              =          51.0000000000
  Number of electron pairs (N*(N-1)/2)                 =        5151.0000000000
  Number of electron pairs (from Muller 2EDM)          =        5151.0000000000
 
Nuclear Charges and Cartesian Coordinates:
-------------------------------------------------------------------------------
Atom      Charge                X                  Y                  Z
-------------------------------------------------------------------------------
C1         6.0           1.6089191600E+00  -5.4300359000E-01  -2.0983886700E+00
C2         6.0           1.8507491900E+00   2.0066866400E+00  -2.2750948700E+00
N3         7.0           2.5690171600E+00  -1.2386047600E+00   2.2716666000E-01
N4         7.0           2.9578008400E+00   2.8328163700E+00  -6.3832490000E-02
C5         6.0           3.3417650900E+00   8.3493678000E-01   1.4326238900E+00
C6         6.0           3.1330494800E+00   5.4694247600E+00   7.2732495000E-01
H7         1.0           3.7688822300E+00   6.6135992000E+00  -8.6088966000E-01
H8         1.0           4.4915308500E+00   5.6328982600E+00   2.2647146800E+00
H9         1.0           1.2756899200E+00   6.1005143700E+00   1.3605563100E+00
C10        6.0           2.4621484400E+00  -3.7732866700E+00   1.3869804200E+00
H11        1.0           4.0635420400E+00   8.9981113000E-01   3.3311177900E+00
H12        1.0           7.4404495000E-01  -1.8675849700E+00  -3.3618745300E+00
H13        1.0           1.2089400500E+00   3.2914003500E+00  -3.7098609600E+00
C14        6.0           2.8802596900E+00  -5.8727113900E+00  -5.2847391000E-01
H15        1.0           6.0260264000E-01  -3.9385778600E+00   2.2547352000E+00
H16        1.0           3.9140904800E+00  -3.8047222400E+00   2.8520160000E+00
H17        1.0           1.3343883300E+00  -5.9457483800E+00  -1.8896269300E+00
H18        1.0           2.9168573800E+00  -7.6822494700E+00   4.6197831000E-01
H19        1.0           4.6685638400E+00  -5.6451982900E+00  -1.5358165500E+00
B20        5.0          -3.3548729800E+00   8.2794790000E-02   1.3808059000E-01
F21        9.0          -3.2852922400E+00   1.3440200000E+00  -2.2098147400E+00
F22        9.0          -1.7003833800E+00   1.3191382000E+00   1.8780191600E+00
F23        9.0          -5.7905628700E+00   1.0088858000E-01   1.1180084400E+00
F24        9.0          -2.5404749200E+00  -2.4642538800E+00  -1.9264685000E-01
 
Some Atomic Properties:
----------------------
  q(A) = Net Charge of Atom A
  L(A) = Lagrangian of Atom A = -(1/4) Times Atomic Integral of the Laplacian of the Electron Density
  K(A) = Electronic Kinetic Energy of Atom A (Hamiltonian Form)
  K_Scaled(A) = K(A) * E(Mol)/K(Mol) = Approximation to Virial-Based Total Energy of Atom A.
  |Mu_Intra(A)| = Magnitude of Intraatomic Dipole Moment of Atom A
--------------------------------------------------------------------------------------------------
Atom A          q(A)              L(A)              K(A)          K_Scaled(A)      |Mu_Intra(A)|
--------------------------------------------------------------------------------------------------
C1        5.6324882340E-01  5.8184759570E-05  3.7477750509E+01 -3.7510648853E+01  7.8442227607E-01
C2        5.4534397340E-01 -2.6327568135E-04  3.7473324416E+01 -3.7506218875E+01  7.7498419648E-01
N3       -1.5432165120E+00  1.8914053576E-04  5.5400201615E+01 -5.5448832466E+01  2.0898044897E-01
N4       -1.5620487890E+00  3.5894803426E-04  5.5407113723E+01 -5.5455750642E+01  1.7219497524E-01
C5        1.3568447269E+00  4.9908644867E-04  3.6959291890E+01 -3.6991735126E+01  8.8004261608E-01
C6        5.3354330920E-01 -4.0192672382E-04  3.7431209543E+01 -3.7464067033E+01  6.1729171461E-01
H7        2.3607246780E-02  2.3340640015E-05  6.1283473054E-01 -6.1337268299E-01  1.2163945943E-01
H8        1.1896464240E-02  2.4201110079E-05  6.1742515033E-01 -6.1796713231E-01  1.2087781400E-01
H9        6.4008748710E-02  1.8353092163E-05  5.9561872857E-01 -5.9614156864E-01  1.2055861561E-01
C10       4.8267494270E-01 -2.0115922748E-06  3.7473303249E+01 -3.7506197689E+01  6.1622709933E-01
H11       1.1960879178E-01  1.6390681785E-05  5.6922477683E-01 -5.6972444804E-01  1.1382345666E-01
H12       1.3142860489E-01  1.8419636085E-05  5.6916382025E-01 -5.6966343794E-01  1.1261007200E-01
H13       1.0562991310E-01  2.3978046483E-05  5.7420174912E-01 -5.7470578916E-01  1.1663046872E-01
C14       1.4597044040E-01 -1.6202223069E-04  3.7682203307E+01 -3.7715281122E+01  9.7205724993E-02
H15       9.2318630440E-02 -1.8183810313E-04  5.9424279031E-01 -5.9476442257E-01  1.1731227900E-01
H16      -2.2425480500E-02  3.3298015066E-05  6.3903308743E-01 -6.3959403707E-01  1.2223425815E-01
H17       2.0472710600E-03  3.4907889252E-05  6.2006942730E-01 -6.2061373045E-01  1.1820011218E-01
H18      -1.1554595500E-02  1.9659655310E-05  6.2104884202E-01 -6.2159400491E-01  1.2493407236E-01
H19      -3.0566478100E-02  2.9360855894E-05  6.2942609442E-01 -6.2997861094E-01  1.2765541561E-01
B20       2.5174302001E+00  1.3376671751E-04  2.3296009316E+01 -2.3316458786E+01  6.5523039313E-03
F21      -8.8328039010E-01  4.8866320924E-05  9.9865551078E+01 -9.9953214058E+01  2.9049988028E-01
F22      -8.8863723180E-01  7.0739572523E-05  9.9860071213E+01 -9.9947729383E+01  2.6361397796E-01
F23      -8.6787174450E-01  2.0327215209E-05  9.9860240367E+01 -9.9947898685E+01  3.1743232756E-01
F24      -8.8542253650E-01  3.6113317156E-05  9.9868997936E+01 -9.9956663941E+01  2.7322440946E-01
--------------------------------------------------------------------------------------------------
Total     5.7832910000E-04  6.4600821245E-04  7.6469755736E+02 -7.6536881652E+02
 
1st Largest |L(A)| = 4.9908644867E-04, atom C5      
2nd Largest |L(A)| = 4.0192672382E-04, atom C6      
 
Molecular charge q(Mol) from the wfn file:   0.0000000000E+00
Molecular energy E(Mol) from the wfn file:  -7.6756369427E+02
Molecular virial ratio (-V(Mol)/T(Mol)) from the wfn file:   2.0008778100E+00
Note.  K_Scaled(A) = (1+V(Mol)/T(Mol))*K(A) = (E(Mol)/T(Mol))*K(A)
       Only use K_Scaled(A) data with caution.
 
N_AIMInt(SumA)     =        101.999422
N_Analytic(Mol)    =        102.000000
 
G_AIMInt(SumA)     =        764.696911
G_Analytic(Mol)    =        764.697361
 
K_AIMInt(SumA)     =        764.697557
K_Analytic(Mol)    =        764.697361
 
L_AIMInt(SumA)     =          0.000646
L_Analytic(Mol)    =          0.000000
 
VenT_AIMInt(SumA)  =      -3643.417581
VenT_Analytic(Mol) =      -3643.426573
 
Some Information About the Atomic Calculations:
----------------------------------------------
  Time(sec) = "Elapsed User Time", in Seconds, for Atom A by AIMInt and, if used, by TWOe
  NProc = Number of Processors Used for AIMInt Job
  BIM = Basin Integration Method
  OAQ = Angular Quadrature Outside of Beta Sphere
  ORQ = Multiple of Default for Radial Quadrature Outside of Beta Sphere
  IAQ = Multiple of Default for Angular Quadrature Inside of Beta Sphere
  IRQ = Multiple of Default for Radial Quadrature Inside of Beta Sphere
  MIR = Maximum Integration Radius
------------------------------------------------------------------------------------------------------
Atom A     Time(sec)   NProc      BIM          OAQ                     ORQ      IAQ      IRQ      MIR
------------------------------------------------------------------------------------------------------
C1            294        4     Proaim(5)    4500(GS4)                  1.00     1.00     1.00    13.00
C2             71        4     Proaim(5)    4500(GS4)                  1.00     1.00     1.00    13.00
N3            133        4     Proaim(5)    4500(GS4)                  1.00     1.00     1.00    13.00
N4            111        4     Proaim(5)    4500(GS4)                  1.00     1.00     1.00    13.00
C5            183        4    Promega(1)    4500(GS4)                  1.00     1.00     1.00    13.00
C6             47        4     Proaim(5)    4500(GS4)                  1.00     1.00     1.00    13.00
H7             11        4     Proaim(5)    1800(GS4)                  1.00     1.00     1.00    13.00
H8             11        4     Proaim(5)    1800(GS4)                  1.00     1.00     1.00    13.00
H9             13        4     Proaim(5)    1800(GS4)                  1.00     1.00     1.00    13.00
C10            67        4     Proaim(5)    4500(GS4)                  1.00     1.00     1.00    13.00
H11            12        4     Proaim(5)    1800(GS4)                  1.00     1.00     1.00    13.00
H12            14        4     Proaim(5)    1800(GS4)                  1.00     1.00     1.00    13.00
H13            12        4     Proaim(5)    1800(GS4)                  1.00     1.00     1.00    13.00
C14            52        4     Proaim(5)    4500(GS4)                  1.00     1.00     1.00    13.00
H15            27        4     Proaim(5)    4500(GS4)                  1.00     1.00     1.00    13.00
H16            12        4     Proaim(5)    1800(GS4)                  1.00     1.00     1.00    13.00
H17            15        4     Proaim(5)    1800(GS4)                  1.00     1.00     1.00    13.00
H18            11        4     Proaim(5)    1800(GS4)                  1.00     1.00     1.00    13.00
H19            10        4     Proaim(5)    1800(GS4)                  1.00     1.00     1.00    13.00
B20            62        4     Proaim(5)    4500(GS4)                  1.00     1.00     1.00    13.00
F21            46        4     Proaim(5)    4500(GS4)                  1.00     1.00     1.00    13.00
F22           157        4    Promega(1)    4500(GS4)                  1.00     1.00     1.00    13.00
F23            24        4     Proaim(5)    2700(GS4)                  1.00     1.00     1.00    13.00
F24            47        4     Proaim(5)    5400(GS5)                  1.00     1.00     1.00    13.00
------------------------------------------------------------------------------------------------------
Total        1442
Note:  Total wall clock time is less than total of atomic times if more than one atom
       was calculated at a time
 
Electron Density Critical Point Analysis of Molecular Structure:               
---------------------------------------------------------------                
  NACP = Nuclear Attractor Critical Point                                      
  NNACP = Non-Nuclear Attractor Critical Point                                 
  BCP = Bond Critical Point                                                    
  RCP = Ring Critical Point                                                    
  CCP = Cage Critical Point                                                    
  Rho = Electron Density                                                       
  GradRho = Gradient of Electron Density                                       
  HessRho_EigVals = Eigenvalues of the Hessian of Rho, Ascending Order         
  HessRho_EigVecs = Eigenvectors of the Hessian of Rho                         
  DelSqRho = Laplacian of Rho = Trace of Hessian of Rho                        
  Bond Ellipticity = (HessRho_EigVal(1) / HessRho_EigVal(2)) - 1               
  V = Virial Field = Potential Energy Density = Trace of Stress Tensor         
  G = Lagrangian Form of Kinetic Energy Density                                
  K = Hamiltonian Form of Kinetic Energy Density                               
  L = K - G = Lagrangian Density = (-1/4)DelSqRho                              
  Vnuc = Electrostatic Potential from Nuclei                                   
  Ven = Electron-nuclear attractive contribution to Virial Field V             
  Vrep = V - Ven = Repulsive contribution to Virial Field V                    
  DelSqV = Laplacian of V                                                      
  DelSqVen = Laplacian of Ven                                                  
  DelSqVrep = Laplacian of Vrep                                                
  DelSqG = Laplacian of G                                                      
  DelSqK = Laplacian of K                                                      
  Stress_EigVals = Eigenvalues of Stress Tensor, Ascending Order               
  Stress_EigVecs = Eigenvectors of Stress Tensor                               
  -DivStress = Ehrenfest Force Density = Minus Divergence of Stress Tensor     
  ESP = Total Electrostatic Potential                                          
  ESPe = Electrostatic Potential from Electrons                                
  ESPn = Electrostatic Potential from Nuclei                                   
  BP = Bond Path                                                               
  BPL = Bond Path Length                                                       
  GBL = Geometric Bond Length                                                  
  GBL_I = Distance Between Nuclear Attractors                                  
  GBL_II = Distance Between Nuclei                                             
  GBL_III = Sum of Distances Between BCP and Nuclear Attractors                
  GBL_IV = Sum of Distances Between BCP and Nuclei                             

CP# 1      Coords =  1.60892253911686E+00 -5.43005927341612E-01 -2.09838416751321E+00
           Type = (3,-3) NACP C1
           Rho =  1.1952382140E+02     Rho at Nucleus =  1.1952381804E+02
           GradRho = -3.3995306570E-12  3.8409379843E-12  2.9287711145E-11
           HessRho_EigVals = -1.8124103814E+05 -1.8124075208E+05 -1.8123826482E+05
           HessRho_EigVec1 =  6.7501259220E-02 -3.5297350221E-01  9.3319520291E-01
           HessRho_EigVec2 = -9.6742723712E-01  2.0557115829E-01  1.4773300160E-01
           HessRho_EigVec3 =  2.4398385374E-01  9.1277062048E-01  3.2759986797E-01
           DelSqRho = -5.4372005504E+05
           Bond Ellipticity = NA
           V = -1.3594414335E+05
           G =  7.0647959980E+00
           K =  1.3593707856E+05
           L =  1.3593001376E+05
           Vnuc =  9.8436836791E+05
           Ven = -1.1765546900E+08
           Vrep =  1.1751952486E+08
           DelSqV =  4.6071709669E+09
           DelSqVen =  5.3522082406E+11
           DelSqVrep = -5.3061365335E+11
           DelSqG =  2.0613991984E+08
           DelSqK = -4.8133108867E+09
           Stress_EigVals = -4.5315317011E+04 -4.5314500130E+04 -4.5314326210E+04
           Stress_EigVec1 =  2.5578263335E-01  9.0954336125E-01  3.2757612624E-01
           Stress_EigVec2 =  4.1832980728E-01 -4.0961599528E-01  8.1068792316E-01
           Stress_EigVec3 =  8.7153623953E-01 -7.0325034047E-02 -4.8526175696E-01
           -DivStress = -5.0640815003E+03  3.5046378929E+03 -6.7478711668E+03
           ESP =  -1.4663655255E+01     ESP at Nucleus =  -1.4663655340E+01
           ESPe = -3.5274169671E+01     ESPe at Nucleus = -3.5274163429E+01
           ESPn =  2.0610514416E+01     ESPn at Nucleus =  2.0610508088E+01

CP# 2      Coords =  1.85075260598834E+00  2.00668948156795E+00 -2.27509099895685E+00
           Type = (3,-3) NACP C2
           Rho =  1.1950723279E+02     Rho at Nucleus =  1.1950722964E+02
           GradRho = -3.4368341506E-12 -1.8094907517E-11 -2.8770916205E-11
           HessRho_EigVals = -1.8121565500E+05 -1.8121512182E+05 -1.8121301521E+05
           HessRho_EigVec1 =  4.1342459222E-01  4.0579304728E-01  8.1511478291E-01
           HessRho_EigVec2 = -9.0772222002E-01  1.1332592733E-01  4.0397723385E-01
           HessRho_EigVec3 = -7.1557514107E-02  9.0691192349E-01 -4.1519909104E-01
           DelSqRho = -5.4364379203E+05
           Bond Ellipticity = NA
           V = -1.3592510299E+05
           G =  7.0774917944E+00
           K =  1.3591802550E+05
           L =  1.3591094801E+05
           Vnuc =  1.0181619755E+06
           Ven = -1.2167772021E+08
           Vrep =  1.2154179511E+08
           DelSqV =  4.6065280485E+09
           DelSqVen =  5.5351743616E+11
           DelSqVrep = -5.4891090811E+11
           DelSqG =  2.0611074511E+08
           DelSqK = -4.8126387936E+09
           Stress_EigVals = -4.5308926514E+04 -4.5308136638E+04 -4.5308039840E+04
           Stress_EigVec1 = -8.7443750213E-02  9.0464301742E-01 -4.1710262715E-01
           Stress_EigVec2 =  4.0379208901E-01  4.1495461117E-01  8.1533098771E-01
           Stress_EigVec3 =  9.1066214339E-01 -9.7127141919E-02 -4.0157288118E-01
           -DivStress = -5.1197878626E+03 -4.2597456968E+03 -5.8000245251E+03
           ESP =  -1.4662071385E+01     ESP at Nucleus =  -1.4662071470E+01
           ESPe = -3.4318906796E+01     ESPe at Nucleus = -3.4318903336E+01
           ESPn =  1.9656835410E+01     ESPn at Nucleus =  1.9656831867E+01

CP# 3      Coords =  2.56901766034229E+00 -1.23860340221543E+00  2.27166979994866E-01
           Type = (3,-3) NACP N3
           Rho =  1.9376754569E+02     Rho at Nucleus =  1.9376754525E+02
           GradRho =  1.5012665100E-09  4.1293243712E-09  9.8198869674E-10
           HessRho_EigVals = -4.0299324205E+05 -4.0299212634E+05 -4.0298702571E+05
           HessRho_EigVec1 =  4.3575648927E-01  5.2585362581E-01  7.3047535638E-01
           HessRho_EigVec2 =  9.7425905250E-03  8.0877776153E-01 -5.8803368474E-01
           HessRho_EigVec3 =  9.0001186881E-01 -2.6335621632E-01 -3.4730698141E-01
           DelSqRho = -1.2089723941E+06
           Bond Ellipticity = NA
           V = -3.0229075351E+05
           G =  2.3827492793E+01
           K =  3.0226692602E+05
           L =  3.0224309852E+05
           Vnuc =  4.7233740635E+06
           Ven = -9.1523659967E+08
           Vrep =  9.1493430892E+08
           DelSqV =  1.4117082346E+10
           DelSqVen =  5.7104293560E+12
           DelSqVrep = -5.6963122737E+12
           DelSqG =  6.2869575824E+08
           DelSqK = -1.4745778105E+10
           Stress_EigVals = -1.0076424756E+05 -1.0076339735E+05 -1.0076310859E+05
           Stress_EigVec1 =  8.9128838884E-01 -3.1548582471E-01 -3.2568957970E-01
           Stress_EigVec2 =  8.2292185586E-02  8.1888516540E-01 -5.6802736033E-01
           Stress_EigVec3 =  4.4590694557E-01  4.7947448347E-01  7.5582485775E-01
           -DivStress = -2.3019515101E+03 -6.2358306528E+03 -1.4694480121E+03
           ESP =  -1.8237440167E+01     ESP at Nucleus =  -1.8237440174E+01
           ESPe = -3.9094773597E+01     ESPe at Nucleus = -3.9094772877E+01
           ESPn =  2.0857333430E+01     ESPn at Nucleus =  2.0857332703E+01

CP# 4      Coords =  2.95780048211541E+00  2.83281591609429E+00 -6.38315269654698E-02
           Type = (3,-3) NACP N4
           Rho =  1.9372384257E+02     Rho at Nucleus =  1.9372384231E+02
           GradRho = -5.8316951962E-10 -7.7856198706E-10  1.6979411644E-09
           HessRho_EigVals = -4.0290104630E+05 -4.0290037022E+05 -4.0289414153E+05
           HessRho_EigVec1 = -2.7492072347E-01  7.7067916921E-01 -5.7486712721E-01
           HessRho_EigVec2 =  2.3781776844E-01  6.3383481751E-01  7.3600009044E-01
           HessRho_EigVec3 =  9.3159073891E-01  6.5628059989E-02 -3.5753552679E-01
           DelSqRho = -1.2086955580E+06
           Bond Ellipticity = NA
           V = -3.0222169819E+05
           G =  2.3904337851E+01
           K =  3.0219779385E+05
           L =  3.0217388951E+05
           Vnuc =  6.2322896955E+06
           Ven = -1.2073431078E+09
           Vrep =  1.2070408861E+09
           DelSqV =  1.4113867592E+10
           DelSqVen =  7.5329415414E+12
           DelSqVrep = -7.5188275427E+12
           DelSqG =  6.2854991863E+08
           DelSqK = -1.4742417511E+10
           Stress_EigVals = -1.0074137457E+05 -1.0074023944E+05 -1.0074008418E+05
           Stress_EigVec1 =  9.3265912653E-01  9.8375280649E-02 -3.4708681603E-01
           Stress_EigVec2 =  1.6561535027E-01  7.3797404420E-01  6.5419100104E-01
           Stress_EigVec3 = -3.2049728464E-01  6.6762011223E-01 -6.7198577090E-01
           -DivStress =  1.6404738949E+03  2.0845320792E+03 -4.4222735232E+03
           ESP =  -1.8231042789E+01     ESP at Nucleus =  -1.8231042792E+01
           ESPe = -3.7722898709E+01     ESPe at Nucleus = -3.7722897629E+01
           ESPn =  1.9491855921E+01     ESPn at Nucleus =  1.9491854837E+01

CP# 5      Coords =  3.34176473582814E+00  8.34936851476289E-01  1.43262057649036E+00
           Type = (3,-3) NACP C5
           Rho =  1.1954009368E+02     Rho at Nucleus =  1.1954009267E+02
           GradRho =  1.4525991521E-11  6.4620028078E-12 -9.1306823213E-13
           HessRho_EigVals = -1.8126757789E+05 -1.8126649745E+05 -1.8126502773E+05
           HessRho_EigVec1 =  9.0478748743E-01 -6.4235233528E-02 -4.2099101814E-01
           HessRho_EigVec2 =  3.5272547620E-02  9.9646582619E-01 -7.6234536910E-02
           HessRho_EigVec3 =  4.2440010599E-01  5.4126629372E-02  9.0385555153E-01
           DelSqRho = -5.4379910307E+05
           Bond Ellipticity = NA
           V = -1.3596362079E+05
           G =  6.9225114169E+00
           K =  1.3595669828E+05
           L =  1.3594977577E+05
           Vnuc =  1.8001186356E+06
           Ven = -2.1518635034E+08
           Vrep =  2.1505038672E+08
           DelSqV =  4.6078363964E+09
           DelSqVen =  9.7890287616E+11
           DelSqVrep = -9.7429503976E+11
           DelSqG =  2.0617135329E+08
           DelSqK = -4.8140077497E+09
           Stress_EigVals = -4.5321664987E+04 -4.5321268611E+04 -4.5320687193E+04
           Stress_EigVec1 =  4.1006397556E-01  6.2317979840E-02  9.0992527459E-01
           Stress_EigVec2 =  5.5776224371E-02  9.9408223936E-01 -9.3217563713E-02
           Stress_EigVec3 =  9.1034968487E-01 -8.8977361044E-02 -4.0416145348E-01
           -DivStress =  5.2997286729E+02 -1.0707698379E+02  4.9667335382E+03
           ESP =  -1.4586245665E+01     ESP at Nucleus =  -1.4586245682E+01
           ESPe = -3.4520257335E+01     ESPe at Nucleus = -3.4520250859E+01
           ESPn =  1.9934011669E+01     ESPn at Nucleus =  1.9934005178E+01

CP# 6      Coords =  3.13304990174200E+00  5.46941844901727E+00  7.27323099241116E-01
           Type = (3,-3) NACP C6
           Rho =  1.1937126338E+02     Rho at Nucleus =  1.1937125945E+02
           GradRho = -3.5000290860E-11  2.2296687283E-11 -1.1454131914E-12
           HessRho_EigVals = -1.8100917242E+05 -1.8100600759E+05 -1.8100581130E+05
           HessRho_EigVec1 =  7.9007413335E-02  9.5413148487E-01  2.8877489193E-01
           HessRho_EigVec2 =  3.2633986419E-01 -2.9847377829E-01  8.9689224365E-01
           HessRho_EigVec3 =  9.4194486127E-01  2.3377622805E-02 -3.3495278036E-01
           DelSqRho = -5.4302099132E+05
           Bond Ellipticity = NA
           V = -1.3576922888E+05
           G =  6.9905254459E+00
           K =  1.3576223836E+05
           L =  1.3575524783E+05
           Vnuc =  9.1044833934E+05
           Ven = -1.0868136851E+08
           Vrep =  1.0854559928E+08
           DelSqV =  4.6012709767E+09
           DelSqVen =  4.9439256064E+11
           DelSqVrep = -4.8979128966E+11
           DelSqG =  2.0587261228E+08
           DelSqK = -4.8071435890E+09
           Stress_EigVals = -4.5256724929E+04 -4.5256675617E+04 -4.5255828335E+04
           Stress_EigVec1 =  9.3920990849E-01  3.0453353510E-02 -3.4199026456E-01
           Stress_EigVec2 =  3.3516344846E-01 -2.9744780835E-01  8.9397442028E-01
           Stress_EigVec3 =  7.4499735622E-02  9.5425226988E-01  2.8957277984E-01
           -DivStress = -6.3184648709E+02  9.4454939438E+03  2.7700466343E+03
           ESP =  -1.4640762990E+01     ESP at Nucleus =  -1.4640763084E+01
           ESPe = -3.0072587475E+01     ESPe at Nucleus = -3.0072574628E+01
           ESPn =  1.5431824486E+01     ESPn at Nucleus =  1.5431811545E+01

CP# 7      Coords =  3.75928887055765E+00  6.59578144967355E+00 -8.37325570578671E-01
           Type = (3,-3) NACP H7
           Rho =  4.3182573135E-01     Rho at Nucleus =  4.2796909398E-01
           GradRho =  1.1812382669E-15  5.4658697273E-16  5.8685153091E-16
           HessRho_EigVals = -8.4581763393E+00 -8.4506979324E+00 -7.7092117244E+00
           HessRho_EigVec1 =  1.6557024829E-01 -8.1955922667E-01 -5.4855188166E-01
           HessRho_EigVec2 =  9.3671358883E-01 -4.3291943749E-02  3.4740964308E-01
           HessRho_EigVec3 = -3.0847065562E-01 -5.7135670259E-01  7.6052440660E-01
           DelSqRho = -2.4618085996E+01
           Bond Ellipticity = NA
           V = -6.1654865254E+00
           G =  5.4825132015E-03
           K =  6.1600040122E+00
           L =  6.1545214990E+00
           Vnuc =  4.7453705530E+01
           Ven = -2.0491731096E+01
           Vrep =  1.4326244570E+01
           DelSqV =  1.5777296089E+03
           DelSqVen =  1.1682194036E+03
           DelSqVrep =  4.0951020528E+02
           DelSqG =  1.1739321879E+02
           DelSqK = -1.6951228276E+03
           Stress_EigVals = -2.1183491175E+00 -2.1177754749E+00 -1.9293619330E+00
           Stress_EigVec1 =  8.8015951676E-01 -4.7467662302E-01 -1.1526555956E-03
           Stress_EigVec2 =  3.6124063339E-01  6.6824388688E-01  6.5035014602E-01
           Stress_EigVec3 = -3.0793575604E-01 -5.7282825629E-01  7.5963370051E-01
           -DivStress =  4.9440248931E+00  9.1842136366E+00 -1.2147130943E+01
           ESP =  -1.0554692975E+00     ESP at Nucleus =  -1.0568463111E+00
           ESPe = -1.6314216952E+01     ESPe at Nucleus = -1.6231931457E+01
           ESPn =  1.5258747655E+01     ESPn at Nucleus =  1.5175085146E+01

CP# 8      Coords =  4.47127627364966E+00  5.62944109352245E+00  2.24169317730986E+00
           Type = (3,-3) NACP H8
           Rho =  4.3238229207E-01     Rho at Nucleus =  4.2856962919E-01
           GradRho = -1.8350104829E-15 -1.9534951456E-15  4.7606893877E-16
           HessRho_EigVals = -8.4666673754E+00 -8.4597877804E+00 -7.7258518714E+00
           HessRho_EigVec1 = -2.6259541181E-01  9.6007723947E-01  9.6412364101E-02
           HessRho_EigVec2 =  7.0683640384E-01  2.5941684731E-01 -6.5809208895E-01
           HessRho_EigVec3 =  6.5683022761E-01  1.0466419438E-01  7.4673921721E-01
           DelSqRho = -2.4652307027E+01
           Bond Ellipticity = NA
           V = -6.1742499141E+00
           G =  5.5865786313E-03
           K =  6.1686633354E+00
           L =  6.1630767568E+00
           Vnuc =  4.7788918212E+01
           Ven = -2.0663081992E+01
           Vrep =  1.4488832078E+01
           DelSqV =  1.5805220154E+03
           DelSqVen =  1.1781070842E+03
           DelSqVrep =  4.0241493113E+02
           DelSqG =  1.1756650285E+02
           DelSqK = -1.6980885182E+03
           Stress_EigVals = -2.1206731932E+00 -2.1200525311E+00 -1.9335241898E+00
           Stress_EigVec1 =  7.5366649526E-01 -1.3970663216E-01 -6.4223739446E-01
           Stress_EigVec2 =  3.6029478832E-02  9.8446052221E-01 -1.7187017443E-01
           Stress_EigVec3 =  6.5626876398E-01  1.0639331340E-01  7.4698846865E-01
           -DivStress =  1.0454166193E+01  1.7821183201E+00  1.1883400689E+01
           ESP =  -1.0507612965E+00     ESP at Nucleus =  -1.0521267560E+00
           ESPe = -1.6432717685E+01     ESPe at Nucleus = -1.6351843128E+01
           ESPn =  1.5381956388E+01     ESPn at Nucleus =  1.5299716372E+01

CP# 9      Coords =  1.30426714698883E+00  6.09096870739689E+00  1.35079999240797E+00
           Type = (3,-3) NACP H9
           Rho =  4.2770128117E-01     Rho at Nucleus =  4.2373246028E-01
           GradRho =  9.9924354815E-14 -3.6349124665E-14 -3.4226436594E-14
           HessRho_EigVals = -8.3858696793E+00 -8.3774298163E+00 -7.6197648591E+00
           HessRho_EigVec1 =  3.7138958046E-01  9.1280387191E-01  1.6987898917E-01
           HessRho_EigVec2 =  2.2958745526E-01 -2.6756779273E-01  9.3578687567E-01
           HessRho_EigVec3 =  8.9964402955E-01 -3.0853941033E-01 -3.0894020839E-01
           DelSqRho = -2.4383064355E+01
           Bond Ellipticity = NA
           V = -6.1063386869E+00
           G =  5.2862990920E-03
           K =  6.1010523878E+00
           L =  6.0957660887E+00
           Vnuc =  4.8124681452E+01
           Ven = -2.0582987913E+01
           Vrep =  1.4476649226E+01
           DelSqV =  1.5610194041E+03
           DelSqVen =  1.1734272049E+03
           DelSqVrep =  3.8759219918E+02
           DelSqG =  1.1628238194E+02
           DelSqK = -1.6773017860E+03
           Stress_EigVals = -2.0997608874E+00 -2.0995456784E+00 -1.9070321211E+00
           Stress_EigVec1 =  2.9131829998E-01  9.5092876206E-01 -1.0425036007E-01
           Stress_EigVec2 = -3.2610894474E-01 -3.7320883563E-03 -9.4532482654E-01
           Stress_EigVec3 =  8.9932563861E-01 -3.0938739631E-01 -3.0901914948E-01
           -DivStress = -1.4592281330E+01  4.8777235068E+00  4.9825819068E+00
           ESP =  -1.0652323505E+00     ESP at Nucleus =  -1.0666412023E+00
           ESPe = -1.7613887368E+01     ESPe at Nucleus = -1.7547231133E+01
           ESPn =  1.6548655017E+01     ESPn at Nucleus =  1.6480589930E+01

CP# 10     Coords =  2.46215031269257E+00 -3.77328059337973E+00  1.38697695280514E+00
           Type = (3,-3) NACP C10
           Rho =  1.1938567853E+02     Rho at Nucleus =  1.1938567378E+02
           GradRho = -1.6326234039E-11  1.6406136053E-11 -7.8129107865E-12
           HessRho_EigVals = -1.8103462319E+05 -1.8103137677E+05 -1.8103066884E+05
           HessRho_EigVec1 = -4.3753788618E-03  8.9818541018E-01 -4.3959506936E-01
           HessRho_EigVec2 =  2.4250103980E-01  4.2743051084E-01  8.7091699036E-01
           HessRho_EigVec3 =  9.7014127928E-01 -1.0279166962E-01 -2.1968106632E-01
           DelSqRho = -5.4309666881E+05
           Bond Ellipticity = NA
           V = -1.3578793285E+05
           G =  6.8828222190E+00
           K =  1.3578105002E+05
           L =  1.3577416720E+05
           Vnuc =  8.2846174895E+05
           Ven = -9.8906468031E+07
           Vrep =  9.8770680098E+07
           DelSqV =  4.6019105652E+09
           DelSqVen =  4.4993481485E+11
           DelSqVrep = -4.4533290467E+11
           DelSqG =  2.0590488652E+08
           DelSqK = -4.8078154517E+09
           Stress_EigVals = -4.5263057569E+04 -4.5262881978E+04 -4.5261993299E+04
           Stress_EigVec1 =  9.6721010609E-01 -1.1543656109E-01 -2.2622778573E-01
           Stress_EigVec2 =  2.5396422201E-01  4.3045296969E-01  8.6614803286E-01
           Stress_EigVec3 =  2.6047281106E-03  8.9520089435E-01 -4.4565521891E-01
           -DivStress = -2.8040005601E+03 -9.0977290099E+03  5.1882959200E+03
           ESP =  -1.4652062172E+01     ESP at Nucleus =  -1.4652062289E+01
           ESPe = -3.2594073637E+01     ESPe at Nucleus = -3.2594062255E+01
           ESPn =  1.7942011465E+01     ESPn at Nucleus =  1.7941999966E+01

CP# 11     Coords =  4.05178131224964E+00  8.98761780491568E-01  3.29903300664241E+00
           Type = (3,-3) NACP H11
           Rho =  4.2464101989E-01     Rho at Nucleus =  4.2008500228E-01
           GradRho = -1.1763250372E-09 -1.0499902303E-10 -3.2038426102E-09
           HessRho_EigVals = -8.2987448542E+00 -8.2863117827E+00 -7.4570899178E+00
           HessRho_EigVec1 =  9.8875371191E-02  9.9267244391E-01 -6.9462796272E-02
           HessRho_EigVec2 =  9.3267694889E-01 -1.1678115315E-01 -3.4128561540E-01
           HessRho_EigVec3 =  3.4689677137E-01  3.1041606983E-02  9.3738948610E-01
           DelSqRho = -2.4042146555E+01
           Bond Ellipticity = NA
           V = -6.0202905497E+00
           G =  4.8769555340E-03
           K =  6.0154135942E+00
           L =  6.0105366387E+00
           Vnuc =  4.7303573067E+01
           Ven = -2.0087037512E+01
           Vrep =  1.4066746962E+01
           DelSqV =  1.5304583297E+03
           DelSqVen =  1.1372794421E+03
           DelSqVrep =  3.9317888766E+02
           DelSqG =  1.1390308024E+02
           DelSqK = -1.6443614100E+03
           Stress_EigVals = -2.0774374714E+00 -2.0773308259E+00 -1.8655222524E+00
           Stress_EigVec1 =  9.3766278497E-01  1.0981369898E-02 -3.4737287055E-01
           Stress_EigVec2 = -2.1079538532E-02  9.9945752131E-01 -2.5304469095E-02
           Stress_EigVec3 =  3.4690655043E-01  3.1049518774E-02  9.3738560510E-01
           -DivStress =  5.9207235142E+00  5.2815952087E-01  1.6150204486E+01
           ESP =  -9.9064961865E-01     ESP at Nucleus =  -9.9235221611E-01
           ESPe = -1.9044566690E+01     ESPe at Nucleus = -1.8933338464E+01
           ESPn =  1.8053917071E+01     ESPn at Nucleus =  1.7940986248E+01

CP# 12     Coords =  7.59638103827010E-01 -1.84578174902768E+00 -3.34068669408851E+00
           Type = (3,-3) NACP H12
           Rho =  4.2547222582E-01     Rho at Nucleus =  4.2090300419E-01
           GradRho =  3.9489828642E-09  5.5438207324E-09  5.3883910851E-09
           HessRho_EigVals = -8.3316437954E+00 -8.3212335533E+00 -7.4877777894E+00
           HessRho_EigVec1 =  1.3460973756E-01 -7.3832976677E-01  6.6087016430E-01
           HessRho_EigVec2 = -8.8442310992E-01  2.1123860530E-01  4.1614181991E-01
           HessRho_EigVec3 =  4.4685118462E-01  6.4050558713E-01  6.2456113525E-01
           DelSqRho = -2.4140655138E+01
           Bond Ellipticity = NA
           V = -6.0458374302E+00
           G =  5.3368228466E-03
           K =  6.0405006074E+00
           L =  6.0351637845E+00
           Vnuc =  4.9006339790E+01
           Ven = -2.0850836470E+01
           Vrep =  1.4804999040E+01
           DelSqV =  1.5374034468E+03
           DelSqVen =  1.1830451633E+03
           DelSqVrep =  3.5435828351E+02
           DelSqG =  1.1463753263E+02
           DelSqK = -1.6520409794E+03
           Stress_EigVals = -2.0866865827E+00 -2.0860041389E+00 -1.8731467087E+00
           Stress_EigVec1 = -8.3768568342E-01  5.3716951489E-02  5.4350453993E-01
           Stress_EigVec2 =  3.1407064184E-01 -7.6676474211E-01  5.5984949959E-01
           Stress_EigVec3 =  4.4681352680E-01  6.3967673037E-01  6.2543692958E-01
           -DivStress = -7.8793092979E+00 -1.1024814135E+01 -1.0718202932E+01
           ESP =  -1.0496382018E+00     ESP at Nucleus =  -1.0513196100E+00
           ESPe = -2.0788815630E+01     ESPe at Nucleus = -2.0688257997E+01
           ESPn =  1.9739177428E+01     ESPn at Nucleus =  1.9636938387E+01

CP# 13     Coords =  1.22047868810630E+00  3.27087961528835E+00 -3.68594567938120E+00
           Type = (3,-3) NACP H13
           Rho =  4.2449490452E-01     Rho at Nucleus =  4.2009003830E-01
           GradRho =  4.6815849808E-16 -1.7801379945E-15  3.1521009761E-15
           HessRho_EigVals = -8.3133354612E+00 -8.3015912991E+00 -7.4953800061E+00
           HessRho_EigVec1 =  3.4132456460E-01  7.8479189900E-01  5.1729992932E-01
           HessRho_EigVec2 = -8.7794528371E-01  6.9615207851E-02  4.7367267353E-01
           HessRho_EigVec3 =  3.3572253486E-01 -6.1583715226E-01  7.1276572693E-01
           DelSqRho = -2.4110306766E+01
           Bond Ellipticity = NA
           V = -6.0385805019E+00
           G =  5.5019051648E-03
           K =  6.0330785968E+00
           L =  6.0275766916E+00
           Vnuc =  4.7903009060E+01
           Ven = -2.0334583257E+01
           Vrep =  1.4296002755E+01
           DelSqV =  1.5376209603E+03
           DelSqVen =  1.1549562435E+03
           DelSqVrep =  3.8266471687E+02
           DelSqG =  1.1459857080E+02
           DelSqK = -1.6522195311E+03
           Stress_EigVals = -2.0821941350E+00 -2.0813415805E+00 -1.8750447864E+00
           Stress_EigVec1 =  8.8900925288E-01 -4.2754498860E-02 -4.5588880347E-01
           Stress_EigVec2 =  3.1095085357E-01  7.8721375637E-01  5.3254489805E-01
           Stress_EigVec3 =  3.3611324723E-01 -6.1519635451E-01  7.1313486132E-01
           -DivStress = -5.8244463260E+00  1.0362950482E+01 -1.2080275672E+01
           ESP =  -1.0427946988E+00     ESP at Nucleus =  -1.0444290177E+00
           ESPe = -1.9147205801E+01     ESPe at Nucleus = -1.9042258183E+01
           ESPn =  1.8104411102E+01     ESPn at Nucleus =  1.7997829165E+01

CP# 14     Coords =  2.88025981101313E+00 -5.87271036345525E+00 -5.28472773915414E-01
           Type = (3,-3) NACP C14
           Rho =  1.1936381095E+02     Rho at Nucleus =  1.1936381074E+02
           GradRho =  1.5965030686E-10  1.0499898037E-09  1.2348474027E-09
           HessRho_EigVals = -1.8099347940E+05 -1.8099268533E+05 -1.8099254931E+05
           HessRho_EigVec1 = -2.1816588008E-01  7.1736351160E-01  6.6165945999E-01
           HessRho_EigVec2 = -6.5466433259E-01 -6.1038793670E-01  4.4591611135E-01
           HessRho_EigVec3 =  7.2375290010E-01 -3.3588116790E-01  6.0279812594E-01
           DelSqRho = -5.4297871404E+05
           Bond Ellipticity = NA
           V = -1.3575893043E+05
           G =  7.1259610210E+00
           K =  1.3575180447E+05
           L =  1.3574467851E+05
           Vnuc =  3.9064052618E+06
           Ven = -4.6628341916E+08
           Vrep =  4.6614766023E+08
           DelSqV =  4.6009155522E+09
           DelSqVen =  2.1210948403E+12
           DelSqVrep = -2.1164939248E+12
           DelSqG =  2.0585380455E+08
           DelSqK = -4.8067693568E+09
           Stress_EigVals = -4.5253068156E+04 -4.5253032161E+04 -4.5252830115E+04
           Stress_EigVec1 =  7.3644417952E-01 -3.2422467620E-01  5.9374096186E-01
           Stress_EigVec2 = -6.3909739273E-01 -6.2122493125E-01  4.5346897071E-01
           Stress_EigVec3 = -2.2182085801E-01  7.1341288476E-01  6.6470863001E-01
           -DivStress = -1.8165681293E+02 -1.5345373353E+03 -1.6981445896E+03
           ESP =  -1.4709312451E+01     ESP at Nucleus =  -1.4709312455E+01
           ESPe = -2.9640616604E+01     ESPe at Nucleus = -2.9640614426E+01
           ESPn =  1.4931304153E+01     ESPn at Nucleus =  1.4931301971E+01

CP# 15     Coords =  6.32247538143233E-01 -3.93633516416043E+00  2.24180896110552E+00
           Type = (3,-3) NACP H15
           Rho =  4.2985594705E-01     Rho at Nucleus =  4.2568676728E-01
           GradRho =  2.4658183481E-13  1.9512386498E-14 -1.1022348941E-13
           HessRho_EigVals = -8.4217389156E+00 -8.4150678272E+00 -7.6244269775E+00
           HessRho_EigVec1 = -2.1910649734E-01  9.2506748977E-01 -3.1022972489E-01
           HessRho_EigVec2 =  3.5629577810E-01  3.7185690200E-01  8.5719062229E-01
           HessRho_EigVec3 =  9.0832024162E-01  7.7282493584E-02 -4.1107390437E-01
           DelSqRho = -2.4461233720E+01
           Bond Ellipticity = NA
           V = -6.1260485761E+00
           G =  5.3700730196E-03
           K =  6.1206785031E+00
           L =  6.1153084301E+00
           Vnuc =  5.0006490786E+01
           Ven = -2.1495587456E+01
           Vrep =  1.5369538879E+01
           DelSqV =  1.5633732838E+03
           DelSqVen =  1.2232204587E+03
           DelSqVrep =  3.4015282510E+02
           DelSqG =  1.1646646952E+02
           DelSqK = -1.6798397533E+03
           Stress_EigVals = -2.1088275039E+00 -2.1087600642E+00 -1.9084610080E+00
           Stress_EigVec1 =  1.6851866002E-01  8.3113510922E-01  5.2992064637E-01
           Stress_EigVec2 =  3.8387992841E-01 -5.5050225928E-01  7.4133896639E-01
