AIMSum (Version 17.11.14, Professional)
Copyright (c) 1997-2017 by Todd A. Keith
AIMSum is a component of the AIMAll package ( http://aim.tkgristmill.com )

TP:  64-bit Linux

Much of the Quantum Theory of Atoms in Molecules (QTAIM) is described in the book:
  "Atoms in Molecules - A Quantum Theory"
  R.F.W. Bader, Oxford University Press, Oxford, 1990

For additional references see:  http://aim.tkgristmill.com/references.html

Wfn File:  /home/localuser/Desktop/AIMAll/emimbf4/wfn/310.wfn
Sum File:  /home/localuser/Desktop/AIMAll/emimbf4/wfn/310.sum

SumViz File:  /home/localuser/Desktop/AIMAll/emimbf4/wfn/310.sumviz

Wfn Title:  B3LYP                                                                          
 
Total memory allocated for AIMSum =        1.420 Megabytes

Atomic units (a.u.) used throughout, except where stated otherwise

Model:  Restricted SCF
 
Restricted, closed-shell, single-determinant wavefunction.
  Number of electrons (from MO Occs)                   =         102.0000000000
  Number of Alpha electrons (from MO Occs)             =          51.0000000000
  Number of Beta electrons (from MO Occs)              =          51.0000000000
  Number of electron pairs (N*(N-1)/2)                 =        5151.0000000000
  Number of electron pairs (from Muller 2EDM)          =        5151.0000000000
 
Nuclear Charges and Cartesian Coordinates:
-------------------------------------------------------------------------------
Atom      Charge                X                  Y                  Z
-------------------------------------------------------------------------------
C1         6.0           1.8188596400E+00  -2.7077688000E-01  -2.1354688100E+00
C2         6.0           1.6657983300E+00   2.2859848100E+00  -2.2860084700E+00
N3         7.0           2.8119383100E+00  -8.4397587000E-01   2.0640733000E-01
N4         7.0           2.5079162000E+00   3.2382451100E+00  -6.3770000000E-03
C5         6.0           3.1540311200E+00   1.3013424300E+00   1.4805570600E+00
C6         6.0           2.2035352300E+00   5.8511242000E+00   8.2799421000E-01
H7         1.0           2.7490881600E+00   7.1190980600E+00  -6.9878407000E-01
H8         1.0           3.4173431500E+00   6.1902447600E+00   2.4548390600E+00
H9         1.0           2.3240080000E-01   6.1600443700E+00   1.3451201100E+00
C10        6.0           3.0642668700E+00  -3.4052121100E+00   1.2701201500E+00
H11        1.0           3.7667550700E+00   1.4461580800E+00   3.4127710000E+00
H12        1.0           1.2278827800E+00  -1.7059720400E+00  -3.4409054200E+00
H13        1.0           8.8061271000E-01   3.4784955300E+00  -3.7303524100E+00
C14        6.0           4.7243627800E+00  -5.0961258500E+00  -3.6217288000E-01
H15        1.0           1.1449198700E+00  -4.1352368900E+00   1.4396806100E+00
H16        1.0           3.8612486300E+00  -3.1805462000E+00   3.1582434500E+00
H17        1.0           3.8959853000E+00  -5.3865256000E+00  -2.2291000600E+00
H18        1.0           4.8952653800E+00  -6.9465389700E+00   5.3524612000E-01
H19        1.0           6.6179456300E+00  -4.3052704900E+00  -5.9379526000E-01
B20        5.0          -3.5882302600E+00  -4.6222985000E-01   1.1056160000E-01
F21        9.0          -3.6556821200E+00   8.5372223000E-01  -2.2068619100E+00
F22        9.0          -2.0877783600E+00   9.6426913000E-01   1.8654147100E+00
F23        9.0          -5.9860473700E+00  -8.3456324000E-01   1.0835492700E+00
F24        9.0          -2.3509329000E+00  -2.8340245500E+00  -2.8018940000E-01
 
Some Atomic Properties:
----------------------
  q(A) = Net Charge of Atom A
  L(A) = Lagrangian of Atom A = -(1/4) Times Atomic Integral of the Laplacian of the Electron Density
  K(A) = Electronic Kinetic Energy of Atom A (Hamiltonian Form)
  K_Scaled(A) = K(A) * E(Mol)/K(Mol) = Approximation to Virial-Based Total Energy of Atom A.
  |Mu_Intra(A)| = Magnitude of Intraatomic Dipole Moment of Atom A
--------------------------------------------------------------------------------------------------
Atom A          q(A)              L(A)              K(A)          K_Scaled(A)      |Mu_Intra(A)|
--------------------------------------------------------------------------------------------------
C1        5.6389686870E-01  1.9922340191E-05  3.7468291638E+01 -3.7505143951E+01  7.8324118940E-01
C2        5.4027703130E-01 -1.0023645013E-04  3.7468534971E+01 -3.7505387523E+01  7.8040129621E-01
N3       -1.5489738765E+00  4.1626927824E-04  5.5407166962E+01 -5.5461663235E+01  2.0019843505E-01
N4       -1.5609287999E+00  2.9469531619E-04  5.5401776376E+01 -5.5456267347E+01  1.7314582783E-01
C5        1.3603808608E+00  1.9468852311E-04  3.6955185843E+01 -3.6991533486E+01  8.8329583131E-01
C6        5.3103616550E-01 -3.3173141894E-05  3.7432783835E+01 -3.7469601224E+01  6.1811373351E-01
H7        2.3813546220E-02  2.2129291063E-05  6.1270885251E-01 -6.1331148843E-01  1.2154709871E-01
H8        1.2844265930E-02  2.4075743910E-05  6.1714444353E-01 -6.1775144212E-01  1.2068331774E-01
H9        6.8037475760E-02  1.6483967576E-05  5.9386469821E-01 -5.9444879977E-01  1.2003519638E-01
C10       4.7371269270E-01 -2.4895169696E-04  3.7476940469E+01 -3.7513801288E+01  6.2332120542E-01
H11       1.2328642918E-01  1.6507565375E-05  5.6761176064E-01 -5.6817004086E-01  1.1370142217E-01
H12       1.2716346993E-01  2.4086000147E-05  5.6747009621E-01 -5.6802823710E-01  1.1351912470E-01
H13       1.0665658310E-01  2.4067305180E-05  5.7284522051E-01 -5.7340864815E-01  1.1606337589E-01
C14       1.4429777330E-01 -1.3490875490E-04  3.7681525194E+01 -3.7718587235E+01  7.2862232595E-02
H15       1.1592461607E-01  3.8692104219E-05  5.8358720538E-01 -5.8416119842E-01  1.0721969092E-01
H16      -1.5189280700E-02  2.8491083831E-05  6.3548422870E-01 -6.3610926557E-01  1.2095436082E-01
H17      -1.8266915500E-02  2.2921512004E-05  6.2660308155E-01 -6.2721938328E-01  1.2207037092E-01
H18      -1.0012974800E-02  1.7685294531E-05  6.2015576743E-01 -6.2076572784E-01  1.2492874577E-01
H19      -2.9791541200E-02  2.8730056116E-05  6.2927500822E-01 -6.2989393795E-01  1.2794835274E-01
B20       2.5171429175E+00 -3.7255424194E-04  2.3293528397E+01 -2.3316438980E+01  4.1610979259E-03
F21      -8.8300517410E-01 -8.8547367053E-06  9.9854468219E+01 -9.9952681080E+01  2.8839534690E-01
F22      -8.8866696150E-01  5.4299799581E-05  9.9842647941E+01 -9.9940849176E+01  2.5330642235E-01
F23      -8.6769289240E-01  2.3512396181E-05  9.9861157166E+01 -9.9959376605E+01  3.2582140787E-01
F24      -8.8567348820E-01  4.4158506231E-05  9.9852527037E+01 -9.9950737988E+01  2.6417431972E-01
--------------------------------------------------------------------------------------------------
Total     2.6879119000E-04  4.1273706115E-04  7.6462328441E+02 -7.6537533729E+02
 
1st Largest |L(A)| = 4.1626927824E-04, atom N3      
2nd Largest |L(A)| = 3.7255424194E-04, atom B20     
 
Molecular charge q(Mol) from the wfn file:   0.0000000000E+00
Molecular energy E(Mol) from the wfn file:  -7.6756667106E+02
Molecular virial ratio (-V(Mol)/T(Mol)) from the wfn file:   2.0009835600E+00
Note.  K_Scaled(A) = (1+V(Mol)/T(Mol))*K(A) = (E(Mol)/T(Mol))*K(A)
       Only use K_Scaled(A) data with caution.
 
N_AIMInt(SumA)     =        101.999731
N_Analytic(Mol)    =        102.000000
 
G_AIMInt(SumA)     =        764.622872
G_Analytic(Mol)    =        764.623167
 
K_AIMInt(SumA)     =        764.623284
K_Analytic(Mol)    =        764.623167
 
L_AIMInt(SumA)     =          0.000413
L_Analytic(Mol)    =          0.000000
 
VenT_AIMInt(SumA)  =      -3613.487678
VenT_Analytic(Mol) =      -3613.492874
 
Some Information About the Atomic Calculations:
----------------------------------------------
  Time(sec) = "Elapsed User Time", in Seconds, for Atom A by AIMInt and, if used, by TWOe
  NProc = Number of Processors Used for AIMInt Job
  BIM = Basin Integration Method
  OAQ = Angular Quadrature Outside of Beta Sphere
  ORQ = Multiple of Default for Radial Quadrature Outside of Beta Sphere
  IAQ = Multiple of Default for Angular Quadrature Inside of Beta Sphere
  IRQ = Multiple of Default for Radial Quadrature Inside of Beta Sphere
  MIR = Maximum Integration Radius
------------------------------------------------------------------------------------------------------
Atom A     Time(sec)   NProc      BIM          OAQ                     ORQ      IAQ      IRQ      MIR
------------------------------------------------------------------------------------------------------
C1            103        4     Proaim(5)    4500(GS4)                  1.00     1.00     1.00    13.00
C2             88        4     Proaim(5)    4500(GS4)                  1.00     1.00     1.00    13.00
N3            151        4    Promega(1)    4500(GS4)                  1.00     1.00     1.00    13.00
N4            117        4     Proaim(5)    4500(GS4)                  1.00     1.00     1.00    13.00
C5            663        4    Promega(5)    4500(GS4)                  1.00     1.00     1.00    13.00
C6             48        4     Proaim(5)    5400(GS5)                  1.00     1.00     1.00    13.00
H7             10        4     Proaim(5)    1800(GS4)                  1.00     1.00     1.00    13.00
H8             11        4     Proaim(5)    1800(GS4)                  1.00     1.00     1.00    13.00
H9             13        4     Proaim(5)    1800(GS4)                  1.00     1.00     1.00    13.00
C10            58        4     Proaim(5)    4500(GS4)                  1.00     1.00     1.00    13.00
H11            10        4     Proaim(5)    1800(GS4)                  1.00     1.00     1.00    13.00
H12            13        4     Proaim(5)    1800(GS4)                  1.00     1.00     1.00    13.00
H13            11        4     Proaim(5)    1800(GS4)                  1.00     1.00     1.00    13.00
C14            47        4     Proaim(5)    4500(GS4)                  1.00     1.00     1.00    13.00
H15            21        4     Proaim(5)    4500(GS4)                  1.00     1.00     1.00    13.00
H16            10        4     Proaim(5)    1800(GS4)                  1.00     1.00     1.00    13.00
H17            13        4     Proaim(5)    1800(GS4)                  1.00     1.00     1.00    13.00
H18            11        4     Proaim(5)    1800(GS4)                  1.00     1.00     1.00    13.00
H19            11        4     Proaim(5)    1800(GS4)                  1.00     1.00     1.00    13.00
B20            60        4     Proaim(5)    4500(GS4)                  1.00     1.00     1.00    13.00
F21            43        4     Proaim(5)    4500(GS4)                  1.00     1.00     1.00    13.00
F22           161        4    Promega(1)    4500(GS4)                  1.00     1.00     1.00    13.00
F23            21        4     Proaim(5)    2700(GS4)                  1.00     1.00     1.00    13.00
F24            41        4     Proaim(5)    4500(GS4)                  1.00     1.00     1.00    13.00
------------------------------------------------------------------------------------------------------
Total        1735
Note:  Total wall clock time is less than total of atomic times if more than one atom
       was calculated at a time
 
Electron Density Critical Point Analysis of Molecular Structure:               
---------------------------------------------------------------                
  NACP = Nuclear Attractor Critical Point                                      
  NNACP = Non-Nuclear Attractor Critical Point                                 
  BCP = Bond Critical Point                                                    
  RCP = Ring Critical Point                                                    
  CCP = Cage Critical Point                                                    
  Rho = Electron Density                                                       
  GradRho = Gradient of Electron Density                                       
  HessRho_EigVals = Eigenvalues of the Hessian of Rho, Ascending Order         
  HessRho_EigVecs = Eigenvectors of the Hessian of Rho                         
  DelSqRho = Laplacian of Rho = Trace of Hessian of Rho                        
  Bond Ellipticity = (HessRho_EigVal(1) / HessRho_EigVal(2)) - 1               
  V = Virial Field = Potential Energy Density = Trace of Stress Tensor         
  G = Lagrangian Form of Kinetic Energy Density                                
  K = Hamiltonian Form of Kinetic Energy Density                               
  L = K - G = Lagrangian Density = (-1/4)DelSqRho                              
  Vnuc = Electrostatic Potential from Nuclei                                   
  Ven = Electron-nuclear attractive contribution to Virial Field V             
  Vrep = V - Ven = Repulsive contribution to Virial Field V                    
  DelSqV = Laplacian of V                                                      
  DelSqVen = Laplacian of Ven                                                  
  DelSqVrep = Laplacian of Vrep                                                
  DelSqG = Laplacian of G                                                      
  DelSqK = Laplacian of K                                                      
  Stress_EigVals = Eigenvalues of Stress Tensor, Ascending Order               
  Stress_EigVecs = Eigenvectors of Stress Tensor                               
  -DivStress = Ehrenfest Force Density = Minus Divergence of Stress Tensor     
  ESP = Total Electrostatic Potential                                          
  ESPe = Electrostatic Potential from Electrons                                
  ESPn = Electrostatic Potential from Nuclei                                   
  BP = Bond Path                                                               
  BPL = Bond Path Length                                                       
  GBL = Geometric Bond Length                                                  
  GBL_I = Distance Between Nuclear Attractors                                  
  GBL_II = Distance Between Nuclei                                             
  GBL_III = Sum of Distances Between BCP and Nuclear Attractors                
  GBL_IV = Sum of Distances Between BCP and Nuclei                             

CP# 1      Coords =  1.81886310899089E+00 -2.70778828014701E-01 -2.13546445609702E+00
           Type = (3,-3) NACP C1
           Rho =  1.1952067780E+02     Rho at Nucleus =  1.1952067465E+02
           GradRho = -2.7100544031E-13 -1.6648050126E-12  2.2296137159E-11
           HessRho_EigVals = -1.8123644402E+05 -1.8123624608E+05 -1.8123375097E+05
           HessRho_EigVec1 =  1.7609426852E-01 -3.4885054829E-01  9.2048579758E-01
           HessRho_EigVec2 =  9.8210745160E-01 -1.1479684378E-03 -1.8831791123E-01
           HessRho_EigVec3 =  6.6751495228E-02  9.3717766572E-01  3.4240657230E-01
           DelSqRho = -5.4370644107E+05
           Bond Ellipticity = NA
           V = -1.3594073036E+05
           G =  7.0600468729E+00
           K =  1.3593367032E+05
           L =  1.3592661027E+05
           Vnuc =  1.0173328310E+06
           Ven = -1.2159230950E+08
           Vrep =  1.2145636877E+08
           DelSqV =  4.6070564988E+09
           DelSqVen =  5.5313041408E+11
           DelSqVrep = -5.4852335784E+11
           DelSqG =  2.0613501346E+08
           DelSqK = -4.8131915122E+09
           Stress_EigVals = -4.5314171931E+04 -4.5313373183E+04 -4.5313185248E+04
           Stress_EigVec1 =  8.4659243714E-02  9.3657345207E-01  3.4009260700E-01
           Stress_EigVec2 =  4.0194736976E-01 -3.4441500855E-01  8.4842006920E-01
           Stress_EigVec3 =  9.1174071116E-01  6.4872727451E-02 -4.0561114980E-01
           -DivStress = -5.1994255015E+03  2.9208957404E+03 -6.5248195476E+03
           ESP =  -1.4658443364E+01     ESP at Nucleus =  -1.4658443448E+01
           ESPe = -3.4865433799E+01     ESPe at Nucleus = -3.4865427781E+01
           ESPn =  2.0206990435E+01     ESPn at Nucleus =  2.0206984333E+01

CP# 2      Coords =  1.66580087062133E+00  2.28598806564099E+00 -2.28600436844135E+00
           Type = (3,-3) NACP C2
           Rho =  1.1950505133E+02     Rho at Nucleus =  1.1950504827E+02
           GradRho =  3.6090228028E-13 -3.9535526545E-11  1.9817252006E-11
           HessRho_EigVals = -1.8121254386E+05 -1.8121204028E+05 -1.8120988537E+05
           HessRho_EigVec1 =  3.2543061674E-01  4.5305525044E-01  8.2996135677E-01
           HessRho_EigVec2 = -9.2394478489E-01 -3.4267944899E-02  3.8098785077E-01
           HessRho_EigVec3 = -2.0104961619E-01  8.9082357849E-01 -4.0744619747E-01
           DelSqRho = -5.4363446952E+05
           Bond Ellipticity = NA
           V = -1.3592275416E+05
           G =  7.0683911306E+00
           K =  1.3591568577E+05
           L =  1.3590861738E+05
           Vnuc =  1.0308811637E+06
           Ven = -1.2319550639E+08
           Vrep =  1.2305958364E+08
           DelSqV =  4.6064494944E+09
           DelSqVen =  5.6042253389E+11
           DelSqVrep = -5.5581608439E+11
           DelSqG =  2.0610741576E+08
           DelSqK = -4.8125569102E+09
           Stress_EigVals = -4.5308148970E+04 -4.5307353824E+04 -4.5307251368E+04
           Stress_EigVec1 = -2.1545341097E-01  8.8613720209E-01 -4.1029341547E-01
           Stress_EigVec2 =  2.8134939174E-01  4.5867499999E-01  8.4288775300E-01
           Stress_EigVec3 =  9.3510552745E-01  6.6167238577E-02 -3.4813725608E-01
           -DivStress = -3.8077301361E+03 -4.8803251096E+03 -6.1454446083E+03
           ESP =  -1.4656810318E+01     ESP at Nucleus =  -1.4656810402E+01
           ESPe = -3.3999986070E+01     ESPe at Nucleus = -3.3999982057E+01
           ESPn =  1.9343175751E+01     ESPn at Nucleus =  1.9343171655E+01

CP# 3      Coords =  2.81193829549735E+00 -8.43974424649283E-01  2.06407687837846E-01
           Type = (3,-3) NACP N3
           Rho =  1.9376794208E+02     Rho at Nucleus =  1.9376794163E+02
           GradRho =  2.8120953482E-11  4.4555397242E-09  1.1119641423E-09
           HessRho_EigVals = -4.0299407351E+05 -4.0299283811E+05 -4.0298795727E+05
           HessRho_EigVec1 =  3.1482677357E-01  5.8575616788E-01  7.4684256336E-01
           HessRho_EigVec2 = -1.2351746020E-01  8.0544774562E-01 -5.7965279788E-01
           HessRho_EigVec3 =  9.4107786058E-01 -9.0242123555E-02 -3.2592762918E-01
           DelSqRho = -1.2089748689E+06
           Bond Ellipticity = NA
           V = -3.0229139280E+05
           G =  2.3837791500E+01
           K =  3.0226755501E+05
           L =  3.0224371722E+05
           Vnuc =  4.7009757572E+06
           Ven = -9.1089839824E+08
           Vrep =  9.1059610685E+08
           DelSqV =  1.4117111664E+10
           DelSqVen =  5.6833616118E+12
           DelSqVrep = -5.6692445001E+12
           DelSqG =  6.2869709225E+08
           DelSqK = -1.4745808757E+10
           Stress_EigVals = -1.0076443274E+05 -1.0076363804E+05 -1.0076332202E+05
           Stress_EigVec1 =  9.4044590343E-01 -1.4392091342E-01 -3.0797446876E-01
           Stress_EigVec2 = -5.1642593650E-02  8.3495745614E-01 -5.4788601821E-01
           Stress_EigVec3 =  3.3599783519E-01  5.3116176172E-01  7.7779986992E-01
           -DivStress =  6.3061879011E+01 -6.6389403192E+03 -1.6439077858E+03
           ESP =  -1.8233467223E+01     ESP at Nucleus =  -1.8233467230E+01
           ESPe = -3.8810012326E+01     ESPe at Nucleus = -3.8810011229E+01
           ESPn =  2.0576545103E+01     ESPn at Nucleus =  2.0576543998E+01

CP# 4      Coords =  2.50791591521978E+00  3.23824451242919E+00 -6.37612507554469E-03
           Type = (3,-3) NACP N4
           Rho =  1.9372394118E+02     Rho at Nucleus =  1.9372394093E+02
           GradRho = -4.1073246193E-10 -1.0091366588E-09  1.4692945298E-09
           HessRho_EigVals = -4.0290142525E+05 -4.0290075068E+05 -4.0289451407E+05
           HessRho_EigVec1 = -3.7052541110E-01  6.8215095238E-01 -6.3038162878E-01
           HessRho_EigVec2 =  6.0237583795E-02  6.9490856486E-01  7.1657066643E-01
           HessRho_EigVec3 =  9.2686695552E-01  2.2753497457E-01 -2.9857240682E-01
           DelSqRho = -1.2086966900E+06
           Bond Ellipticity = NA
           V = -3.0222196494E+05
           G =  2.3896221474E+01
           K =  3.0219806872E+05
           L =  3.0217417250E+05
           Vnuc =  6.3803310170E+06
           Ven = -1.2360228706E+09
           Vrep =  1.2357206487E+09
           DelSqV =  1.4113880731E+10
           DelSqVen =  7.7118854922E+12
           DelSqVrep = -7.6977716115E+12
           DelSqG =  6.2855074968E+08
           DelSqK = -1.4742431480E+10
           Stress_EigVals = -1.0074146551E+05 -1.0074033003E+05 -1.0074016940E+05
           Stress_EigVec1 =  9.2264581938E-01  2.5970573111E-01 -2.8509231000E-01
           Stress_EigVec2 = -2.8274966421E-02  7.8281980862E-01  6.2160572190E-01
           Stress_EigVec3 =  3.8461047602E-01 -5.6546094512E-01  7.2960859457E-01
           -DivStress =  1.3046633352E+03  2.7438320112E+03 -4.0179304600E+03
           ESP =  -1.8227630140E+01     ESP at Nucleus =  -1.8227630143E+01
           ESPe = -3.7557197708E+01     ESPe at Nucleus = -3.7557196560E+01
           ESPn =  1.9329567568E+01     ESPn at Nucleus =  1.9329566417E+01

CP# 5      Coords =  3.15403097883524E+00  1.30134247943118E+00  1.48055362543456E+00
           Type = (3,-3) NACP C5
           Rho =  1.1954476615E+02     Rho at Nucleus =  1.1954476508E+02
           GradRho = -3.0154267971E-11  6.6362124129E-12  1.8458894135E-11
           HessRho_EigVals = -1.8127496006E+05 -1.8127380448E+05 -1.8127231362E+05
           HessRho_EigVec1 =  9.2558999342E-01  7.3743122620E-02 -3.7127498696E-01
           HessRho_EigVec2 = -1.0490955071E-01  9.9239246703E-01 -6.4429632495E-02
           HessRho_EigVec3 =  3.6369925797E-01  9.8585715188E-02  9.2628489490E-01
           DelSqRho = -5.4382107815E+05
           Bond Ellipticity = NA
           V = -1.3596909101E+05
           G =  6.9107340087E+00
           K =  1.3596218027E+05
           L =  1.3595526954E+05
           Vnuc =  1.7453115406E+06
           Ven = -2.0864285998E+08
           Vrep =  2.0850689089E+08
           DelSqV =  4.6080216609E+09
           DelSqVen =  9.4913720730E+11
           DelSqVrep = -9.4452918564E+11
           DelSqG =  2.0617992962E+08
           DelSqK = -4.8142015905E+09
           Stress_EigVals = -4.5323498200E+04 -4.5323096440E+04 -4.5322496366E+04
           Stress_EigVec1 =  3.4959369870E-01  1.0471664899E-01  9.3103097116E-01
           Stress_EigVec2 = -9.8306239642E-02  9.9234861145E-01 -7.4700178028E-02
           Stress_EigVec3 =  9.3172964377E-01  6.5411442235E-02 -3.5721312146E-01
           -DivStress =  2.1075797062E+02 -7.4131428299E+01  5.1483016327E+03
           ESP =  -1.4581552165E+01     ESP at Nucleus =  -1.4581552183E+01
           ESPe = -3.4369539798E+01     ESPe at Nucleus = -3.4369533335E+01
           ESPn =  1.9787987633E+01     ESPn at Nucleus =  1.9787981152E+01

CP# 6      Coords =  2.20353683104024E+00  5.85111802532676E+00  8.27992263735557E-01
           Type = (3,-3) NACP C6
           Rho =  1.1937211695E+02     Rho at Nucleus =  1.1937211292E+02
           GradRho =  2.7148179321E-11  5.8490028955E-11 -7.7204655429E-12
           HessRho_EigVals = -1.8101050892E+05 -1.8100731492E+05 -1.8100710276E+05
           HessRho_EigVec1 = -9.3076697861E-02  9.4751176940E-01  3.0587280880E-01
           HessRho_EigVec2 =  2.9211337637E-01 -2.6770043090E-01  9.1815372059E-01
           HessRho_EigVec3 =  9.5184373910E-01  1.7480825536E-01 -2.5186418998E-01
           DelSqRho = -5.4302492660E+05
           Bond Ellipticity = NA
           V = -1.3577021052E+05
           G =  6.9894345495E+00
           K =  1.3576322108E+05
           L =  1.3575623165E+05
           Vnuc =  8.9967717943E+05
           Ven = -1.0739636948E+08
           Vrep =  1.0726059927E+08
           DelSqV =  4.6013041095E+09
           DelSqVen =  4.8854713728E+11
           DelSqVrep = -4.8394583291E+11
           DelSqG =  2.0587412074E+08
           DelSqK = -4.8071782302E+09
           Stress_EigVals = -4.5257058061E+04 -4.5257004392E+04 -4.5256148066E+04
           Stress_EigVec1 =  9.4905652270E-01  1.8128452321E-01 -2.5773559778E-01
           Stress_EigVec2 =  2.9959697307E-01 -2.6568577148E-01  9.1632566512E-01
           Stress_EigVec3 = -9.7638980170E-02  9.4686165435E-01  3.0646310883E-01
           -DivStress = -2.3969185944E+03  9.2414794719E+03  2.9129891948E+03
           ESP =  -1.4639106641E+01     ESP at Nucleus =  -1.4639106737E+01
           ESPe = -3.0008265591E+01     ESPe at Nucleus = -3.0008252786E+01
           ESPn =  1.5369158950E+01     ESPn at Nucleus =  1.5369146049E+01

CP# 7      Coords =  2.74097079920185E+00  7.09941428897081E+00 -6.76161758029232E-01
           Type = (3,-3) NACP H7
           Rho =  4.3175667860E-01     Rho at Nucleus =  4.2789943655E-01
           GradRho = -1.1912671370E-15  2.7083912370E-15  1.8713329497E-16
           HessRho_EigVals = -8.4565911059E+00 -8.4490741051E+00 -7.7076019325E+00
           HessRho_EigVec1 =  3.3079161769E-01 -7.6931336850E-01 -5.4656550085E-01
           HessRho_EigVec2 =  9.0677269682E-01  9.8671766380E-02  4.0991115967E-01
           HessRho_EigVec3 = -2.6141955162E-01 -6.3120584881E-01  7.3023215107E-01
           DelSqRho = -2.4613267144E+01
           Bond Ellipticity = NA
           V = -6.1642732502E+00
           G =  5.4782321408E-03
           K =  6.1587950180E+00
           L =  6.1533167859E+00
           Vnuc =  4.7379049391E+01
           Ven = -2.0456221001E+01
           Vrep =  1.4291947751E+01
           DelSqV =  1.5773981211E+03
           DelSqVen =  1.1661531997E+03
           DelSqVrep =  4.1124492143E+02
           DelSqG =  1.1736592053E+02
           DelSqK = -1.6947640416E+03
           Stress_EigVals = -2.1179458443E+00 -2.1173711498E+00 -1.9289562561E+00
           Stress_EigVec1 =  9.4314710754E-01 -3.2823127828E-01  5.2323622795E-02
           Stress_EigVec2 =  2.0630221801E-01  7.0153136997E-01  6.8212398565E-01
           Stress_EigVec3 = -2.6060109054E-01 -6.3254878461E-01  7.2936212316E-01
           -DivStress =  4.1824723060E+00  1.0143842583E+01 -1.1659497593E+01
           ESP =  -1.0538054220E+00     ESP at Nucleus =  -1.0551813754E+00
           ESPe = -1.6243573519E+01     ESPe at Nucleus = -1.6161300896E+01
           ESPn =  1.5189768097E+01     ESPn at Nucleus =  1.5106119521E+01

CP# 8      Coords =  3.39942171479651E+00  6.18416247584151E+00  2.43043093187275E+00
           Type = (3,-3) NACP H8
           Rho =  4.3235335008E-01     Rho at Nucleus =  4.2853452136E-01
           GradRho = -1.0941141520E-15  4.5673371769E-16 -1.5740023624E-15
           HessRho_EigVals = -8.4653559872E+00 -8.4585110751E+00 -7.7237096504E+00
           HessRho_EigVec1 = -4.1656165910E-01  9.0465332407E-01  8.9881852597E-02
           HessRho_EigVec2 =  6.9829484961E-01  3.8170472274E-01 -6.0554587576E-01
           HessRho_EigVec3 =  5.8211741701E-01  1.8948315992E-01  7.9071830946E-01
           DelSqRho = -2.4647576713E+01
           Bond Ellipticity = NA
           V = -6.1730654898E+00
           G =  5.5856558332E-03
           K =  6.1674798340E+00
           L =  6.1618941782E+00
           Vnuc =  4.7749329802E+01
           Ven = -2.0644582704E+01
           Vrep =  1.4471517214E+01
           DelSqV =  1.5801127576E+03
           DelSqVen =  1.1769052693E+03
           DelSqVrep =  4.0320748836E+02
           DelSqG =  1.1752984117E+02
           DelSqK = -1.6976425988E+03
           Stress_EigVals = -2.1203543336E+00 -2.1197247557E+00 -1.9329864005E+00
           Stress_EigVec1 =  8.0484894183E-01  8.1063427489E-03 -5.9342435748E-01
           Stress_EigVec2 = -1.1980748992E-01  9.8153963087E-01 -1.4908426609E-01
           Stress_EigVec3 =  5.8126099663E-01  1.9108699653E-01  7.9096233384E-01
           -DivStress =  9.2484435579E+00  3.1362444637E+00  1.2596457467E+01
           ESP =  -1.0491097033E+00     ESP at Nucleus =  -1.0504779570E+00
           ESPe = -1.6421034823E+01     ESPe at Nucleus = -1.6340619754E+01
           ESPn =  1.5371925119E+01     ESPn at Nucleus =  1.5290141797E+01

CP# 9      Coords =  2.62795315850705E-01  6.15544614755800E+00  1.33709253017664E+00
           Type = (3,-3) NACP H9
           Rho =  4.2728285452E-01     Rho at Nucleus =  4.2329385199E-01
           GradRho =  3.4400452864E-12 -5.2671127009E-13 -9.0838368593E-13
           HessRho_EigVals = -8.3763701411E+00 -8.3679277303E+00 -7.6076560901E+00
           HessRho_EigVec1 =  2.0639752279E-01  9.5724170018E-01  2.0270271339E-01
           HessRho_EigVec2 =  2.1174356859E-01 -2.4595050542E-01  9.4587156107E-01
           HessRho_EigVec3 =  9.5528253608E-01 -1.5230455119E-01 -2.5345334865E-01
           DelSqRho = -2.4351953961E+01
           Bond Ellipticity = NA
           V = -6.0985114172E+00
           G =  5.2614634324E-03
           K =  6.0932499538E+00
           L =  6.0879884904E+00
           Vnuc =  4.7992113444E+01
           Ven = -2.0506207227E+01
           Vrep =  1.4407695810E+01
           DelSqV =  1.5586818343E+03
           DelSqVen =  1.1687017371E+03
           DelSqVrep =  3.8998009722E+02
           DelSqG =  1.1610067246E+02
           DelSqK = -1.6747825068E+03
           Stress_EigVals = -2.0973703044E+00 -2.0971563380E+00 -1.9039847749E+00
           Stress_EigVec1 =  1.3363831131E-01  9.8668139594E-01 -9.2739552812E-02
           Stress_EigVec2 =  2.6441929133E-01  5.4686643429E-02  9.6285606889E-01
           Stress_EigVec3 =  9.5510378500E-01 -1.5319658592E-01 -2.5358936481E-01
           -DivStress = -1.5500915425E+01  2.3484052478E+00  4.0945264751E+00
           ESP =  -1.0638065753E+00     ESP at Nucleus =  -1.0652217334E+00
           ESPe = -1.7580922264E+01     ESPe at Nucleus = -1.7514838941E+01
           ESPn =  1.6517115689E+01     ESPn at Nucleus =  1.6449617207E+01

CP# 10     Coords =  3.06426824185238E+00 -3.40520550578723E+00  1.27011734697662E+00
           Type = (3,-3) NACP C10
           Rho =  1.1938498100E+02     Rho at Nucleus =  1.1938497617E+02
           GradRho = -3.1901698080E-11  3.8493330258E-11 -1.0160690458E-11
           HessRho_EigVals = -1.8103348101E+05 -1.8103028372E+05 -1.8102943300E+05
           HessRho_EigVec1 = -1.2293528071E-01  9.0480475973E-01 -4.0769506193E-01
           HessRho_EigVec2 = -2.2488678903E-01  3.7472603753E-01  8.9944779110E-01
           HessRho_EigVec3 =  9.6659859760E-01  2.0225910007E-01  1.5741158650E-01
           DelSqRho = -5.4309319773E+05
           Bond Ellipticity = NA
           V = -1.3578707701E+05
           G =  6.8887906198E+00
           K =  1.3578018822E+05
           L =  1.3577329943E+05
           Vnuc =  8.2143825579E+05
           Ven = -9.8067390556E+07
           Vrep =  9.7931603479E+07
           DelSqV =  4.6018813171E+09
           DelSqVen =  4.4611753037E+11
           DelSqVrep = -4.4151564918E+11
           DelSqG =  2.0590347306E+08
           DelSqK = -4.8077847902E+09
           Stress_EigVals = -4.5262793951E+04 -4.5262579604E+04 -4.5261703459E+04
           Stress_EigVec1 =  9.6877383843E-01  1.9127843132E-01  1.5776505217E-01
           Stress_EigVec2 = -2.2129089632E-01  3.8001710081E-01  8.9811877962E-01
           Stress_EigVec3 = -1.1183733357E-01  9.0498594730E-01 -4.1047880093E-01
           -DivStress = -2.0530717733E+03 -9.8872307766E+03  4.1941712912E+03
           ESP =  -1.4650356592E+01     ESP at Nucleus =  -1.4650356711E+01
           ESPe = -3.2402999534E+01     ESPe at Nucleus = -3.2402988387E+01
           ESPn =  1.7752642942E+01     ESPn at Nucleus =  1.7752631676E+01

CP# 11     Coords =  3.75682768255887E+00  1.44382214468667E+00  3.38004718257725E+00
           Type = (3,-3) NACP H11
           Rho =  4.2429069230E-01     Rho at Nucleus =  4.1971675910E-01
           GradRho = -2.6238020428E-09 -6.1748658488E-10 -8.6316796799E-09
           HessRho_EigVals = -8.2905524171E+00 -8.2782535332E+00 -7.4463373810E+00
           HessRho_EigVec1 = -6.9882733111E-02  9.9627295126E-01 -5.0562933052E-02
           HessRho_EigVec2 =  9.5363271741E-01  5.1845104033E-02 -2.9647381921E-01
           HessRho_EigVec3 =  2.9274740631E-01  6.8936868029E-02  9.5370155936E-01
           DelSqRho = -2.4015143331E+01
           Bond Ellipticity = NA
           V = -6.0134291921E+00
           G =  4.8216796259E-03
           K =  6.0086075125E+00
           L =  6.0037858328E+00
           Vnuc =  4.7171913963E+01
           Ven = -2.0014604033E+01
           Vrep =  1.4001174841E+01
           DelSqV =  1.5284011781E+03
           DelSqVen =  1.1328402904E+03
           DelSqVrep =  3.9556088768E+02
           DelSqG =  1.1374153825E+02
           DelSqK = -1.6421427163E+03
           Stress_EigVals = -2.0753292555E+00 -2.0752659817E+00 -1.8628339548E+00
           Stress_EigVec1 =  9.2940165335E-01  2.1404658999E-01 -3.0066031342E-01
           Stress_EigVec2 = -2.2487551300E-01  9.7438642477E-01 -1.4487513195E-03
           Stress_EigVec3 =  2.9264922759E-01  6.8957614091E-02  9.5373019091E-01
           -DivStress =  4.9924708926E+00  1.1746014981E+00  1.6452914039E+01
           ESP =  -9.8726006056E-01     ESP at Nucleus =  -9.8896691757E-01
           ESPe = -1.8984410808E+01     ESPe at Nucleus = -1.8874069107E+01
           ESPn =  1.7997150747E+01     ESPn at Nucleus =  1.7885102189E+01

CP# 12     Coords =  1.23888120508588E+00 -1.68229317212310E+00 -3.41904717803504E+00
           Type = (3,-3) NACP H12
           Rho =  4.2380764254E-01     Rho at Nucleus =  4.1928709751E-01
           GradRho =  5.2778961757E-16  2.3921904496E-15  4.1589995337E-16
           HessRho_EigVals = -8.2966643967E+00 -8.2861843020E+00 -7.4616587301E+00
           HessRho_EigVec1 =  2.4734981039E-01 -7.1591727958E-01  6.5290161595E-01
           HessRho_EigVec2 = -9.1685739181E-01  4.4982355948E-02  3.9667254850E-01
           HessRho_EigVec3 =  3.1335378469E-01  6.9673455236E-01  6.4526767249E-01
           DelSqRho = -2.4044507429E+01
           Bond Ellipticity = NA
           V = -6.0217107451E+00
           G =  5.2919439225E-03
           K =  6.0164188011E+00
           L =  6.0111268572E+00
           Vnuc =  4.8630717041E+01
           Ven = -2.0610069544E+01
           Vrep =  1.4588358799E+01
           DelSqV =  1.5316610507E+03
           DelSqVen =  1.1693016372E+03
           DelSqVrep =  3.6235941359E+02
           DelSqG =  1.1416566773E+02
           DelSqK = -1.6458267185E+03
           Stress_EigVals = -2.0779123438E+00 -2.0772032316E+00 -1.8665951697E+00
           Stress_EigVec1 =  8.8323620269E-01  3.5743223248E-02 -4.6756414775E-01
           Stress_EigVec2 =  3.4856080017E-01 -7.1703925142E-01  6.0362246521E-01
           Stress_EigVec3 =  3.1368643396E-01  6.9611574749E-01  6.4577371210E-01
           -DivStress = -5.5346367145E+00 -1.1924413082E+01 -1.1011874016E+01
           ESP =  -1.0437416309E+00     ESP at Nucleus =  -1.0454115574E+00
           ESPe = -2.0306318475E+01     ESPe at Nucleus = -2.0206134638E+01
           ESPn =  1.9262576844E+01     ESPn at Nucleus =  1.9160723081E+01

CP# 13     Coords =  8.94341420683788E-01  3.45957183490076E+00 -3.70624029780073E+00
           Type = (3,-3) NACP H13
           Rho =  4.2373560586E-01     Rho at Nucleus =  4.1933286792E-01
           GradRho =  1.9676101026E-15 -2.1461239903E-15  3.4000580129E-15
           HessRho_EigVals = -8.2962695879E+00 -8.2844184301E+00 -7.4793241138E+00
           HessRho_EigVec1 =  1.7503671963E-01  8.1721634951E-01  5.4910799018E-01
           HessRho_EigVec2 = -8.9864766808E-01 -9.5244434375E-02  4.2820656975E-01
           HessRho_EigVec3 =  4.0223688970E-01 -5.6840648819E-01  7.1771829345E-01
           DelSqRho = -2.4060012132E+01
           Bond Ellipticity = NA
           V = -6.0260030452E+00
           G =  5.5000060976E-03
           K =  6.0205030391E+00
           L =  6.0150030330E+00
           Vnuc =  4.7618341846E+01
           Ven = -2.0177586932E+01
           Vrep =  1.4151583887E+01
           DelSqV =  1.5342916554E+03
           DelSqVen =  1.1456978825E+03
           DelSqVrep =  3.8859377292E+02
           DelSqG =  1.1432449471E+02
           DelSqK = -1.6486161501E+03
           Stress_EigVals = -2.0779015845E+00 -2.0770721080E+00 -1.8710293527E+00
           Stress_EigVec1 = -8.9767488449E-01 -9.0561464889E-02  4.3125215690E-01
           Stress_EigVec2 =  1.7980981025E-01  8.1819388592E-01  5.4610181943E-01
           Stress_EigVec3 =  4.0230365881E-01 -5.6776525618E-01  7.1818826221E-01
           -DivStress = -6.9159405214E+00  9.5366738534E+00 -1.2153873853E+01
           ESP =  -1.0377988262E+00     ESP at Nucleus =  -1.0394306963E+00
           ESPe = -1.8881279486E+01     ESPe at Nucleus = -1.8777479421E+01
           ESPn =  1.7843480660E+01     ESPn at Nucleus =  1.7738048724E+01

CP# 14     Coords =  4.72436214017388E+00 -5.09612512058990E+00 -3.62172132381512E-01
           Type = (3,-3) NACP C14
           Rho =  1.1936818089E+02     Rho at Nucleus =  1.1936818075E+02
           GradRho = -4.0225465884E-10  5.6097444658E-10  5.1687323605E-10
           HessRho_EigVals = -1.8100010938E+05 -1.8099937143E+05 -1.8099931668E+05
           HessRho_EigVec1 =  6.2228102325E-01 -5.4000108164E-01 -5.6671435479E-01
           HessRho_EigVec2 = -7.7105030225E-01 -5.4776524399E-01 -3.2470705086E-01
           HessRho_EigVec3 = -1.3508426815E-01  6.3902431042E-01 -7.5723191375E-01
           DelSqRho = -5.4299879749E+05
           Bond Ellipticity = NA
           V = -1.3576393240E+05
           G =  7.1165134543E+00
           K =  1.3575681588E+05
           L =  1.3574969937E+05
           Vnuc =  4.8984225586E+06
           Ven = -5.8471579003E+08
           Vrep =  5.8458002609E+08
           DelSqV =  4.6010846537E+09
           DelSqVen =  2.6598375096E+12
           DelSqVrep = -2.6552364332E+12
           DelSqG =  2.0586146926E+08
           DelSqK = -4.8069461229E+09
           Stress_EigVals = -4.5254715349E+04 -4.5254701959E+04 -4.5254515090E+04
           Stress_EigVec1 = -1.8777730791E-01  6.0022037200E-01 -7.7748002397E-01
           Stress_EigVec2 = -7.5658382071E-01 -5.9316662758E-01 -2.7519860858E-01
           Stress_EigVec3 =  6.2635501504E-01 -5.3655275320E-01 -5.6550025478E-01
           -DivStress =  9.5621071971E+02 -1.0902113319E+03 -1.1172207015E+03
           ESP =  -1.4704069154E+01     ESP at Nucleus =  -1.4704069156E+01
           ESPe = -2.9169881647E+01     ESPe at Nucleus = -2.9169879687E+01
           ESPn =  1.4465812493E+01     ESPn at Nucleus =  1.4465810531E+01

CP# 15     Coords =  1.17594750074368E+00 -4.12424650018389E+00  1.43714423134407E+00
           Type = (3,-3) NACP H15
           Rho =  4.2613007073E-01     Rho at Nucleus =  4.2185205445E-01
           GradRho =  1.8049677638E-10  6.4331624717E-11 -1.4948784520E-11
           HessRho_EigVals = -8.3404778657E+00 -8.3332004063E+00 -7.5320751610E+00
           HessRho_EigVec1 = -3.5403903162E-01  8.9723882763E-01 -2.6385384264E-01
           HessRho_EigVec2 = -1.6228738924E-02  2.7619059708E-01  9.6096585898E-01
           HessRho_EigVec3 =  9.3508983104E-01  3.4450143726E-01 -8.3221196846E-02
           DelSqRho = -2.4205753433E+01
           Bond Ellipticity = NA
           V = -6.0622073709E+00
           G =  5.3845063023E-03
           K =  6.0568228645E+00
           L =  6.0514383582E+00
           Vnuc =  4.9406016315E+01
           Ven = -2.1053389227E+01
           Vrep =  1.4991181856E+01
           DelSqV =  1.5450348599E+03
           DelSqVen =  1.1959098494E+03
           DelSqVrep =  3.4912501053E+02
           DelSqG =  1.1505702219E+02
           DelSqK = -1.6600918821E+03
           Stress_EigVals = -2.0885746760E+00 -2.0881220868E+00 -1.8855106081E+00
           Stress_EigVec1 = -3.3625677423E-01  9.3515968111E-01  1.1139009202E-01
           Stress_EigVec2 =  1.1730497278E-01 -7.5766782724E-02  9.9020146334E-01
