AIMSum (Version 17.11.14, Professional)
Copyright (c) 1997-2017 by Todd A. Keith
AIMSum is a component of the AIMAll package ( http://aim.tkgristmill.com )

TP:  64-bit Linux

Much of the Quantum Theory of Atoms in Molecules (QTAIM) is described in the book:
  "Atoms in Molecules - A Quantum Theory"
  R.F.W. Bader, Oxford University Press, Oxford, 1990

For additional references see:  http://aim.tkgristmill.com/references.html

Wfn File:  /home/localuser/Desktop/AIMAll/emimbf4/wfn/340.wfn
Sum File:  /home/localuser/Desktop/AIMAll/emimbf4/wfn/340.sum

SumViz File:  /home/localuser/Desktop/AIMAll/emimbf4/wfn/340.sumviz

Wfn Title:  B3LYP                                                                          
 
Total memory allocated for AIMSum =        1.391 Megabytes

Atomic units (a.u.) used throughout, except where stated otherwise

Model:  Restricted SCF
 
Restricted, closed-shell, single-determinant wavefunction.
  Number of electrons (from MO Occs)                   =         102.0000000000
  Number of Alpha electrons (from MO Occs)             =          51.0000000000
  Number of Beta electrons (from MO Occs)              =          51.0000000000
  Number of electron pairs (N*(N-1)/2)                 =        5151.0000000000
  Number of electron pairs (from Muller 2EDM)          =        5151.0000000000
 
Nuclear Charges and Cartesian Coordinates:
-------------------------------------------------------------------------------
Atom      Charge                X                  Y                  Z
-------------------------------------------------------------------------------
C1         6.0          -2.1448294100E+00   9.2693069000E-01  -2.1580754600E+00
C2         6.0          -2.7732412500E+00  -1.5569464700E+00  -2.3205923100E+00
N3         7.0          -2.8412679400E+00   1.7558453300E+00   2.0924251000E-01
N4         7.0          -3.7407429300E+00  -2.2446072800E+00   3.3194500000E-03
C5         6.0          -3.7365497500E+00  -2.1714919000E-01   1.5071940900E+00
C6         6.0          -4.2683402500E+00  -4.8366033900E+00   8.0006040000E-01
H7         1.0          -5.3256135200E+00  -5.8002333400E+00  -6.7977482000E-01
H8         1.0          -5.3918041800E+00  -4.7996575200E+00   2.5232422400E+00
H9         1.0          -2.4819542700E+00  -5.8060448200E+00   1.1427722900E+00
C10        6.0          -2.0474220100E+00   4.1607174100E+00   1.4207350800E+00
H11        1.0          -4.2723333800E+00  -1.9796106000E-01   3.4682121500E+00
H12        1.0          -1.1958157300E+00   2.1191714400E+00  -3.4948023700E+00
H13        1.0          -2.4560710800E+00  -2.9085953500E+00  -3.8031850200E+00
C14        6.0          -9.2271806000E-01   6.0160842500E+00  -4.5741117000E-01
H15        1.0          -6.2911232000E-01   3.6313904100E+00   2.8189156000E+00
H16        1.0          -3.7080894900E+00   4.9444638800E+00   2.3625830500E+00
H17        1.0           8.1200129000E-01   5.2545420600E+00  -1.2733296300E+00
H18        1.0          -4.4222822000E-01   7.7493558700E+00   5.5289848000E-01
H19        1.0          -2.2569175200E+00   6.5074727900E+00  -1.9562934800E+00
B20        5.0           3.6458665200E+00  -6.8651964000E-01   1.1043110000E-01
F21        9.0           2.7578899800E+00  -2.9414183700E+00  -1.0285552200E+00
F22        9.0           1.9762989500E+00  -1.2333080000E-01   2.1962981100E+00
F23        9.0           6.1075221300E+00  -9.1612755000E-01   9.4214938000E-01
F24        9.0           3.3862780900E+00   1.3337217700E+00  -1.6556148200E+00
 
Some Atomic Properties:
----------------------
  q(A) = Net Charge of Atom A
  L(A) = Lagrangian of Atom A = -(1/4) Times Atomic Integral of the Laplacian of the Electron Density
  K(A) = Electronic Kinetic Energy of Atom A (Hamiltonian Form)
  K_Scaled(A) = K(A) * E(Mol)/K(Mol) = Approximation to Virial-Based Total Energy of Atom A.
  |Mu_Intra(A)| = Magnitude of Intraatomic Dipole Moment of Atom A
--------------------------------------------------------------------------------------------------
Atom A          q(A)              L(A)              K(A)          K_Scaled(A)      |Mu_Intra(A)|
--------------------------------------------------------------------------------------------------
C1        5.6448344860E-01  4.2566973635E-05  3.7464258633E+01 -3.7504602769E+01  7.8897158982E-01
C2        5.2772016980E-01 -3.9077162770E-04  3.7468984835E+01 -3.7509334061E+01  7.8691152313E-01
N3       -1.5415779152E+00  1.5562846827E-04  5.5382967679E+01 -5.5442607935E+01  1.8036889943E-01
N4       -1.5616001457E+00  5.0300651907E-05  5.5397172240E+01 -5.5456827793E+01  1.7271131698E-01
C5        1.3460638603E+00 -3.7282538930E-04  3.6962775740E+01 -3.7002579844E+01  8.8091162092E-01
C6        5.2455613340E-01 -1.1427339749E-04  3.7436298106E+01 -3.7476612133E+01  6.1729229653E-01
H7        2.7552912380E-02  2.3353142588E-05  6.1121661685E-01 -6.1187481769E-01  1.2132588814E-01
H8        1.6719725090E-02  2.5865113004E-05  6.1552475604E-01 -6.1618759619E-01  1.2022465553E-01
H9        7.0810845170E-02  3.1258625516E-05  5.9255003418E-01 -5.9318813353E-01  1.1884442623E-01
C10       4.5484412000E-01 -5.1174437314E-05  3.7484480119E+01 -3.7524846032E+01  6.0747229237E-01
H11       1.2848816714E-01  1.7678888533E-05  5.6508039811E-01 -5.6568891623E-01  1.1291525480E-01
H12       1.3356830490E-01  3.3362883517E-05  5.6636189065E-01 -5.6697178878E-01  1.1042078535E-01
H13       1.0671851427E-01  2.4792531432E-05  5.7205174605E-01 -5.7266777142E-01  1.1588776389E-01
C14       1.3627614640E-01  1.0754892593E-04  3.7688211771E+01 -3.7728797075E+01  1.4829119319E-01
H15       7.6780689640E-02  2.6517770749E-05  5.9923332346E-01 -5.9987861985E-01  1.1717029944E-01
H16      -1.3789067200E-02  2.3151985217E-05  6.3458872846E-01 -6.3527209803E-01  1.2422978392E-01
H17       5.4077915470E-02  4.4213993829E-06  5.9882594603E-01 -5.9947080372E-01  1.0492455106E-01
H18      -8.8177273000E-03  2.3161426830E-05  6.1993552801E-01 -6.2060311798E-01  1.2465175145E-01
H19      -3.7775759300E-02  2.6907724867E-05  6.3293678461E-01 -6.3361837525E-01  1.2639163434E-01
B20       2.5172932502E+00  3.6964801017E-04  2.3291144362E+01 -2.3316225897E+01  2.2191587000E-03
F21      -8.8191023590E-01  2.9337541337E-05  9.9838788429E+01 -9.9946301825E+01  2.7874419039E-01
F22      -8.8775161010E-01  6.7678584714E-05  9.9826925043E+01 -9.9934425664E+01  2.4325736566E-01
F23      -8.6792240420E-01  1.4579458681E-05  9.9861173354E+01 -9.9968710856E+01  3.3016982549E-01
F24      -8.8457827770E-01  3.2826561260E-05  9.9838857045E+01 -9.9946370515E+01  2.6932414053E-01
--------------------------------------------------------------------------------------------------
Total     2.3106016000E-04  2.0154181574E-04  7.6455034311E+02 -7.6537366444E+02
 
1st Largest |L(A)| = 3.9077162770E-04, atom C2      
2nd Largest |L(A)| = 3.7282538930E-04, atom C5      
 
Molecular charge q(Mol) from the wfn file:   0.0000000000E+00
Molecular energy E(Mol) from the wfn file:  -7.6756325133E+02
Molecular virial ratio (-V(Mol)/T(Mol)) from the wfn file:   2.0010768700E+00
Note.  K_Scaled(A) = (1+V(Mol)/T(Mol))*K(A) = (E(Mol)/T(Mol))*K(A)
       Only use K_Scaled(A) data with caution.
 
N_AIMInt(SumA)     =        101.999769
N_Analytic(Mol)    =        102.000000
 
G_AIMInt(SumA)     =        764.550142
G_Analytic(Mol)    =        764.550300
 
K_AIMInt(SumA)     =        764.550343
K_Analytic(Mol)    =        764.550300
 
L_AIMInt(SumA)     =          0.000202
L_Analytic(Mol)    =          0.000000
 
VenT_AIMInt(SumA)  =      -3592.474413
VenT_Analytic(Mol) =      -3592.477230
 
Some Information About the Atomic Calculations:
----------------------------------------------
  Time(sec) = "Elapsed User Time", in Seconds, for Atom A by AIMInt and, if used, by TWOe
  NProc = Number of Processors Used for AIMInt Job
  BIM = Basin Integration Method
  OAQ = Angular Quadrature Outside of Beta Sphere
  ORQ = Multiple of Default for Radial Quadrature Outside of Beta Sphere
  IAQ = Multiple of Default for Angular Quadrature Inside of Beta Sphere
  IRQ = Multiple of Default for Radial Quadrature Inside of Beta Sphere
  MIR = Maximum Integration Radius
------------------------------------------------------------------------------------------------------
Atom A     Time(sec)   NProc      BIM          OAQ                     ORQ      IAQ      IRQ      MIR
------------------------------------------------------------------------------------------------------
C1             70        4     Proaim(5)    4500(GS4)                  1.00     1.00     1.00    13.00
C2             61        4     Proaim(5)    4500(GS4)                  1.00     1.00     1.00    13.00
N3             68        4     Proaim(5)    4500(GS4)                  1.00     1.00     1.00    13.00
N4             52        4     Proaim(5)    4500(GS4)                  1.00     1.00     1.00    13.00
C5             46        4     Proaim(5)    5400(GS5)                  1.00     1.00     1.00    13.00
C6             50        4     Proaim(5)    4500(GS4)                  1.00     1.00     1.00    13.00
H7             10        4     Proaim(5)    1800(GS4)                  1.00     1.00     1.00    13.00
H8             10        4     Proaim(5)    1800(GS4)                  1.00     1.00     1.00    13.00
H9             13        4     Proaim(5)    1800(GS4)                  1.00     1.00     1.00    13.00
C10            53        4     Proaim(5)    4500(GS4)                  1.00     1.00     1.00    13.00
H11            10        4     Proaim(5)    1800(GS4)                  1.00     1.00     1.00    13.00
H12            22        4     Proaim(5)    1800(GS4)                  1.00     1.00     1.00    13.00
H13            11        4     Proaim(5)    1800(GS4)                  1.00     1.00     1.00    13.00
C14            44        4     Proaim(5)    4500(GS4)                  1.00     1.00     1.00    13.00
H15            21        4     Proaim(5)    4500(GS4)                  1.00     1.00     1.00    13.00
H16            12        4     Proaim(5)    1800(GS4)                  1.00     1.00     1.00    13.00
H17            19        4     Proaim(5)    4500(GS4)                  1.00     1.00     1.00    13.00
H18            11        4     Proaim(5)    1800(GS4)                  1.00     1.00     1.00    13.00
H19            11        4     Proaim(5)    1800(GS4)                  1.00     1.00     1.00    13.00
B20            62        4     Proaim(5)    4500(GS4)                  1.00     1.00     1.00    13.00
F21            39        4     Proaim(5)    4500(GS4)                  1.00     1.00     1.00    13.00
F22            41        4     Proaim(5)    4500(GS4)                  1.00     1.00     1.00    13.00
F23            24        4     Proaim(5)    2700(GS4)                  1.00     1.00     1.00    13.00
F24            40        4     Proaim(5)    4500(GS4)                  1.00     1.00     1.00    13.00
------------------------------------------------------------------------------------------------------
Total         800
Note:  Total wall clock time is less than total of atomic times if more than one atom
       was calculated at a time
 
Electron Density Critical Point Analysis of Molecular Structure:               
---------------------------------------------------------------                
  NACP = Nuclear Attractor Critical Point                                      
  NNACP = Non-Nuclear Attractor Critical Point                                 
  BCP = Bond Critical Point                                                    
  RCP = Ring Critical Point                                                    
  CCP = Cage Critical Point                                                    
  Rho = Electron Density                                                       
  GradRho = Gradient of Electron Density                                       
  HessRho_EigVals = Eigenvalues of the Hessian of Rho, Ascending Order         
  HessRho_EigVecs = Eigenvectors of the Hessian of Rho                         
  DelSqRho = Laplacian of Rho = Trace of Hessian of Rho                        
  Bond Ellipticity = (HessRho_EigVal(1) / HessRho_EigVal(2)) - 1               
  V = Virial Field = Potential Energy Density = Trace of Stress Tensor         
  G = Lagrangian Form of Kinetic Energy Density                                
  K = Hamiltonian Form of Kinetic Energy Density                               
  L = K - G = Lagrangian Density = (-1/4)DelSqRho                              
  Vnuc = Electrostatic Potential from Nuclei                                   
  Ven = Electron-nuclear attractive contribution to Virial Field V             
  Vrep = V - Ven = Repulsive contribution to Virial Field V                    
  DelSqV = Laplacian of V                                                      
  DelSqVen = Laplacian of Ven                                                  
  DelSqVrep = Laplacian of Vrep                                                
  DelSqG = Laplacian of G                                                      
  DelSqK = Laplacian of K                                                      
  Stress_EigVals = Eigenvalues of Stress Tensor, Ascending Order               
  Stress_EigVecs = Eigenvectors of Stress Tensor                               
  -DivStress = Ehrenfest Force Density = Minus Divergence of Stress Tensor     
  ESP = Total Electrostatic Potential                                          
  ESPe = Electrostatic Potential from Electrons                                
  ESPn = Electrostatic Potential from Nuclei                                   
  BP = Bond Path                                                               
  BPL = Bond Path Length                                                       
  GBL = Geometric Bond Length                                                  
  GBL_I = Distance Between Nuclear Attractors                                  
  GBL_II = Distance Between Nuclei                                             
  GBL_III = Sum of Distances Between BCP and Nuclear Attractors                
  GBL_IV = Sum of Distances Between BCP and Nuclei                             

CP# 1      Coords = -2.14483198259010E+00  9.26933406024275E-01 -2.15807094591119E+00
           Type = (3,-3) NACP C1
           Rho =  1.1952633453E+02     Rho at Nucleus =  1.1952633141E+02
           GradRho = -1.6431592198E-11 -1.2188930421E-12 -2.8437967259E-11
           HessRho_EigVals = -1.8124513649E+05 -1.8124508174E+05 -1.8124239468E+05
           HessRho_EigVec1 =  9.2217930468E-01 -3.8523008064E-01 -3.4396438678E-02
           HessRho_EigVec2 =  1.6637725719E-01  3.1484566633E-01  9.3444679607E-01
           HessRho_EigVec3 =  3.4914744495E-01  8.6745028178E-01 -3.5443768186E-01
           DelSqRho = -5.4373261292E+05
           Bond Ellipticity = NA
           V = -1.3594724623E+05
           G =  7.0464994925E+00
           K =  1.3594019973E+05
           L =  1.3593315323E+05
           Vnuc =  1.0234277887E+06
           Ven = -1.2232657223E+08
           Vrep =  1.2219062499E+08
           DelSqV =  4.6072769616E+09
           DelSqVen =  5.5647106509E+11
           DelSqVrep = -5.5186378864E+11
           DelSqG =  2.0614506005E+08
           DelSqK = -4.8134220217E+09
           Stress_EigVals = -4.5316360494E+04 -4.5315566356E+04 -4.5315319378E+04
           Stress_EigVec1 =  3.6161868603E-01  8.6307942509E-01 -3.5259868392E-01
           Stress_EigVec2 = -1.7984620599E-01  4.3566477645E-01  8.8195892464E-01
           Stress_EigVec3 =  9.1481542844E-01 -2.5551929192E-01  3.1276608408E-01
           -DivStress =  3.8559346093E+03 -4.0722425271E+03 -6.7652095590E+03
           ESP =  -1.4651427300E+01     ESP at Nucleus =  -1.4651427387E+01
           ESPe = -3.4424702247E+01     ESPe at Nucleus = -3.4424696069E+01
           ESPn =  1.9773274947E+01     ESPn at Nucleus =  1.9773268682E+01

CP# 2      Coords = -2.77324431732977E+00 -1.55694890060105E+00 -2.32058800452453E+00
           Type = (3,-3) NACP C2
           Rho =  1.1949829864E+02     Rho at Nucleus =  1.1949829557E+02
           GradRho = -1.9815373301E-11 -1.0160058125E-11  3.7970178651E-11
           HessRho_EigVals = -1.8120226017E+05 -1.8120164046E+05 -1.8119957666E+05
           HessRho_EigVec1 = -3.8518302081E-01 -3.5229936389E-01  8.5294735985E-01
           HessRho_EigVec2 = -9.1671088593E-01  2.5241756234E-01 -3.0972007657E-01
           HessRho_EigVec3 =  1.0618470742E-01  9.0120504461E-01  4.2018362115E-01
           DelSqRho = -5.4360347728E+05
           Bond Ellipticity = NA
           V = -1.3591502512E+05
           G =  7.0778980752E+00
           K =  1.3590794722E+05
           L =  1.3590086932E+05
           Vnuc =  1.0312352182E+06
           Ven = -1.2323085407E+08
           Vrep =  1.2309493904E+08
           DelSqV =  4.6061883666E+09
           DelSqVen =  5.6058305382E+11
           DelSqVrep = -5.5597686495E+11
           DelSqG =  2.0609559310E+08
           DelSqK = -4.8122839597E+09
           Stress_EigVals = -4.5305566748E+04 -4.5304764720E+04 -4.5304693649E+04
           Stress_EigVec1 =  8.5972731736E-02  9.0197549795E-01  4.2314169081E-01
           Stress_EigVec2 = -4.0416825936E-01 -3.5662233251E-01  8.4229954890E-01
           Stress_EigVec3 =  9.1063533180E-01 -2.4343523379E-01  3.3389007087E-01
           -DivStress =  4.5971999424E+03  3.6435872073E+03 -6.4508649346E+03
           ESP =  -1.4651348700E+01     ESP at Nucleus =  -1.4651348785E+01
           ESPe = -3.3571940019E+01     ESPe at Nucleus = -3.3571935571E+01
           ESPn =  1.8920591319E+01     ESPn at Nucleus =  1.8920586785E+01

CP# 3      Coords = -2.84126761155158E+00  1.75584346166315E+00  2.09243117416669E-01
           Type = (3,-3) NACP N3
           Rho =  1.9377088568E+02     Rho at Nucleus =  1.9377088488E+02
           GradRho =  8.5670505412E-11 -2.5461206060E-11 -4.2641862263E-12
           HessRho_EigVals = -4.0300101514E+05 -4.0299974414E+05 -4.0299466571E+05
           HessRho_EigVec1 = -4.5563361874E-01 -4.5637853062E-01  7.6427523986E-01
           HessRho_EigVec2 =  2.1649554479E-01  7.7598252627E-01  5.9243632401E-01
           HessRho_EigVec3 =  8.6343945043E-01 -4.3539609060E-01  2.5475980791E-01
           DelSqRho = -1.2089954250E+06
           Bond Ellipticity = NA
           V = -3.0229644468E+05
           G =  2.3794216381E+01
           K =  3.0227265047E+05
           L =  3.0224885625E+05
           Vnuc =  3.5143190286E+06
           Ven = -6.8097271072E+08
           Vrep =  6.8067041428E+08
           DelSqV =  1.4117349621E+10
           DelSqVen =  4.2487957586E+12
           DelSqVrep = -4.2346784254E+12
           DelSqG =  6.2870875342E+08
           DelSqK = -1.4746058375E+10
           Stress_EigVals = -1.0076615948E+05 -1.0076530435E+05 -1.0076498085E+05
           Stress_EigVec1 =  8.4516166030E-01 -4.8161713650E-01  2.3183334918E-01
           Stress_EigVec2 =  2.7722518352E-01  7.6580037029E-01  5.8025510811E-01
           Stress_EigVec3 = -4.5699886825E-01 -4.2613932780E-01  7.8074151146E-01
           -DivStress = -1.5069326798E+03  8.5809311941E+03 -2.7899062534E+03
           ESP =  -1.8229181566E+01     ESP at Nucleus =  -1.8229181579E+01
           ESPe = -3.8340841563E+01     ESPe at Nucleus = -3.8340839249E+01
           ESPn =  2.0111659997E+01     ESPn at Nucleus =  2.0111657670E+01

CP# 4      Coords = -3.74074281776273E+00 -2.24460674494133E+00  3.32021177366791E-03
           Type = (3,-3) NACP N4
           Rho =  1.9373812298E+02     Rho at Nucleus =  1.9373812281E+02
           GradRho =  1.5770067543E-10  7.1316623830E-10  9.3267171677E-10
           HessRho_EigVals = -4.0293138717E+05 -4.0293067300E+05 -4.0292509732E+05
           HessRho_EigVec1 = -1.2219946536E-01  7.6321250090E-01  6.3448717019E-01
           HessRho_EigVec2 = -2.4103951022E-01 -6.4296026553E-01  7.2698146569E-01
           HessRho_EigVec3 =  9.6279138196E-01 -6.4099730315E-02  2.6253376811E-01
           DelSqRho = -1.2087871575E+06
           Bond Ellipticity = NA
           V = -3.0224449238E+05
           G =  2.3851503007E+01
           K =  3.0222064088E+05
           L =  3.0219678937E+05
           Vnuc =  7.4655057039E+06
           Ven = -1.4463530622E+09
           Vrep =  1.4460508177E+09
           DelSqV =  1.4114930977E+10
           DelSqVen =  9.0242073231E+12
           DelSqVrep = -9.0100923922E+12
           DelSqG =  6.2859865402E+08
           DelSqK = -1.4743529631E+10
           Stress_EigVals = -1.0074886985E+05 -1.0074789410E+05 -1.0074772843E+05
           Stress_EigVec1 =  9.6846749820E-01 -2.2816627285E-02  2.4809293915E-01
           Stress_EigVec2 =  1.8144585404E-01  7.4698509066E-01 -6.3960196715E-01
           Stress_EigVec3 = -1.7072816695E-01  6.6444915219E-01  7.2757076437E-01
           -DivStress = -5.1310087289E+02 -2.4579088983E+03 -3.4991957326E+03
           ESP =  -1.8217891969E+01     ESP at Nucleus =  -1.8217891971E+01
           ESPe = -3.7206992238E+01     ESPe at Nucleus = -3.7206991523E+01
           ESPn =  1.8989100269E+01     ESPn at Nucleus =  1.8989099552E+01

CP# 5      Coords = -3.73654994794375E+00 -2.17149308252735E-01  1.50719057148631E+00
           Type = (3,-3) NACP C5
           Rho =  1.1954080844E+02     Rho at Nucleus =  1.1954080732E+02
           GradRho = -1.6449425155E-11 -7.8657913516E-13 -1.6502285649E-11
           HessRho_EigVals = -1.8126903876E+05 -1.8126790971E+05 -1.8126638558E+05
           HessRho_EigVec1 =  8.9517233473E-01 -3.0557612773E-01  3.2448377663E-01
           HessRho_EigVec2 =  2.7853067791E-01  9.5186006475E-01  1.2799640069E-01
           HessRho_EigVec3 = -3.4797579312E-01 -2.4200150569E-02  9.3719112251E-01
           DelSqRho = -5.4380333404E+05
           Bond Ellipticity = NA
           V = -1.3596466239E+05
           G =  6.9144396628E+00
           K =  1.3595774795E+05
           L =  1.3595083351E+05
           Vnuc =  1.7016350508E+06
           Ven = -2.0341482965E+08
           Vrep =  2.0327886499E+08
           DelSqV =  4.6078722880E+09
           DelSqVen =  9.2535479501E+11
           DelSqVrep = -9.2074692272E+11
           DelSqG =  2.0617331817E+08
           DelSqK = -4.8140456062E+09
           Stress_EigVals = -4.5322024286E+04 -4.5321613662E+04 -4.5321024442E+04
           Stress_EigVec1 = -3.3289478890E-01 -2.8520916864E-02  9.4253255478E-01
           Stress_EigVec2 =  2.3965394112E-01  9.6416345125E-01  1.1381927683E-01
           Stress_EigVec3 =  9.1200167107E-01 -2.6377148552E-01  3.1412983844E-01
           -DivStress =  2.9747639959E+02  1.7734069297E+02  5.2740170885E+03
           ESP =  -1.4576392108E+01     ESP at Nucleus =  -1.4576392127E+01
           ESPe = -3.3994200350E+01     ESPe at Nucleus = -3.3994194194E+01
           ESPn =  1.9417808242E+01     ESPn at Nucleus =  1.9417802067E+01

CP# 6      Coords = -4.26833975886468E+00 -4.83659686833058E+00  8.00058594713590E-01
           Type = (3,-3) NACP C6
           Rho =  1.1937301656E+02     Rho at Nucleus =  1.1937301239E+02
           GradRho = -2.4954089359E-11 -4.6285852755E-11 -6.3105664899E-12
           HessRho_EigVals = -1.8101191903E+05 -1.8100865995E+05 -1.8100845790E+05
           HessRho_EigVec1 =  2.0672549315E-01  9.3315264506E-01 -2.9409303204E-01
           HessRho_EigVec2 = -9.6287367911E-02  3.1853052026E-01  9.4300957071E-01
           HessRho_EigVec3 =  9.7364948173E-01 -1.6662667457E-01  1.5569919093E-01
           DelSqRho = -5.4302903688E+05
           Bond Ellipticity = NA
           V = -1.3577123909E+05
           G =  6.9899347392E+00
           K =  1.3576424915E+05
           L =  1.3575725922E+05
           Vnuc =  8.8435506227E+05
           Ven = -1.0556813149E+08
           Vrep =  1.0543236025E+08
           DelSqV =  4.6013387375E+09
           DelSqVen =  4.8023047603E+11
           DelSqVrep = -4.7562913704E+11
           DelSqG =  2.0587568804E+08
           DelSqK = -4.8072144256E+09
           Stress_EigVals = -4.5257405553E+04 -4.5257354504E+04 -4.5256479033E+04
           Stress_EigVec1 =  9.7447542469E-01 -1.6286201357E-01  1.5451087729E-01
           Stress_EigVec2 = -9.6375374785E-02  3.1812074030E-01  9.4313889843E-01
           Stress_EigVec3 =  2.0275461475E-01  9.3395672230E-01 -2.9430495591E-01
           -DivStress = -7.3463415443E+02 -9.7611659807E+03  2.7018956992E+03
           ESP =  -1.4633365193E+01     ESP at Nucleus =  -1.4633365293E+01
           ESPe = -2.9776692182E+01     ESPe at Nucleus = -2.9776679404E+01
           ESPn =  1.5143326989E+01     ESPn at Nucleus =  1.5143314111E+01

CP# 7      Coords = -5.30958950533004E+00 -5.78507793782123E+00 -6.57800701976640E-01
           Type = (3,-3) NACP H7
           Rho =  4.3141621597E-01     Rho at Nucleus =  4.2754588275E-01
           GradRho =  3.2292970507E-09  3.0519397849E-09  4.4307831870E-09
           HessRho_EigVals = -8.4499225221E+00 -8.4423014224E+00 -7.6989254922E+00
           HessRho_EigVec1 = -8.9687814723E-02  8.5104819100E-01 -5.1737131007E-01
           HessRho_EigVec2 =  8.5293091336E-01 -2.0259073057E-01 -4.8110898238E-01
           HessRho_EigVec3 =  5.1426156081E-01  4.8443159731E-01  7.0771539096E-01
           DelSqRho = -2.4591149437E+01
           Bond Ellipticity = NA
           V = -6.1587297062E+00
           G =  5.4711735103E-03
           K =  6.1532585327E+00
           L =  6.1477873592E+00
           Vnuc =  4.7126211959E+01
           Ven = -2.0331012036E+01
           Vrep =  1.4172282330E+01
           DelSqV =  1.5757731465E+03
           DelSqVen =  1.1588877336E+03
           DelSqVrep =  4.1688541292E+02
           DelSqG =  1.1724892813E+02
           DelSqK = -1.6930220746E+03
           Stress_EigVals = -2.1162432232E+00 -2.1156957952E+00 -1.9267906878E+00
           Stress_EigVec1 = -7.6692974100E-01  6.2950326507E-01  1.2467722983E-01
           Stress_EigVec2 =  3.8443944805E-01  6.0624938281E-01 -6.9618100852E-01
           Stress_EigVec3 =  5.1383371159E-01  4.8599107513E-01  7.0695656990E-01
           -DivStress = -8.2497432286E+00 -7.8033664072E+00 -1.1315482413E+01
           ESP =  -1.0485786136E+00     ESP at Nucleus =  -1.0499589611E+00
           ESPe = -1.6055417679E+01     ESPe at Nucleus = -1.5973505180E+01
           ESPn =  1.5006839066E+01     ESPn at Nucleus =  1.4923546219E+01

CP# 8      Coords = -5.37484251042622E+00 -4.79913261383608E+00  2.49732540605003E+00
           Type = (3,-3) NACP H8
           Rho =  4.3206849294E-01     Rho at Nucleus =  4.2823017771E-01
           GradRho =  9.4638550740E-15 -1.5333769682E-15 -8.7931457725E-15
           HessRho_EigVals = -8.4592730123E+00 -8.4524970930E+00 -7.7150544455E+00
           HessRho_EigVec1 = -8.0107040555E-02  9.9591078012E-01 -4.1768170856E-02
           HessRho_EigVec2 =  8.3332528513E-01  8.9904179842E-02  5.4542296212E-01
           HessRho_EigVec3 = -5.4694774084E-01 -8.8857464582E-03  8.3711959259E-01
           DelSqRho = -2.4626824551E+01
           Bond Ellipticity = NA
           V = -6.1678444895E+00
           G =  5.5691758954E-03
           K =  6.1622753136E+00
           L =  6.1567061377E+00
           Vnuc =  4.7508506964E+01
           Ven = -2.0526929006E+01
           Vrep =  1.4359084517E+01
           DelSqV =  1.5784942274E+03
           DelSqVen =  1.1699836657E+03
           DelSqVrep =  4.0851056174E+02
           DelSqG =  1.1741102864E+02
           DelSqK = -1.6959052561E+03
           Stress_EigVals = -2.1188298664E+00 -2.1182081238E+00 -1.9308064992E+00
           Stress_EigVec1 =  8.1384638875E-01 -2.4187409948E-01  5.2834740041E-01
           Stress_EigVec2 =  1.9685644194E-01  9.7024866822E-01  1.4094347481E-01
           Stress_EigVec3 = -5.4671893765E-01 -1.0697748644E-02  8.3724784944E-01
           -DivStress = -8.7451142861E+00 -2.6806845492E-01  1.3363777801E+01
           ESP =  -1.0432994708E+00     ESP at Nucleus =  -1.0446752856E+00
           ESPe = -1.6271161809E+01     ESPe at Nucleus = -1.6191520733E+01
           ESPn =  1.5227862339E+01     ESPn at Nucleus =  1.5146845448E+01

CP# 9      Coords = -2.50957163099637E+00 -5.79107773335550E+00  1.13746245790382E+00
           Type = (3,-3) NACP H9
           Rho =  4.2675385834E-01     Rho at Nucleus =  4.2274971992E-01
           GradRho = -5.9307105667E-14  2.9001703383E-14 -1.1627404226E-14
           HessRho_EigVals = -8.3634022267E+00 -8.3550263702E+00 -7.5934194794E+00
           HessRho_EigVec1 =  5.0233091443E-01  8.3816644911E-01 -2.1246330507E-01
           HessRho_EigVec2 = -4.0037998700E-02  2.6799782259E-01  9.6258720423E-01
           HessRho_EigVec3 =  8.6374800206E-01 -4.7503070499E-01  1.6818209849E-01
           DelSqRho = -2.4311848076E+01
           Bond Ellipticity = NA
           V = -6.0884514956E+00
           G =  5.2447382614E-03
           K =  6.0832067573E+00
           L =  6.0779620191E+00
           Vnuc =  4.7673425311E+01
           Ven = -2.0344818191E+01
           Vrep =  1.4256366696E+01
           DelSqV =  1.5557889705E+03
           DelSqVen =  1.1590290734E+03
           DelSqVrep =  3.9675989706E+02
           DelSqG =  1.1586229224E+02
           DelSqK = -1.6716512627E+03
           Stress_EigVals = -2.0941246598E+00 -2.0939302391E+00 -1.9003965967E+00
           Stress_EigVec1 =  4.3658231363E-01  8.7122973433E-01  2.2439838113E-01
           Stress_EigVec2 = -2.5340926188E-01 -1.2023973894E-01  9.5985735981E-01
           Stress_EigVec3 =  8.6323787534E-01 -4.7592137503E-01  1.6828314049E-01
           -DivStress =  1.4060061407E+01 -7.6229118735E+00  2.7041629407E+00
           ESP =  -1.0573274423E+00     ESP at Nucleus =  -1.0587458438E+00
           ESPe = -1.7341377170E+01     ESPe at Nucleus = -1.7275438130E+01
           ESPn =  1.6284049727E+01     ESPn at Nucleus =  1.6216692286E+01

CP# 10     Coords = -2.04742502827311E+00  4.16071176866853E+00  1.42073131310013E+00
           Type = (3,-3) NACP C10
           Rho =  1.1939014537E+02     Rho at Nucleus =  1.1939014038E+02
           GradRho =  2.1438183910E-11  4.9826281556E-11  1.1539426858E-11
           HessRho_EigVals = -1.8104206300E+05 -1.8103856581E+05 -1.8103804737E+05
           HessRho_EigVec1 =  2.6460632525E-01  8.5091824912E-01  4.5378588117E-01
           HessRho_EigVec2 = -7.0234426680E-01 -1.5240760392E-01  6.9533046328E-01
           HessRho_EigVec3 =  6.6082979922E-01 -5.0270275071E-01  5.5730953777E-01
           DelSqRho = -5.4311867619E+05
           Bond Ellipticity = NA
           V = -1.3579339774E+05
           G =  6.8643452316E+00
           K =  1.3578653339E+05
           L =  1.3577966905E+05
           Vnuc =  8.0814601257E+05
           Ven = -9.6484669923E+07
           Vrep =  9.6348876525E+07
           DelSqV =  4.6020962815E+09
           DelSqVen =  4.3891919315E+11
           DelSqVrep = -4.3431709681E+11
           DelSqG =  2.0591383295E+08
           DelSqK = -4.8080101145E+09
           Stress_EigVals = -4.5264871913E+04 -4.5264744393E+04 -4.5263781431E+04
           Stress_EigVec1 =  6.4268178901E-01 -5.1277818407E-01  5.6922636272E-01
           Stress_EigVec2 = -7.1770612274E-01 -1.4299700585E-01  6.8150552286E-01
           Stress_EigVec3 =  2.6806349893E-01  8.4652843441E-01  4.5992561386E-01
           -DivStress =  4.5202457937E+03  8.4459546346E+03  5.6374701606E+03
           ESP =  -1.4646322023E+01     ESP at Nucleus =  -1.4646322144E+01
           ESPe = -3.2231385415E+01     ESPe at Nucleus = -3.2231374455E+01
           ESPn =  1.7585063392E+01     ESPn at Nucleus =  1.7585052311E+01

CP# 11     Coords = -4.26369606574018E+00 -1.98312398564425E-01  3.43497052302374E+00
           Type = (3,-3) NACP H11
           Rho =  4.2343325002E-01     Rho at Nucleus =  4.1885005767E-01
           GradRho = -2.9567819547E-15 -4.1321655299E-17  1.5256892971E-15
           HessRho_EigVals = -8.2741103420E+00 -8.2619036363E+00 -7.4291418129E+00
           HessRho_EigVec1 =  2.1293145267E-01  9.7597874362E-01  4.6105189076E-02
           HessRho_EigVec2 =  9.4329014494E-01 -2.1764139223E-01  2.5067095336E-01
           HessRho_EigVec3 = -2.5468391966E-01  9.8851597539E-03  9.6697382833E-01
           DelSqRho = -2.3965155791E+01
           Bond Ellipticity = NA
           V = -6.0008848196E+00
           G =  4.7979358981E-03
           K =  5.9960868837E+00
           L =  5.9912889478E+00
           Vnuc =  4.6867424685E+01
           Ven = -1.9845225954E+01
           Vrep =  1.3844341135E+01
           DelSqV =  1.5250151896E+03
           DelSqVen =  1.1231851341E+03
           DelSqVrep =  4.0183005553E+02
           DelSqG =  1.1349914807E+02
           DelSqK = -1.6385143377E+03
           Stress_EigVals = -2.0712140191E+00 -2.0711588618E+00 -1.8585119387E+00
           Stress_EigVec1 =  9.6683278690E-01  2.3542469676E-02  2.5432285445E-01
           Stress_EigVec2 = -2.0238273641E-02  9.9967345326E-01 -1.5601254012E-02
           Stress_EigVec3 = -2.5460709820E-01  9.9367483737E-03  9.6699352975E-01
           -DivStress = -4.3350866497E+00  1.7656590279E-01  1.6679045466E+01
           ESP =  -9.8210220264E-01     ESP at Nucleus =  -9.8381379471E-01
           ESPe = -1.8735099938E+01     ESPe at Nucleus = -1.8626505064E+01
           ESPn =  1.7752997736E+01     ESPn at Nucleus =  1.7642691269E+01

CP# 12     Coords = -1.21275243755938E+00  2.09974541162064E+00 -3.47220865400411E+00
           Type = (3,-3) NACP H12
           Rho =  4.2366886496E-01     Rho at Nucleus =  4.1909551729E-01
           GradRho =  3.2867588859E-16  1.2813914426E-15  8.1532003371E-16
           HessRho_EigVals = -8.2882691804E+00 -8.2777253056E+00 -7.4462536996E+00
           HessRho_EigVec1 =  1.3805183677E-02 -7.6237877006E-01 -6.4698379259E-01
           HessRho_EigVec2 =  8.7402571942E-01 -3.0508856774E-01  3.7815341811E-01
           HessRho_EigVec3 = -4.8568349642E-01 -5.7070095216E-01  6.6212684925E-01
           DelSqRho = -2.4012248186E+01
           Bond Ellipticity = NA
           V = -6.0137983267E+00
           G =  5.3681401286E-03
           K =  6.0084301865E+00
           L =  6.0030620464E+00
           Vnuc =  4.8204169921E+01
           Ven = -2.0422605957E+01
           Vrep =  1.4408807630E+01
           DelSqV =  1.5287173574E+03
           DelSqVen =  1.1574904917E+03
           DelSqVrep =  3.7122686563E+02
           DelSqG =  1.1390606479E+02
           DelSqK = -1.6426234222E+03
           Stress_EigVals = -2.0757794202E+00 -2.0752267771E+00 -1.8627921293E+00
           Stress_EigVec1 =  8.7206949729E-01 -2.6608919487E-01  4.1072050383E-01
           Stress_EigVec2 =  5.7570546506E-02 -7.7765548009E-01 -6.2604918853E-01
           Stress_EigVec3 = -4.8598397511E-01 -5.6960380499E-01  6.6285072322E-01
           -DivStress =  8.5141446365E+00  9.7700395477E+00 -1.1365355181E+01
           ESP =  -1.0382489953E+00     ESP at Nucleus =  -1.0399287631E+00
           ESPe = -2.0065678852E+01     ESPe at Nucleus = -1.9969206588E+01
           ESPn =  1.9027429857E+01     ESPn at Nucleus =  1.8929277825E+01

CP# 13     Coords = -2.46217057901768E+00 -2.88670753415992E+00 -3.77842829061286E+00
           Type = (3,-3) NACP H13
           Rho =  4.2306270711E-01     Rho at Nucleus =  4.1866338865E-01
           GradRho = -3.2415476553E-15  9.4112543279E-15  8.3430441375E-15
           HessRho_EigVals = -8.2808829620E+00 -8.2686689662E+00 -7.4652644140E+00
           HessRho_EigVec1 =  3.6850271564E-01  7.3717383836E-01 -5.6637485873E-01
           HessRho_EigVec2 = -9.1302274109E-01  1.7236142857E-01 -3.6970395210E-01
           HessRho_EigVec3 = -1.7491490167E-01  6.5335003633E-01  7.3657213306E-01
           DelSqRho = -2.4014816342E+01
           Bond Ellipticity = NA
           V = -6.0148336226E+00
           G =  5.5647685109E-03
           K =  6.0092688540E+00
           L =  6.0037040855E+00
           Vnuc =  4.7262583133E+01
           Ven = -1.9995036365E+01
           Vrep =  1.3980202743E+01
           DelSqV =  1.5313381895E+03
           DelSqVen =  1.1350022538E+03
           DelSqVrep =  3.9633593575E+02
           DelSqG =  1.1407818847E+02
           DelSqK = -1.6454163780E+03
           Stress_EigVals = -2.0741232752E+00 -2.0732025201E+00 -1.8675078273E+00
           Stress_EigVec1 =  8.9982188487E-01 -1.9778184015E-01  3.8884819558E-01
           Stress_EigVec2 =  3.9959327701E-01  7.3132667476E-01 -5.5270833877E-01
           Stress_EigVec3 = -1.7505938555E-01  6.5272018391E-01  7.3709604058E-01
           -DivStress =  3.0659212795E+00 -1.1008507822E+01 -1.2455163612E+01
           ESP =  -1.0313750664E+00     ESP at Nucleus =  -1.0330069690E+00
           ESPe = -1.8534900419E+01     ESPe at Nucleus = -1.8432600576E+01
           ESPn =  1.7503525353E+01     ESPn at Nucleus =  1.7399593607E+01

CP# 14     Coords = -9.22719735447546E-01  6.01608346598725E+00 -4.57409778890922E-01
           Type = (3,-3) NACP C14
           Rho =  1.1935893141E+02     Rho at Nucleus =  1.1935893092E+02
           GradRho = -4.1055782324E-09 -1.8503377125E-09  3.4046779278E-09
           HessRho_EigVals = -1.8098608222E+05 -1.8098520010E+05 -1.8098480037E+05
           HessRho_EigVec1 =  3.0615158191E-01  7.0142326877E-01 -6.4364322953E-01
           HessRho_EigVec2 =  6.4917269641E-01  3.4070368182E-01  6.8007044593E-01
           HessRho_EigVec3 =  6.9630885326E-01 -6.2604025368E-01 -3.5103786356E-01
           DelSqRho = -5.4295608269E+05
           Bond Ellipticity = NA
           V = -1.3575329401E+05
           G =  7.1366693013E+00
           K =  1.3574615734E+05
           L =  1.3573902067E+05
           Vnuc =  2.5923497585E+06
           Ven = -3.0942009701E+08
           Vrep =  3.0928434371E+08
           DelSqV =  4.6007248158E+09
           DelSqVen =  1.4075321180E+12
           DelSqVrep = -1.4029313983E+12
           DelSqG =  2.0584509013E+08
           DelSqK = -4.8065699059E+09
           Stress_EigVals = -4.5251244060E+04 -4.5251138680E+04 -4.5250911271E+04
           Stress_EigVec1 =  6.9635397531E-01 -6.2938456913E-01 -3.4491477963E-01
           Stress_EigVec2 =  6.4804245699E-01  3.4486455735E-01  6.7905037444E-01
           Stress_EigVec3 =  3.0843494453E-01  6.9637884892E-01 -6.4801572803E-01
           -DivStress =  2.5065330362E+03  1.1715141269E+03 -2.0795694679E+03
           ESP =  -1.4712291859E+01     ESP at Nucleus =  -1.4712291870E+01
           ESPe = -2.9982049036E+01     ESPe at Nucleus = -2.9982046802E+01
           ESPn =  1.5269757177E+01     ESPn at Nucleus =  1.5269754932E+01

CP# 15     Coords = -6.51782935049689E-01  3.63984518611845E+00  2.79772615188020E+00
           Type = (3,-3) NACP H15
           Rho =  4.3061562669E-01     Rho at Nucleus =  4.2650293125E-01
           GradRho = -3.6234036604E-16  2.9360194831E-16 -1.2114332974E-15
           HessRho_EigVals = -8.4348850073E+00 -8.4271266113E+00 -7.6462384571E+00
           HessRho_EigVec1 =  7.4756347388E-02  9.5512036509E-01  2.8662968570E-01
           HessRho_EigVec2 = -7.1204482322E-01 -1.5010644927E-01  6.8590103048E-01
           HessRho_EigVec3 =  6.9814300702E-01 -2.5536863959E-01  6.6886710164E-01
           DelSqRho = -2.4508250076E+01
           Bond Ellipticity = NA
           V = -6.1378279434E+00
           G =  5.3827122408E-03
           K =  6.1324452312E+00
           L =  6.1270625189E+00
           Vnuc =  4.9831579937E+01
           Ven = -2.1458257024E+01
           Vrep =  1.5320429080E+01
           DelSqV =  1.5671111496E+03
           DelSqVen =  1.2212848228E+03
           DelSqVrep =  3.4582632687E+02
           DelSqG =  1.1670643239E+02
           DelSqK = -1.6838175820E+03
           Stress_EigVals = -2.1121100823E+00 -2.1118859960E+00 -1.9138318651E+00
           Stress_EigVec1 =  2.2753893292E-01  9.6514502849E-01  1.2931012331E-01
           Stress_EigVec2 = -6.7855214406E-01  6.1907725025E-02  7.3193880985E-01
