AIMSum (Version 17.11.14, Professional)
Copyright (c) 1997-2017 by Todd A. Keith
AIMSum is a component of the AIMAll package ( http://aim.tkgristmill.com )

TP:  64-bit Linux

Much of the Quantum Theory of Atoms in Molecules (QTAIM) is described in the book:
  "Atoms in Molecules - A Quantum Theory"
  R.F.W. Bader, Oxford University Press, Oxford, 1990

For additional references see:  http://aim.tkgristmill.com/references.html

Wfn File:  /home/localuser/Desktop/AIMAll/emimbf4/wfn/350.wfn
Sum File:  /home/localuser/Desktop/AIMAll/emimbf4/wfn/350.sum

SumViz File:  /home/localuser/Desktop/AIMAll/emimbf4/wfn/350.sumviz

Wfn Title:  B3LYP                                                                          
 
Total memory allocated for AIMSum =        1.420 Megabytes

Atomic units (a.u.) used throughout, except where stated otherwise

Model:  Restricted SCF
 
Restricted, closed-shell, single-determinant wavefunction.
  Number of electrons (from MO Occs)                   =         102.0000000000
  Number of Alpha electrons (from MO Occs)             =          51.0000000000
  Number of Beta electrons (from MO Occs)              =          51.0000000000
  Number of electron pairs (N*(N-1)/2)                 =        5151.0000000000
  Number of electron pairs (from Muller 2EDM)          =        5151.0000000000
 
Nuclear Charges and Cartesian Coordinates:
-------------------------------------------------------------------------------
Atom      Charge                X                  Y                  Z
-------------------------------------------------------------------------------
C1         6.0           2.2839538600E+00  -8.9033492000E-01  -2.2660635100E+00
C2         6.0           2.9250306600E+00   1.5938628600E+00  -2.3188327900E+00
N3         7.0           2.9658845100E+00  -1.8203072700E+00   6.9364070000E-02
N4         7.0           3.8122073600E+00   2.1943635300E+00   6.2278660000E-02
C5         6.0           3.7985635900E+00   1.0047756000E-01   1.4750764000E+00
C6         6.0           4.2011233100E+00   4.7656068600E+00   9.9821170000E-01
H7         1.0           5.4399750500E+00   5.7854178000E+00  -2.9177781000E-01
H8         1.0           5.0724892200E+00   4.6821029800E+00   2.8597013400E+00
H9         1.0           2.3691949800E+00   5.7019183900E+00   1.1246236300E+00
C10        6.0           2.5656960800E+00  -4.4240945800E+00   1.0149793800E+00
H11        1.0           4.3090748100E+00  -4.2804000000E-03   3.4398696400E+00
H12        1.0           1.3839731900E+00  -2.0405063800E+00  -3.6746615000E+00
H13        1.0           2.5941359700E+00   3.0136557400E+00  -3.7337764300E+00
C14        6.0           1.9320179000E-01  -5.6348314200E+00  -6.8381780000E-02
H15        1.0           2.4174823000E+00  -4.2650052600E+00   3.0639199600E+00
H16        1.0           4.2590780800E+00  -5.5172909900E+00   5.6198653000E-01
H17        1.0          -1.4469501000E+00  -4.4307523200E+00   2.4466924000E-01
H18        1.0          -9.4729230000E-02  -7.4537592800E+00   8.6448176000E-01
H19        1.0           3.7649818000E-01  -5.9996170300E+00  -2.0916706600E+00
B20        5.0          -3.6808569600E+00   6.9939933000E-01   1.0866060000E-01
F21        9.0          -2.6019553500E+00   3.0056287900E+00  -7.5320984000E-01
F22        9.0          -2.0907839400E+00  -2.0987632000E-01   2.1316130900E+00
F23        9.0          -6.1324559200E+00   1.0292815300E+00   9.3988015000E-01
F24        9.0          -3.5386578700E+00  -1.1119411700E+00  -1.8680056900E+00
 
Some Atomic Properties:
----------------------
  q(A) = Net Charge of Atom A
  L(A) = Lagrangian of Atom A = -(1/4) Times Atomic Integral of the Laplacian of the Electron Density
  K(A) = Electronic Kinetic Energy of Atom A (Hamiltonian Form)
  K_Scaled(A) = K(A) * E(Mol)/K(Mol) = Approximation to Virial-Based Total Energy of Atom A.
  |Mu_Intra(A)| = Magnitude of Intraatomic Dipole Moment of Atom A
--------------------------------------------------------------------------------------------------
Atom A          q(A)              L(A)              K(A)          K_Scaled(A)      |Mu_Intra(A)|
--------------------------------------------------------------------------------------------------
C1        5.5777902740E-01  2.8824643919E-04  3.7463891474E+01 -3.7504598989E+01  7.8455862310E-01
C2        5.3165793530E-01 -2.4271916712E-04  3.7466083946E+01 -3.7506793843E+01  7.9421215641E-01
N3       -1.5462836120E+00  1.3869430288E-04  5.5391990607E+01 -5.5452178436E+01  1.7988521206E-01
N4       -1.5613031185E+00  8.4504205849E-05  5.5394696278E+01 -5.5454887048E+01  1.7288814630E-01
C5        1.3513182296E+00  2.4918148210E-05  3.6958623896E+01 -3.6998782398E+01  8.8383818801E-01
C6        5.2124619600E-01 -1.3242579130E-04  3.7437904906E+01 -3.7478584184E+01  6.1843935562E-01
H7        2.5323301890E-02  2.2721770250E-05  6.1206453114E-01 -6.1272958822E-01  1.2159035548E-01
H8        1.7550838970E-02  2.4338069263E-05  6.1515229136E-01 -6.1582070354E-01  1.1994474434E-01
H9        7.7525488170E-02  1.3566586591E-05  5.8963267525E-01 -5.9027335832E-01  1.1787815261E-01
C10       4.7215481320E-01 -1.8266047438E-04  3.7469441555E+01 -3.7510155101E+01  6.1589818305E-01
H11       1.2989815266E-01  1.6738900540E-05  5.6456899898E-01 -5.6518244836E-01  1.1320283559E-01
H12       1.2837189328E-01  2.3738583925E-05  5.6613622935E-01 -5.6675138166E-01  1.1246239439E-01
H13       1.0877918053E-01  2.1497749694E-05  5.7118091789E-01 -5.7180155165E-01  1.1541988439E-01
C14       1.4089033950E-01 -7.4060148546E-05  3.7688569600E+01 -3.7729521246E+01  1.9110584617E-01
H15       1.1089786710E-02  3.2716288251E-05  6.2557239005E-01 -6.2625212450E-01  1.2186694184E-01
H16      -5.2123566000E-03  3.2117164886E-05  6.3126256096E-01 -6.3194847824E-01  1.2465122096E-01
H17       1.0346071510E-01 -1.6278679063E-05  5.8038542833E-01 -5.8101606353E-01  9.4916934731E-02
H18      -1.9616103700E-02  1.9252228803E-05  6.2381774449E-01 -6.2449557237E-01  1.2546700404E-01
H19      -3.8473629500E-02  5.5050351388E-05  6.3579528281E-01 -6.3648612525E-01  1.2301232119E-01
B20       2.5166463906E+00 -1.1050181453E-04  2.3291871328E+01 -2.3317179810E+01  3.8474128504E-03
F21      -8.8260519660E-01  3.3439898618E-05  9.9833056438E+01 -9.9941533041E+01  2.7079972235E-01
F22      -8.8794202960E-01  5.5304034416E-05  9.9825499954E+01 -9.9933968346E+01  2.4462742236E-01
F23      -8.6822704110E-01  2.5313580178E-05  9.9860497718E+01 -9.9969004138E+01  3.2939047504E-01
F24      -8.8392674110E-01  4.1312002167E-05  9.9844546588E+01 -9.9953035676E+01  2.7725901867E-01
--------------------------------------------------------------------------------------------------
Total     1.0246021000E-04  1.9482423016E-04  7.6454224334E+02 -7.6537297965E+02
 
1st Largest |L(A)| = 2.8824643919E-04, atom C1      
2nd Largest |L(A)| = 2.4271916712E-04, atom C2      
 
Molecular charge q(Mol) from the wfn file:   0.0000000000E+00
Molecular energy E(Mol) from the wfn file:  -7.6756166473E+02
Molecular virial ratio (-V(Mol)/T(Mol)) from the wfn file:   2.0010865800E+00
Note.  K_Scaled(A) = (1+V(Mol)/T(Mol))*K(A) = (E(Mol)/T(Mol))*K(A)
       Only use K_Scaled(A) data with caution.
 
N_AIMInt(SumA)     =        101.999898
N_Analytic(Mol)    =        102.000000
 
G_AIMInt(SumA)     =        764.542049
G_Analytic(Mol)    =        764.542220
 
K_AIMInt(SumA)     =        764.542243
K_Analytic(Mol)    =        764.542220
 
L_AIMInt(SumA)     =          0.000195
L_Analytic(Mol)    =          0.000000
 
VenT_AIMInt(SumA)  =      -3587.378144
VenT_Analytic(Mol) =      -3587.378870
 
Some Information About the Atomic Calculations:
----------------------------------------------
  Time(sec) = "Elapsed User Time", in Seconds, for Atom A by AIMInt and, if used, by TWOe
  NProc = Number of Processors Used for AIMInt Job
  BIM = Basin Integration Method
  OAQ = Angular Quadrature Outside of Beta Sphere
  ORQ = Multiple of Default for Radial Quadrature Outside of Beta Sphere
  IAQ = Multiple of Default for Angular Quadrature Inside of Beta Sphere
  IRQ = Multiple of Default for Radial Quadrature Inside of Beta Sphere
  MIR = Maximum Integration Radius
------------------------------------------------------------------------------------------------------
Atom A     Time(sec)   NProc      BIM          OAQ                     ORQ      IAQ      IRQ      MIR
------------------------------------------------------------------------------------------------------
C1             68        4     Proaim(5)    4500(GS4)                  1.00     1.00     1.00    13.00
C2             70        4     Proaim(5)    4500(GS4)                  1.00     1.00     1.00    13.00
N3             80        4     Proaim(5)    4500(GS4)                  1.00     1.00     1.00    13.00
N4             62        4     Proaim(5)    4500(GS4)                  1.00     1.00     1.00    13.00
C5             38        4     Proaim(5)    4500(GS4)                  1.00     1.00     1.00    13.00
C6             57        4     Proaim(5)    4500(GS4)                  1.00     1.00     1.00    13.00
H7             10        4     Proaim(5)    1800(GS4)                  1.00     1.00     1.00    13.00
H8              9        4     Proaim(5)    1800(GS4)                  1.00     1.00     1.00    13.00
H9             16        4     Proaim(5)    1800(GS4)                  1.00     1.00     1.00    13.00
C10            66        4     Proaim(5)    4500(GS4)                  1.00     1.00     1.00    13.00
H11            12        4     Proaim(5)    1800(GS4)                  1.00     1.00     1.00    13.00
H12            15        4     Proaim(5)    1800(GS4)                  1.00     1.00     1.00    13.00
H13             9        4     Proaim(5)    1800(GS4)                  1.00     1.00     1.00    13.00
C14            54        4     Proaim(5)    4500(GS4)                  1.00     1.00     1.00    13.00
H15            12        4     Proaim(5)    1800(GS4)                  1.00     1.00     1.00    13.00
H16             9        4     Proaim(5)    1800(GS4)                  1.00     1.00     1.00    13.00
H17            25        4     Proaim(5)    4500(GS4)                  1.00     1.00     1.00    13.00
H18            11        4     Proaim(5)    1800(GS4)                  1.00     1.00     1.00    13.00
H19            14        4     Proaim(5)    1800(GS4)                  1.00     1.00     1.00    13.00
B20            61        4     Proaim(5)    4500(GS4)                  1.00     1.00     1.00    13.00
F21            41        4     Proaim(5)    4500(GS4)                  1.00     1.00     1.00    13.00
F22            44        4     Proaim(5)    4500(GS4)                  1.00     1.00     1.00    13.00
F23            21        4     Proaim(5)    2700(GS4)                  1.00     1.00     1.00    13.00
F24            42        4     Proaim(5)    4500(GS4)                  1.00     1.00     1.00    13.00
------------------------------------------------------------------------------------------------------
Total         846
Note:  Total wall clock time is less than total of atomic times if more than one atom
       was calculated at a time
 
Electron Density Critical Point Analysis of Molecular Structure:               
---------------------------------------------------------------                
  NACP = Nuclear Attractor Critical Point                                      
  NNACP = Non-Nuclear Attractor Critical Point                                 
  BCP = Bond Critical Point                                                    
  RCP = Ring Critical Point                                                    
  CCP = Cage Critical Point                                                    
  Rho = Electron Density                                                       
  GradRho = Gradient of Electron Density                                       
  HessRho_EigVals = Eigenvalues of the Hessian of Rho, Ascending Order         
  HessRho_EigVecs = Eigenvectors of the Hessian of Rho                         
  DelSqRho = Laplacian of Rho = Trace of Hessian of Rho                        
  Bond Ellipticity = (HessRho_EigVal(1) / HessRho_EigVal(2)) - 1               
  V = Virial Field = Potential Energy Density = Trace of Stress Tensor         
  G = Lagrangian Form of Kinetic Energy Density                                
  K = Hamiltonian Form of Kinetic Energy Density                               
  L = K - G = Lagrangian Density = (-1/4)DelSqRho                              
  Vnuc = Electrostatic Potential from Nuclei                                   
  Ven = Electron-nuclear attractive contribution to Virial Field V             
  Vrep = V - Ven = Repulsive contribution to Virial Field V                    
  DelSqV = Laplacian of V                                                      
  DelSqVen = Laplacian of Ven                                                  
  DelSqVrep = Laplacian of Vrep                                                
  DelSqG = Laplacian of G                                                      
  DelSqK = Laplacian of K                                                      
  Stress_EigVals = Eigenvalues of Stress Tensor, Ascending Order               
  Stress_EigVecs = Eigenvectors of Stress Tensor                               
  -DivStress = Ehrenfest Force Density = Minus Divergence of Stress Tensor     
  ESP = Total Electrostatic Potential                                          
  ESPe = Electrostatic Potential from Electrons                                
  ESPn = Electrostatic Potential from Nuclei                                   
  BP = Bond Path                                                               
  BPL = Bond Path Length                                                       
  GBL = Geometric Bond Length                                                  
  GBL_I = Distance Between Nuclear Attractors                                  
  GBL_II = Distance Between Nuclei                                             
  GBL_III = Sum of Distances Between BCP and Nuclear Attractors                
  GBL_IV = Sum of Distances Between BCP and Nuclei                             

CP# 1      Coords =  2.28395640132558E+00 -8.90338006486549E-01 -2.26605918054663E+00
           Type = (3,-3) NACP C1
           Rho =  1.1952240220E+02     Rho at Nucleus =  1.1952239905E+02
           GradRho =  4.9579784722E-12 -1.7915044448E-12 -2.9863500561E-11
           HessRho_EigVals = -1.8123916352E+05 -1.8123906398E+05 -1.8123644485E+05
           HessRho_EigVec1 = -3.0728604656E-01 -3.0541597076E-01  9.0127485841E-01
           HessRho_EigVec2 =  8.9953039680E-01 -4.0226527365E-01  1.7037521784E-01
           HessRho_EigVec3 =  3.1051626500E-01  8.6307805813E-01  3.9834145497E-01
           DelSqRho = -5.4371467235E+05
           Bond Ellipticity = NA
           V = -1.3594276468E+05
           G =  7.0482957404E+00
           K =  1.3593571638E+05
           L =  1.3592866809E+05
           Vnuc =  1.0181554106E+06
           Ven = -1.2169238048E+08
           Vrep =  1.2155643772E+08
           DelSqV =  4.6071257155E+09
           DelSqVen =  5.5358603494E+11
           DelSqVrep = -5.4897890897E+11
           DelSqG =  2.0613824527E+08
           DelSqK = -4.8132639607E+09
           Stress_EigVals = -4.5314859398E+04 -4.5314064791E+04 -4.5313840490E+04
           Stress_EigVec1 =  3.3214159363E-01  8.5692413646E-01  3.9416111697E-01
           Stress_EigVec2 =  2.3653067541E-01 -4.8020122760E-01  8.4466562651E-01
           Stress_EigVec3 =  9.1309101483E-01 -1.8731739206E-01 -3.6218364577E-01
           -DivStress = -3.8089401530E+03  4.6275139186E+03 -6.4880711065E+03
           ESP =  -1.4647587186E+01     ESP at Nucleus =  -1.4647587271E+01
           ESPe = -3.4212313421E+01     ESPe at Nucleus = -3.4212307487E+01
           ESPn =  1.9564726235E+01     ESPn at Nucleus =  1.9564720216E+01

CP# 2      Coords =  2.92503334368961E+00  1.59386512692008E+00 -2.31882825960817E+00
           Type = (3,-3) NACP C2
           Rho =  1.1950108523E+02     Rho at Nucleus =  1.1950108225E+02
           GradRho =  7.2061245859E-12 -9.8110651547E-12 -2.6678392134E-11
           HessRho_EigVals = -1.8120665943E+05 -1.8120613481E+05 -1.8120399679E+05
           HessRho_EigVec1 = -4.1388857142E-01 -3.0815073805E-01 -8.5658588191E-01
           HessRho_EigVec2 =  9.0728584270E-01 -2.1649265351E-01 -3.6050427268E-01
           HessRho_EigVec3 =  7.4354892842E-02  9.2637684212E-01 -3.6918463714E-01
           DelSqRho = -5.4361679104E+05
           Bond Ellipticity = NA
           V = -1.3591833574E+05
           G =  7.0689904777E+00
           K =  1.3591126675E+05
           L =  1.3590419776E+05
           Vnuc =  1.0466186792E+06
           Ven = -1.2507206798E+08
           Vrep =  1.2493614964E+08
           DelSqV =  4.6063006955E+09
           DelSqVen =  5.6895948646E+11
           DelSqVrep = -5.6435318577E+11
           DelSqG =  2.0610085995E+08
           DelSqK = -4.8124015555E+09
           Stress_EigVals = -4.5306674499E+04 -4.5305878340E+04 -4.5305782902E+04
           Stress_EigVec1 =  6.6885149240E-02  9.2429629177E-01 -3.7576953288E-01
           Stress_EigVec2 =  3.2979114079E-01  3.3496550587E-01  8.8263011128E-01
           Stress_EigVec3 =  9.4168157053E-01 -1.8296030964E-01 -2.8242051064E-01
           -DivStress = -4.0222898836E+03 -3.3985021174E+03 -6.7881615672E+03
           ESP =  -1.4647505861E+01     ESP at Nucleus =  -1.4647505943E+01
           ESPe = -3.3429647222E+01     ESPe at Nucleus = -3.3429642345E+01
           ESPn =  1.8782141361E+01     ESPn at Nucleus =  1.8782136402E+01

CP# 3      Coords =  2.96588493053641E+00 -1.82030586817595E+00  6.93644696631987E-02
           Type = (3,-3) NACP N3
           Rho =  1.9376613205E+02     Rho at Nucleus =  1.9376613159E+02
           GradRho =  1.2801293289E-09  4.4625047511E-09  1.2846212982E-09
           HessRho_EigVals = -4.0299063494E+05 -4.0298941070E+05 -4.0298449717E+05
           HessRho_EigVec1 =  4.1769280615E-01  4.3113403757E-01  7.9978507197E-01
           HessRho_EigVec2 =  5.3414030129E-02  8.6707610511E-01 -4.9530391613E-01
           HessRho_EigVec3 =  9.0701690231E-01 -2.4960462656E-01 -3.3914284502E-01
           DelSqRho = -1.2089645428E+06
           Bond Ellipticity = NA
           V = -3.0228876971E+05
           G =  2.3817001795E+01
           K =  3.0226495271E+05
           L =  3.0224113570E+05
           Vnuc =  4.6139862714E+06
           Ven = -8.9403427313E+08
           Vrep =  8.9373198436E+08
           DelSqV =  1.4116991370E+10
           DelSqVen =  5.5781457265E+12
           DelSqVrep = -5.5640287351E+12
           DelSqG =  6.2869214770E+08
           DelSqK = -1.4745683518E+10
           Stress_EigVals = -1.0076355843E+05 -1.0076276733E+05 -1.0076244395E+05
           Stress_EigVec1 =  9.0024689826E-01 -2.6660462715E-01 -3.4420559984E-01
           Stress_EigVec2 =  8.7813067435E-02  8.8552603969E-01 -4.5621540769E-01
           Stress_EigVec3 =  4.2643216034E-01  3.8048075616E-01  8.2060344066E-01
           -DivStress = -1.9332057812E+03 -6.4384958561E+03 -1.8363541189E+03
           ESP =  -1.8224311830E+01     ESP at Nucleus =  -1.8224311838E+01
           ESPe = -3.8204187533E+01     ESPe at Nucleus = -3.8204186391E+01
           ESPn =  1.9979875703E+01     ESPn at Nucleus =  1.9979874553E+01

CP# 4      Coords =  3.81220693222449E+00  2.19436289312768E+00  6.22793915573742E-02
           Type = (3,-3) NACP N4
           Rho =  1.9373432057E+02     Rho at Nucleus =  1.9373432034E+02
           GradRho = -7.3175916715E-10 -9.0848965417E-10  1.1454525019E-09
           HessRho_EigVals = -4.0292350755E+05 -4.0292278705E+05 -4.0291702472E+05
           HessRho_EigVec1 = -1.0977061891E-01  7.3806087845E-01 -6.6574510957E-01
           HessRho_EigVec2 =  1.7592356659E-01  6.7364477764E-01  7.1781168302E-01
           HessRho_EigVec3 =  9.7826443763E-01 -3.8325621408E-02 -2.0378870627E-01
           DelSqRho = -1.2087633193E+06
           Bond Ellipticity = NA
           V = -3.0223854765E+05
           G =  2.3858909073E+01
           K =  3.0221468874E+05
           L =  3.0219082983E+05
           Vnuc =  6.6032799861E+06
           Ven = -1.2792819616E+09
           Vrep =  1.2789797231E+09
           DelSqV =  1.4114654303E+10
           DelSqVen =  7.9818019963E+12
           DelSqVrep = -7.9676873420E+12
           DelSqG =  6.2858623031E+08
           DelSqK = -1.4743240533E+10
           Stress_EigVals = -1.0074692054E+05 -1.0074590038E+05 -1.0074572673E+05
           Stress_EigVec1 =  9.8370349590E-01 -4.2955954158E-03 -1.7974698886E-01
           Stress_EigVec2 =  1.1552730239E-01  7.8113568040E-01  6.1358006096E-01
           Stress_EigVec3 =  1.3777109475E-01 -6.2434653572E-01  7.6890215813E-01
           -DivStress =  1.9622974009E+03  2.9254694948E+03 -3.3605862465E+03
           ESP =  -1.8217147327E+01     ESP at Nucleus =  -1.8217147330E+01
           ESPe = -3.7153280119E+01     ESPe at Nucleus = -3.7153278969E+01
           ESPn =  1.8936132793E+01     ESPn at Nucleus =  1.8936131639E+01

CP# 5      Coords =  3.79856369235278E+00  1.00477831220906E-01  1.47507284560300E+00
           Type = (3,-3) NACP C5
           Rho =  1.1954572681E+02     Rho at Nucleus =  1.1954572566E+02
           GradRho =  2.8485616643E-11 -4.4560188872E-13  2.4119074793E-12
           HessRho_EigVals = -1.8127656219E+05 -1.8127540901E+05 -1.8127387577E+05
           HessRho_EigVec1 =  9.2918379729E-01 -2.0445489608E-01 -3.0792152624E-01
           HessRho_EigVec2 =  2.0359748810E-01  9.7841886892E-01 -3.5278602265E-02
           HessRho_EigVec3 =  3.0848911438E-01 -2.9911743661E-02  9.5075746324E-01
           DelSqRho = -5.4382584696E+05
           Bond Ellipticity = NA
           V = -1.3597027245E+05
           G =  6.9053521026E+00
           K =  1.3596336709E+05
           L =  1.3595646174E+05
           Vnuc =  1.6824829879E+06
           Ven = -2.0113365163E+08
           Vrep =  2.0099768136E+08
           DelSqV =  4.6080618674E+09
           DelSqVen =  9.1497773875E+11
           DelSqVrep = -9.1036967688E+11
           DelSqG =  2.0618187946E+08
           DelSqK = -4.8142437469E+09
           Stress_EigVals = -4.5323898114E+04 -4.5323485315E+04 -4.5322889016E+04
           Stress_EigVec1 =  3.0009837550E-01 -2.3176882432E-02  9.5362665501E-01
           Stress_EigVec2 =  1.9418948902E-01  9.8025517837E-01 -3.7285756417E-02
           Stress_EigVec3 =  9.3393329921E-01 -1.9637366778E-01 -2.9867369356E-01
           -DivStress = -1.5411828159E+02 -4.0638807484E+02  5.3279677887E+03
           ESP =  -1.4573176504E+01     ESP at Nucleus =  -1.4573176524E+01
           ESPe = -3.3937787261E+01     ESPe at Nucleus = -3.3937780847E+01
           ESPn =  1.9364610757E+01     ESPn at Nucleus =  1.9364604323E+01

CP# 6      Coords =  4.20112324167447E+00  4.76560032424868E+00  9.98209598576602E-01
           Type = (3,-3) NACP C6
           Rho =  1.1937402703E+02     Rho at Nucleus =  1.1937402277E+02
           GradRho =  6.4399491924E-11  4.1659938764E-11 -2.8925392897E-12
           HessRho_EigVals = -1.8101346737E+05 -1.8101019052E+05 -1.8100994972E+05
           HessRho_EigVec1 =  1.5400402255E-01  9.2467700534E-01  3.4821716906E-01
           HessRho_EigVec2 = -7.1780741295E-02 -3.4102008429E-01  9.3731148893E-01
           HessRho_EigVec3 =  9.8545942901E-01 -1.6934502621E-01  1.3855536149E-02
           DelSqRho = -5.4303360760E+05
           Bond Ellipticity = NA
           V = -1.3577237820E+05
           G =  6.9881487695E+00
           K =  1.3576539005E+05
           L =  1.3575840190E+05
           Vnuc =  8.7393521258E+05
           Ven = -1.0432516569E+08
           Vrep =  1.0418939331E+08
           DelSqV =  4.6013771550E+09
           DelSqVen =  4.7457619200E+11
           DelSqVrep = -4.6997481510E+11
           DelSqG =  2.0587740491E+08
           DelSqK = -4.8072545599E+09
           Stress_EigVals = -4.5257793915E+04 -4.5257733009E+04 -4.5256851274E+04
           Stress_EigVec1 =  9.8600316533E-01 -1.6572484158E-01  1.8249242340E-02
           Stress_EigVec2 = -7.4538590753E-02 -3.4025632069E-01  9.3737379669E-01
           Stress_EigVec3 =  1.4913670390E-01  9.2561380344E-01  3.4784670537E-01
           -DivStress =  1.0178908185E+02  9.7823773572E+03  3.1451277169E+03
           ESP =  -1.4633716938E+01     ESP at Nucleus =  -1.4633717040E+01
           ESPe = -2.9822128118E+01     ESPe at Nucleus = -2.9822115407E+01
           ESPn =  1.5188411180E+01     ESPn at Nucleus =  1.5188398367E+01

CP# 7      Coords =  5.42130890501738E+00  5.76948705215566E+00 -2.72726243687605E-01
           Type = (3,-3) NACP H7
           Rho =  4.3159486512E-01     Rho at Nucleus =  4.2773817593E-01
           GradRho = -8.5330283421E-13 -7.3118238081E-13  8.7394311623E-13
           HessRho_EigVals = -8.4553390634E+00 -8.4475490914E+00 -7.7059485105E+00
           HessRho_EigVec1 = -1.6746940662E-01  8.3260991202E-01  5.2793440147E-01
           HessRho_EigVec2 =  7.8176561784E-01 -2.1410896300E-01  5.8566190821E-01
           HessRho_EigVec3 =  6.0066339710E-01  5.1080141579E-01 -6.1504910130E-01
           DelSqRho = -2.4608836665E+01
           Bond Ellipticity = NA
           V = -6.1631397493E+00
           G =  5.4652915109E-03
           K =  6.1576744578E+00
           L =  6.1522091663E+00
           Vnuc =  4.7141720011E+01
           Ven = -2.0346124289E+01
           Vrep =  1.4182984540E+01
           DelSqV =  1.5771530897E+03
           DelSqVen =  1.1601028879E+03
           DelSqVrep =  4.1705020188E+02
           DelSqG =  1.1736726396E+02
           DelSqK = -1.6945203537E+03
           Stress_EigVals = -2.1175563326E+00 -2.1170250095E+00 -1.9285584073E+00
           Stress_EigVec1 =  7.4199044109E-01 -6.4343481237E-01  1.8825999990E-01
           Stress_EigVec2 =  2.9881941676E-01  5.6879219448E-01  7.6627827560E-01
           Stress_EigVec3 =  6.0013093697E-01  5.1231541234E-01 -6.1430918663E-01
           -DivStress =  9.6174772320E+00  8.2088745015E+00 -9.8179267486E+00
           ESP =  -1.0494907748E+00     ESP at Nucleus =  -1.0508665364E+00
           ESPe = -1.6003004855E+01     ESPe at Nucleus = -1.5920428006E+01
           ESPn =  1.4953514080E+01     ESPn at Nucleus =  1.4869561470E+01

CP# 8      Coords =  5.05942247854152E+00  4.68221428811203E+00  2.83158290834765E+00
           Type = (3,-3) NACP H8
           Rho =  4.3198693156E-01     Rho at Nucleus =  4.2814287860E-01
           GradRho = -2.6566959903E-14  3.6771144431E-15 -5.4824401058E-14
           HessRho_EigVals = -8.4567289535E+00 -8.4502621251E+00 -7.7120551005E+00
           HessRho_EigVec1 = -6.2410731340E-02  9.9713441479E-01  4.2753473096E-02
           HessRho_EigVec2 =  9.0445045101E-01  7.4617776269E-02 -4.2000186800E-01
           HessRho_EigVec3 =  4.2198848595E-01 -1.2455774277E-02  9.0651562116E-01
           DelSqRho = -2.4619046179E+01
           Bond Ellipticity = NA
           V = -6.1658956999E+00
           G =  5.5670775440E-03
           K =  6.1603286223E+00
           L =  6.1547615448E+00
           Vnuc =  4.7595796445E+01
           Ven = -2.0560762062E+01
           Vrep =  1.4394866362E+01
           DelSqV =  1.5778937998E+03
           DelSqVen =  1.1717631106E+03
           DelSqVrep =  4.0613068919E+02
           DelSqG =  1.1735947072E+02
           DelSqK = -1.6952532705E+03
           Stress_EigVals = -2.1182544739E+00 -2.1175924160E+00 -1.9300488100E+00
           Stress_EigVec1 =  8.9678501106E-01 -1.4292004509E-01 -4.1874873688E-01
           Stress_EigVec2 =  1.3400910621E-01  9.8967779211E-01 -5.0788062160E-02
           Stress_EigVec3 =  4.2168495750E-01 -1.0570171072E-02  9.0668079725E-01
           -DivStress =  6.7350228117E+00 -6.0119501815E-02  1.4493901521E+01
           ESP =  -1.0431802919E+00     ESP at Nucleus =  -1.0445593498E+00
           ESPe = -1.6387595391E+01     ESPe at Nucleus = -1.6308505282E+01
           ESPn =  1.5344415099E+01     ESPn at Nucleus =  1.5263945932E+01

CP# 9      Coords =  2.39769198701702E+00  5.68745318655874E+00  1.12255087654404E+00
           Type = (3,-3) NACP H9
           Rho =  4.2597647962E-01     Rho at Nucleus =  4.2193997179E-01
           GradRho =  1.1207826117E-13 -5.8775846603E-14 -7.3520799637E-15
           HessRho_EigVals = -8.3457722482E+00 -8.3373958797E+00 -7.5718320030E+00
           HessRho_EigVec1 =  4.5591203145E-01  8.4199788491E-01  2.8841598672E-01
           HessRho_EigVec2 = -7.6695908032E-02 -2.8568123595E-01  9.5525073626E-01
           HessRho_EigVec3 =  8.8671413504E-01 -4.5763062970E-01 -6.5667720285E-02
           DelSqRho = -2.4255000131E+01
           Bond Ellipticity = NA
           V = -6.0741779526E+00
           G =  5.2139599458E-03
           K =  6.0689639927E+00
           L =  6.0637500327E+00
           Vnuc =  4.7657741895E+01
           Ven = -2.0301077119E+01
           Vrep =  1.4226899167E+01
           DelSqV =  1.5515779773E+03
           DelSqVen =  1.1559385359E+03
           DelSqVrep =  3.9563944140E+02
           DelSqG =  1.1553471594E+02
           DelSqK = -1.6671126932E+03
           Stress_EigVals = -2.0897158137E+00 -2.0894848347E+00 -1.8949773042E+00
           Stress_EigVec1 =  4.4527344217E-01  8.8248005950E-01 -1.5152724599E-01
           Stress_EigVec2 =  1.2760596298E-01  1.0495993558E-01  9.8625561095E-01
           Stress_EigVec3 =  8.8625520021E-01 -4.5848921090E-01 -6.5873846000E-02
           -DivStress = -1.4473785898E+01  7.3501006501E+00  1.0532795294E+00
           ESP =  -1.0579624576E+00     ESP at Nucleus =  -1.0593896929E+00
           ESPe = -1.7490361211E+01     ESPe at Nucleus = -1.7425904469E+01
           ESPn =  1.6432398754E+01     ESPn at Nucleus =  1.6366514776E+01

CP# 10     Coords =  2.56569758121324E+00 -4.42408788399720E+00  1.01497699034597E+00
           Type = (3,-3) NACP C10
           Rho =  1.1939023998E+02     Rho at Nucleus =  1.1939023520E+02
           GradRho = -2.5015639516E-11 -3.9527809953E-11 -1.8833422018E-11
           HessRho_EigVals = -1.8104243595E+05 -1.8103886424E+05 -1.8103877033E+05
           HessRho_EigVec1 =  1.1196824903E-01  9.1988699968E-01 -3.7586037172E-01
           HessRho_EigVec2 =  9.4573029287E-01 -2.1475818621E-01 -2.4387114344E-01
           HessRho_EigVec3 =  3.0505298614E-01  3.2815671451E-01  8.9401109969E-01
           DelSqRho = -5.4312007052E+05
           Bond Ellipticity = NA
           V = -1.3579371568E+05
           G =  6.8490256767E+00
           K =  1.3578686666E+05
           L =  1.3578001763E+05
           Vnuc =  8.2573580200E+05
           Ven = -9.8584795563E+07
           Vrep =  9.8449001848E+07
           DelSqV =  4.6021081191E+09
           DelSqVen =  4.4847368730E+11
           DelSqVrep = -4.4387157918E+11
           DelSqG =  2.0591468607E+08
           DelSqK = -4.8080228052E+09
           Stress_EigVals = -4.5264915985E+04 -4.5264884462E+04 -4.5263915234E+04
           Stress_EigVec1 =  4.0320012123E-01  3.0394167560E-01  8.6316227911E-01
           Stress_EigVec2 =  9.0806477476E-01 -2.4971819218E-01 -3.3624275358E-01
           Stress_EigVec3 =  1.1334913797E-01  9.1938037956E-01 -3.7668513456E-01
           -DivStress = -2.2499059830E+03 -1.0024582368E+04  3.5761308353E+03
           ESP =  -1.4638953192E+01     ESP at Nucleus =  -1.4638953309E+01
           ESPe = -3.1847868051E+01     ESPe at Nucleus = -3.1847856835E+01
           ESPn =  1.7208914859E+01     ESPn at Nucleus =  1.7208903527E+01

CP# 11     Coords =  4.30085996023922E+00 -2.48421538070484E-03  3.40651399797374E+00
           Type = (3,-3) NACP H11
           Rho =  4.2340471092E-01     Rho at Nucleus =  4.1880900650E-01
           GradRho =  3.2696555966E-15  2.0535466773E-17 -5.3609731671E-16
           HessRho_EigVals = -8.2727853096E+00 -8.2604770500E+00 -7.4258458614E+00
           HessRho_EigVec1 =  2.1404390732E-01  9.7682343680E-01 -1.0858406088E-03
           HessRho_EigVec2 =  9.4632090712E-01 -2.0763548380E-01 -2.4771807890E-01
           HessRho_EigVec3 =  2.4220228423E-01 -5.1994991853E-02  9.6883155106E-01
           DelSqRho = -2.3959108221E+01
           Bond Ellipticity = NA
           V = -5.9993237079E+00
           G =  4.7733263208E-03
           K =  5.9945503816E+00
           L =  5.9897770552E+00
           Vnuc =  4.6806867164E+01
           Ven = -1.9818248061E+01
           Vrep =  1.3818924353E+01
           DelSqV =  1.5244229561E+03
           DelSqVen =  1.1214507959E+03
           DelSqVrep =  4.0297216019E+02
           DelSqG =  1.1344984976E+02
           DelSqK = -1.6378728058E+03
           Stress_EigVals = -2.0708413612E+00 -2.0707831790E+00 -1.8576991677E+00
           Stress_EigVec1 =  8.7920562865E-01  4.3414032660E-01 -1.9626420808E-01
           Stress_EigVec2 =  4.1044842761E-01 -8.9934734336E-01 -1.5068657626E-01
           Stress_EigVec3 =  2.4192881357E-01 -5.1928150404E-02  9.6890346081E-01
           -DivStress =  4.1221162856E+00 -9.0109876510E-01  1.6731626178E+01
           ESP =  -9.7963456290E-01     ESP at Nucleus =  -9.8134800532E-01
           ESPe = -1.8716106504E+01     ESPe at Nucleus = -1.8607867929E+01
           ESPn =  1.7736471941E+01     ESPn at Nucleus =  1.7626519923E+01

CP# 12     Coords =  1.39997250423104E+00 -2.02189710797009E+00 -3.65095168749654E+00
           Type = (3,-3) NACP H12
           Rho =  4.2294472703E-01     Rho at Nucleus =  4.1841616047E-01
           GradRho =  1.7204526649E-15  3.1145536996E-15  2.7046405751E-15
           HessRho_EigVals = -8.2763928848E+00 -8.2655170001E+00 -7.4413593428E+00
           HessRho_EigVec1 = -1.7903639518E-03 -7.8486899139E-01  6.1965914901E-01
           HessRho_EigVec2 =  8.8764062603E-01 -2.8662190057E-01 -3.6047469417E-01
           HessRho_EigVec3 =  4.6053329263E-01  5.4938925405E-01  6.9719476039E-01
           DelSqRho = -2.3983269228E+01
           Bond Ellipticity = NA
           V = -6.0065483344E+00
           G =  5.3655137148E-03
           K =  6.0011828206E+00
           L =  5.9958173069E+00
           Vnuc =  4.8015346323E+01
           Ven = -2.0307837544E+01
           Vrep =  1.4301289209E+01
           DelSqV =  1.5274685305E+03
           DelSqVen =  1.1515649779E+03
           DelSqVrep =  3.7590355261E+02
           DelSqG =  1.1381889561E+02
           DelSqK = -1.6412874261E+03
           Stress_EigVals = -2.0727793484E+00 -2.0722045437E+00 -1.8615644423E+00
           Stress_EigVec1 =  8.8686248398E-01 -2.5947439374E-01 -3.8229304663E-01
           Stress_EigVec2 =  2.8567232606E-02 -7.9503668479E-01  6.0588825954E-01
           Stress_EigVec3 =  4.6114948523E-01  5.4826062126E-01  6.9767574377E-01
           -DivStress = -8.0336298451E+00 -9.3478453067E+00 -1.1912650559E+01
           ESP =  -1.0334570027E+00     ESP at Nucleus =  -1.0351255769E+00
           ESPe = -1.9743800691E+01     ESPe at Nucleus = -1.9646598518E+01
           ESPn =  1.8710343688E+01     ESPn at Nucleus =  1.8611472941E+01

CP# 13     Coords =  2.60044331749424E+00  2.99060263967359E+00 -3.71010724555344E+00
           Type = (3,-3) NACP H13
           Rho =  4.2287629083E-01     Rho at Nucleus =  4.1847045752E-01
           GradRho =  1.9545996766E-15 -2.0441547760E-15  1.8919327910E-16
           HessRho_EigVals = -8.2771590757E+00 -8.2651211113E+00 -7.4605594736E+00
           HessRho_EigVec1 =  3.5299451718E-01  7.1305802292E-01  6.0575830723E-01
           HessRho_EigVec2 = -9.1789531439E-01  1.3848202764E-01  3.7187487121E-01
           HessRho_EigVec3 = -1.8128172180E-01  6.8729250248E-01 -7.0339601462E-01
           DelSqRho = -2.4002839661E+01
           Bond Ellipticity = NA
           V = -6.0117523634E+00
           G =  5.5212241287E-03
           K =  6.0062311393E+00
           L =  6.0007099152E+00
           Vnuc =  4.7145633323E+01
           Ven = -1.9936770548E+01
           Vrep =  1.3925018185E+01
           DelSqV =  1.5304506693E+03
           DelSqVen =  1.1316290774E+03
           DelSqVrep =  3.9882159195E+02
           DelSqG =  1.1401433124E+02
           DelSqK = -1.6444650006E+03
           Stress_EigVals = -2.0731303129E+00 -2.0722823135E+00 -1.8663397370E+00
           Stress_EigVec1 =  9.0062892891E-01 -1.7181541161E-01 -3.9918291140E-01
           Stress_EigVec2 =  3.9507308753E-01  7.0638242535E-01  5.8731688607E-01
           Stress_EigVec3 = -1.8106570058E-01  6.8666100333E-01 -7.0406809229E-01
           -DivStress = -3.1683522326E+00  1.1588905435E+01 -1.1902233341E+01
           ESP =  -1.0284435246E+00     ESP at Nucleus =  -1.0300774416E+00
           ESPe = -1.8445048695E+01     ESPe at Nucleus = -1.8343423118E+01
           ESPn =  1.7416605170E+01     ESPn at Nucleus =  1.7313345676E+01

CP# 14     Coords =  1.93204960543294E-01 -5.63483161256280E+00 -6.83813391471781E-02
           Type = (3,-3) NACP C14
           Rho =  1.1936423029E+02     Rho at Nucleus =  1.1936422936E+02
           GradRho =  2.4777892411E-12 -4.3941295508E-12  9.0516621433E-13
           HessRho_EigVals = -1.8099424755E+05 -1.8099324062E+05 -1.8099257427E+05
           HessRho_EigVec1 =  7.5107793756E-01  5.2890201615E-01  3.9515134951E-01
           HessRho_EigVec2 = -1.9059064724E-01 -3.9934157536E-01  8.9677283153E-01
           HessRho_EigVec3 = -6.3210532104E-01  7.4885844023E-01  1.9913286922E-01
           DelSqRho = -5.4298006244E+05
           Bond Ellipticity = NA
           V = -1.3575929265E+05
           G =  7.1385182608E+00
           K =  1.3575215413E+05
           L =  1.3574501561E+05
           Vnuc =  1.8710206962E+06
           Ven = -2.2333294526E+08
           Vrep =  2.2319718597E+08
           DelSqV =  4.6009268334E+09
           DelSqVen =  1.0159269274E+12
           DelSqVrep = -1.0113260005E+12
           DelSqG =  2.0585413849E+08
           DelSqK = -4.8067809719E+09
           Stress_EigVals = -4.5253301827E+04 -4.5253126247E+04 -4.5252864572E+04
           Stress_EigVec1 = -6.2361912834E-01  7.5666528581E-01  1.9635892649E-01
           Stress_EigVec2 = -1.9483916585E-01 -3.9370703338E-01  8.9834986020E-01
           Stress_EigVec3 =  7.5705804416E-01  5.2196974732E-01  3.9295127009E-01
           -DivStress = -4.7436789633E+03  2.8969490539E+02 -6.5858528551E+02
           ESP =  -1.4721983906E+01     ESP at Nucleus =  -1.4721983927E+01
           ESPe = -3.0464723146E+01     ESPe at Nucleus = -3.0464721683E+01
           ESPn =  1.5742739240E+01     ESPn at Nucleus =  1.5742737755E+01

CP# 15     Coords =  2.42038561431994E+00 -4.26654830895599E+00  3.03327913782054E+00
           Type = (3,-3) NACP H15
           Rho =  4.3653340353E-01     Rho at Nucleus =  4.3269337464E-01
           GradRho =  1.8206421884E-12 -1.0041997886E-12 -1.9533018757E-11
           HessRho_EigVals = -8.5528843252E+00 -8.5464388303E+00 -7.8025459867E+00
           HessRho_EigVec1 =  4.3580925205E-04  9.9843285044E-01 -5.5961176158E-02
           HessRho_EigVec2 =  9.9645466384E-01  4.2744496102E-03  8.4022806399E-02
           HessRho_EigVec3 = -8.4130333322E-02  5.5799392893E-02  9.9489120750E-01
           DelSqRho = -2.4901869142E+01
           Bond Ellipticity = NA
           V = -6.2366252003E+00
           G =  5.5789574009E-03
           K =  6.2310462429E+00
           L =  6.2254672855E+00
           Vnuc =  4.9846691248E+01
           Ven = -2.1759745785E+01
           Vrep =  1.5523120585E+01
           DelSqV =  1.5965605787E+03
           DelSqVen =  1.2412757827E+03
           DelSqVrep =  3.5528479607E+02
           DelSqG =  1.1881895367E+02
           DelSqK = -1.7153795324E+03
           Stress_EigVals = -2.1420616850E+00 -2.1416202999E+00 -1.9529432154E+00
           Stress_EigVec1 =  9.6874867784E-01 -2.2918773375E-01  9.4862963655E-02
           Stress_EigVec2 = -2.3316388728E-01 -9.7187565781E-01  3.3050074569E-02
