AIMSum (Version 17.11.14, Professional)
Copyright (c) 1997-2017 by Todd A. Keith
AIMSum is a component of the AIMAll package ( http://aim.tkgristmill.com )

TP:  64-bit Linux

Much of the Quantum Theory of Atoms in Molecules (QTAIM) is described in the book:
  "Atoms in Molecules - A Quantum Theory"
  R.F.W. Bader, Oxford University Press, Oxford, 1990

For additional references see:  http://aim.tkgristmill.com/references.html

Wfn File:  /home/localuser/Desktop/AIMAll/emimbf4/wfn/360.wfn
Sum File:  /home/localuser/Desktop/AIMAll/emimbf4/wfn/360.sum

SumViz File:  /home/localuser/Desktop/AIMAll/emimbf4/wfn/360.sumviz

Wfn Title:  B3LYP                                                                          
 
Total memory allocated for AIMSum =        1.391 Megabytes

Atomic units (a.u.) used throughout, except where stated otherwise

Model:  Restricted SCF
 
Restricted, closed-shell, single-determinant wavefunction.
  Number of electrons (from MO Occs)                   =         102.0000000000
  Number of Alpha electrons (from MO Occs)             =          51.0000000000
  Number of Beta electrons (from MO Occs)              =          51.0000000000
  Number of electron pairs (N*(N-1)/2)                 =        5151.0000000000
  Number of electron pairs (from Muller 2EDM)          =        5151.0000000000
 
Nuclear Charges and Cartesian Coordinates:
-------------------------------------------------------------------------------
Atom      Charge                X                  Y                  Z
-------------------------------------------------------------------------------
C1         6.0          -2.3872309200E+00   9.3900383000E-01  -2.2131812300E+00
C2         6.0          -3.0003243600E+00  -1.5511588700E+00  -2.3262965000E+00
N3         7.0          -3.0485746500E+00   1.7995494200E+00   1.5308711000E-01
N4         7.0          -3.8831120500E+00  -2.2179306100E+00   3.8413930000E-02
C5         6.0          -3.8680509100E+00  -1.6494746000E-01   1.5080390700E+00
C6         6.0          -4.3162635200E+00  -4.8099419200E+00   8.9525318000E-01
H7         1.0          -5.5839227700E+00  -5.7645279100E+00  -4.1647209000E-01
H8         1.0          -5.1728766500E+00  -4.7678348300E+00   2.7648110900E+00
H9         1.0          -2.5048259400E+00  -5.7888702900E+00   9.8130693000E-01
C10        6.0          -2.4507797400E+00   4.3154703900E+00   1.2443394400E+00
H11        1.0          -4.3511166600E+00  -1.2179103000E-01   3.4822713700E+00
H12        1.0          -1.5098633400E+00   2.1318881300E+00  -3.5998469100E+00
H13        1.0          -2.6912951200E+00  -2.9251475000E+00  -3.7907970800E+00
C14        6.0          -4.7162297000E-01   5.7269806600E+00  -2.8845195000E-01
H15        1.0          -1.7355660900E+00   3.9484371300E+00   3.1408816300E+00
H16        1.0          -4.2167517800E+00   5.3779160500E+00   1.3762117200E+00
H17        1.0           1.2275084500E+00   4.5803012700E+00  -5.2360566000E-01
H18        1.0           2.3554020000E-02   7.4504439700E+00   7.3169879000E-01
H19        1.0          -1.1935678600E+00   6.2897926000E+00  -2.1399439100E+00
B20        5.0           3.7970848100E+00  -6.8902170000E-01   1.0732847000E-01
F21        9.0           2.9585747400E+00  -2.9320609600E+00  -1.0901301000E+00
F22        9.0           1.9567580400E+00  -1.0094364000E-01   2.0492223100E+00
F23        9.0           6.1762057700E+00  -9.5484492000E-01   1.1441002500E+00
F24        9.0           3.7054140200E+00   1.3290637500E+00  -1.6674639700E+00
 
Some Atomic Properties:
----------------------
  q(A) = Net Charge of Atom A
  L(A) = Lagrangian of Atom A = -(1/4) Times Atomic Integral of the Laplacian of the Electron Density
  K(A) = Electronic Kinetic Energy of Atom A (Hamiltonian Form)
  K_Scaled(A) = K(A) * E(Mol)/K(Mol) = Approximation to Virial-Based Total Energy of Atom A.
  |Mu_Intra(A)| = Magnitude of Intraatomic Dipole Moment of Atom A
--------------------------------------------------------------------------------------------------
Atom A          q(A)              L(A)              K(A)          K_Scaled(A)      |Mu_Intra(A)|
--------------------------------------------------------------------------------------------------
C1        5.5915320850E-01  1.6229940783E-04  3.7461745832E+01 -3.7503181145E+01  7.8723644322E-01
C2        5.2638135390E-01  1.5915041485E-04  3.7466821371E+01 -3.7508262299E+01  7.8982332315E-01
N3       -1.5434731306E+00  1.6201278728E-04  5.5385482120E+01 -5.5446742340E+01  1.7860587965E-01
N4       -1.5615541066E+00 -1.0968612379E-04  5.5394838409E+01 -5.5456108978E+01  1.7251534908E-01
C5        1.3517920554E+00  2.2984365425E-04  3.6959743289E+01 -3.7000623353E+01  8.8321829712E-01
C6        5.2233103940E-01  2.5240554126E-04  3.7437607439E+01 -3.7479016054E+01  6.1717346785E-01
H7        2.6626801800E-02  2.3807590639E-05  6.1156401378E-01 -6.1224044639E-01  1.2150570398E-01
H8        1.9395736440E-02  2.5904407306E-05  6.1443077512E-01 -6.1511037857E-01  1.1974934418E-01
H9        7.3266285020E-02  3.0316326305E-05  5.9151859226E-01 -5.9217285323E-01  1.1851964684E-01
C10       4.6208984250E-01 -4.0253743922E-05  3.7475928520E+01 -3.7517379520E+01  6.0947329946E-01
H11       1.3079797028E-01  1.9376569325E-05  5.6420510852E-01 -5.6482915886E-01  1.1289598698E-01
H12       1.2758861202E-01  7.0178048699E-05  5.6706736110E-01 -5.6769457730E-01  1.1102518183E-01
H13       1.0880347019E-01  2.1548553949E-05  5.7086938365E-01 -5.7150080514E-01  1.1542029310E-01
C14       1.3115423020E-01 -6.8632076163E-05  3.7691648895E+01 -3.7733338497E+01  1.9369826023E-01
H15       3.1158138500E-02  2.3469254846E-05  6.1762923213E-01 -6.1831237329E-01  1.2192779719E-01
H16      -6.9915992000E-03  1.8403598962E-05  6.3193134225E-01 -6.3263030255E-01  1.2450123423E-01
H17       1.0239814890E-01  8.2031768362E-06  5.7906050096E-01 -5.7970098240E-01  8.9917300211E-02
H18      -1.2309225600E-02  2.4020020982E-05  6.2126927128E-01 -6.2195643858E-01  1.2501999857E-01
H19      -4.4458687800E-02  2.6453758481E-05  6.3756047830E-01 -6.3826566482E-01  1.2409958205E-01
B20       2.5166389785E+00 -1.4470969741E-04  2.3291370751E+01 -2.3317132637E+01  2.5170126151E-03
F21      -8.8037854140E-01  2.6238704053E-05  9.9835333750E+01 -9.9945758618E+01  2.7763536021E-01
F22      -8.8781607860E-01  9.1788602399E-05  9.9817373692E+01 -9.9927778695E+01  2.3592569156E-01
F23      -8.6839917690E-01  1.9393205618E-05  9.9860180461E+01 -9.9970632810E+01  3.2962390219E-01
F24      -8.8342736580E-01  1.7504507971E-05  9.9841085657E+01 -9.9951516887E+01  2.7313100782E-01
--------------------------------------------------------------------------------------------------
Total     7.6795905000E-04  1.0490364906E-03  7.6452626625E+02 -7.6537188581E+02
 
1st Largest |L(A)| = 2.5240554126E-04, atom C6      
2nd Largest |L(A)| = 2.2984365425E-04, atom C5      
 
Molecular charge q(Mol) from the wfn file:   0.0000000000E+00
Molecular energy E(Mol) from the wfn file:  -7.6755982453E+02
Molecular virial ratio (-V(Mol)/T(Mol)) from the wfn file:   2.0011060700E+00
Note.  K_Scaled(A) = (1+V(Mol)/T(Mol))*K(A) = (E(Mol)/T(Mol))*K(A)
       Only use K_Scaled(A) data with caution.
 
N_AIMInt(SumA)     =        101.999232
N_Analytic(Mol)    =        102.000000
 
G_AIMInt(SumA)     =        764.525217
G_Analytic(Mol)    =        764.526177
 
K_AIMInt(SumA)     =        764.526266
K_Analytic(Mol)    =        764.526177
 
L_AIMInt(SumA)     =          0.001049
L_Analytic(Mol)    =          0.000000
 
VenT_AIMInt(SumA)  =      -3574.375806
VenT_Analytic(Mol) =      -3574.391736
 
Some Information About the Atomic Calculations:
----------------------------------------------
  Time(sec) = "Elapsed User Time", in Seconds, for Atom A by AIMInt and, if used, by TWOe
  NProc = Number of Processors Used for AIMInt Job
  BIM = Basin Integration Method
  OAQ = Angular Quadrature Outside of Beta Sphere
  ORQ = Multiple of Default for Radial Quadrature Outside of Beta Sphere
  IAQ = Multiple of Default for Angular Quadrature Inside of Beta Sphere
  IRQ = Multiple of Default for Radial Quadrature Inside of Beta Sphere
  MIR = Maximum Integration Radius
------------------------------------------------------------------------------------------------------
Atom A     Time(sec)   NProc      BIM          OAQ                     ORQ      IAQ      IRQ      MIR
------------------------------------------------------------------------------------------------------
C1             63        4     Proaim(5)    4500(GS4)                  1.00     1.00     1.00    13.00
C2             59        4     Proaim(5)    4500(GS4)                  1.00     1.00     1.00    13.00
N3             87        4     Proaim(5)    4500(GS4)                  1.00     1.00     1.00    13.00
N4             54        4     Proaim(5)    4500(GS4)                  1.00     1.00     1.00    13.00
C5             41        4     Proaim(5)    4500(GS4)                  1.00     1.00     1.00    13.00
C6             47        4     Proaim(5)    4500(GS4)                  1.00     1.00     1.00    13.00
H7              8        4     Proaim(5)    1800(GS4)                  1.00     1.00     1.00    13.00
H8             11        4     Proaim(5)    1800(GS4)                  1.00     1.00     1.00    13.00
H9             13        4     Proaim(5)    1800(GS4)                  1.00     1.00     1.00    13.00
C10            69        4     Proaim(5)    4500(GS4)                  1.00     1.00     1.00    13.00
H11            10        4     Proaim(5)    1800(GS4)                  1.00     1.00     1.00    13.00
H12            15        4     Proaim(5)    1800(GS4)                  1.00     1.00     1.00    13.00
H13            11        4     Proaim(5)    1800(GS4)                  1.00     1.00     1.00    13.00
C14            52        4     Proaim(5)    4500(GS4)                  1.00     1.00     1.00    13.00
H15            11        4     Proaim(5)    1800(GS4)                  1.00     1.00     1.00    13.00
H16            10        4     Proaim(5)    1800(GS4)                  1.00     1.00     1.00    13.00
H17            23        4     Proaim(5)    4500(GS4)                  1.00     1.00     1.00    13.00
H18             9        4     Proaim(5)    1800(GS4)                  1.00     1.00     1.00    13.00
H19            13        4     Proaim(5)    1800(GS4)                  1.00     1.00     1.00    13.00
B20            66        4     Proaim(5)    4500(GS4)                  1.00     1.00     1.00    13.00
F21            37        4     Proaim(5)    4500(GS4)                  1.00     1.00     1.00    13.00
F22            45        4     Proaim(5)    4500(GS4)                  1.00     1.00     1.00    13.00
F23            22        4     Proaim(5)    2700(GS4)                  1.00     1.00     1.00    13.00
F24            44        4     Proaim(5)    4500(GS4)                  1.00     1.00     1.00    13.00
------------------------------------------------------------------------------------------------------
Total         820
Note:  Total wall clock time is less than total of atomic times if more than one atom
       was calculated at a time
 
Electron Density Critical Point Analysis of Molecular Structure:               
---------------------------------------------------------------                
  NACP = Nuclear Attractor Critical Point                                      
  NNACP = Non-Nuclear Attractor Critical Point                                 
  BCP = Bond Critical Point                                                    
  RCP = Ring Critical Point                                                    
  CCP = Cage Critical Point                                                    
  Rho = Electron Density                                                       
  GradRho = Gradient of Electron Density                                       
  HessRho_EigVals = Eigenvalues of the Hessian of Rho, Ascending Order         
  HessRho_EigVecs = Eigenvectors of the Hessian of Rho                         
  DelSqRho = Laplacian of Rho = Trace of Hessian of Rho                        
  Bond Ellipticity = (HessRho_EigVal(1) / HessRho_EigVal(2)) - 1               
  V = Virial Field = Potential Energy Density = Trace of Stress Tensor         
  G = Lagrangian Form of Kinetic Energy Density                                
  K = Hamiltonian Form of Kinetic Energy Density                               
  L = K - G = Lagrangian Density = (-1/4)DelSqRho                              
  Vnuc = Electrostatic Potential from Nuclei                                   
  Ven = Electron-nuclear attractive contribution to Virial Field V             
  Vrep = V - Ven = Repulsive contribution to Virial Field V                    
  DelSqV = Laplacian of V                                                      
  DelSqVen = Laplacian of Ven                                                  
  DelSqVrep = Laplacian of Vrep                                                
  DelSqG = Laplacian of G                                                      
  DelSqK = Laplacian of K                                                      
  Stress_EigVals = Eigenvalues of Stress Tensor, Ascending Order               
  Stress_EigVecs = Eigenvectors of Stress Tensor                               
  -DivStress = Ehrenfest Force Density = Minus Divergence of Stress Tensor     
  ESP = Total Electrostatic Potential                                          
  ESPe = Electrostatic Potential from Electrons                                
  ESPn = Electrostatic Potential from Nuclei                                   
  BP = Bond Path                                                               
  BPL = Bond Path Length                                                       
  GBL = Geometric Bond Length                                                  
  GBL_I = Distance Between Nuclear Attractors                                  
  GBL_II = Distance Between Nuclei                                             
  GBL_III = Sum of Distances Between BCP and Nuclear Attractors                
  GBL_IV = Sum of Distances Between BCP and Nuclei                             

CP# 1      Coords = -2.38723336227484E+00  9.39006706160811E-01 -2.21317681959013E+00
           Type = (3,-3) NACP C1
           Rho =  1.1952297674E+02     Rho at Nucleus =  1.1952297369E+02
           GradRho =  1.2044837350E-11 -3.2874536426E-12 -2.3223097056E-11
           HessRho_EigVals = -1.8124001713E+05 -1.8123999839E+05 -1.8123733269E+05
           HessRho_EigVec1 =  8.6702932943E-01 -4.2437160133E-01 -2.6109171931E-01
           HessRho_EigVec2 =  3.8685342406E-01  2.4310588478E-01  8.8951894700E-01
           HessRho_EigVec3 =  3.1401364652E-01  8.7224324175E-01 -3.7494953931E-01
           DelSqRho = -5.4371734821E+05
           Bond Ellipticity = NA
           V = -1.3594342768E+05
           G =  7.0453113618E+00
           K =  1.3593638236E+05
           L =  1.3592933705E+05
           Vnuc =  1.0337538661E+06
           Ven = -1.2355733930E+08
           Vrep =  1.2342139587E+08
           DelSqV =  4.6071482445E+09
           DelSqVen =  5.6206991360E+11
           DelSqVrep = -5.5746276484E+11
           DelSqG =  2.0613927442E+08
           DelSqK = -4.8132875190E+09
           Stress_EigVals = -4.5315080465E+04 -4.5314292591E+04 -4.5314054621E+04
           Stress_EigVec1 =  3.3096760164E-01  8.6689711596E-01 -3.7275975776E-01
           Stress_EigVec2 = -1.7760148740E-01  4.4518786906E-01  8.7764769293E-01
           Stress_EigVec3 =  9.2677837606E-01 -2.2427026459E-01  3.0130497852E-01
           -DivStress =  3.6604474840E+03 -4.3123234803E+03 -6.6094658261E+03
           ESP =  -1.4645291285E+01     ESP at Nucleus =  -1.4645291369E+01
           ESPe = -3.4088879226E+01     ESPe at Nucleus = -3.4088873194E+01
           ESPn =  1.9443587941E+01     ESPn at Nucleus =  1.9443581825E+01

CP# 2      Coords = -3.00032708090976E+00 -1.55116126962414E+00 -2.32629204617590E+00
           Type = (3,-3) NACP C2
           Rho =  1.1949888823E+02     Rho at Nucleus =  1.1949888524E+02
           GradRho =  1.4439921481E-11 -1.0483740612E-11  1.4542186899E-12
           HessRho_EigVals = -1.8120329123E+05 -1.8120273135E+05 -1.8120062716E+05
           HessRho_EigVec1 =  3.9921203389E-01  3.3585622466E-01 -8.5312973711E-01
           HessRho_EigVec2 =  9.1278669388E-01 -2.3318469594E-01  3.3532871790E-01
           HessRho_EigVec3 =  8.6314561134E-02  9.1259273169E-01  3.9965522967E-01
           DelSqRho = -5.4360664974E+05
           Bond Ellipticity = NA
           V = -1.3591580532E+05
           G =  7.0714431391E+00
           K =  1.3590873388E+05
           L =  1.3590166244E+05
           Vnuc =  1.0445147397E+06
           Ven = -1.2481835013E+08
           Vrep =  1.2468243433E+08
           DelSqV =  4.6062151924E+09
           DelSqVen =  5.6780516096E+11
           DelSqVrep = -5.6319894526E+11
           DelSqG =  2.0609696601E+08
           DelSqK = -4.8123121584E+09
           Stress_EigVals = -4.5305828265E+04 -4.5305031683E+04 -4.5304945373E+04
           Stress_EigVec1 =  7.3345981233E-02  9.1153005654E-01  4.0463974479E-01
           Stress_EigVec2 = -3.1748527213E-01 -3.6328366780E-01  8.7591556596E-01
           Stress_EigVec3 =  9.4542237599E-01 -1.9271204615E-01  2.6275197098E-01
           -DivStress =  4.0779060408E+03  3.5973254334E+03 -6.6732819479E+03
           ESP =  -1.4645747367E+01     ESP at Nucleus =  -1.4645747450E+01
           ESPe = -3.3301560781E+01     ESPe at Nucleus = -3.3301555975E+01
           ESPn =  1.8655813414E+01     ESPn at Nucleus =  1.8655808525E+01

CP# 3      Coords = -3.04857466841861E+00  1.79954779652490E+00  1.53087599129591E-01
           Type = (3,-3) NACP N3
           Rho =  1.9376714286E+02     Rho at Nucleus =  1.9376714228E+02
           GradRho = -8.0249945578E-11 -6.5015063194E-09  1.9664110444E-09
           HessRho_EigVals = -4.0299297963E+05 -4.0299172618E+05 -4.0298673526E+05
           HessRho_EigVec1 = -4.1983033418E-01 -4.4165822417E-01  7.9289375299E-01
           HessRho_EigVec2 =  1.3605624300E-01  8.3311579124E-01  5.3610332690E-01
           HessRho_EigVec3 =  8.9734674973E-01 -3.3295058402E-01  2.8967692237E-01
           DelSqRho = -1.2089714411E+06
           Bond Ellipticity = NA
           V = -3.0229047142E+05
           G =  2.3805577632E+01
           K =  3.0226666585E+05
           L =  3.0224286027E+05
           Vnuc =  4.1282091239E+06
           Ven = -7.9991128705E+08
           Vrep =  7.9960899658E+08
           DelSqV =  1.4117071280E+10
           DelSqVen =  4.9908871004E+12
           DelSqVrep = -4.9767700291E+12
           DelSqG =  6.2869599827E+08
           DelSqK = -1.4745767278E+10
           Stress_EigVals = -1.0076414546E+05 -1.0076332629E+05 -1.0076299967E+05
           Stress_EigVec1 =  8.8681480615E-01 -3.6444403461E-01  2.8414792843E-01
           Stress_EigVec2 =  1.8067138144E-01  8.3935640256E-01  5.1267795096E-01
           Stress_EigVec3 = -4.2534380391E-01 -4.0331299894E-01  8.1019829262E-01
           -DivStress =  8.5610408385E+01  7.4565703089E+03 -2.2470684288E+03
           ESP =  -1.8223827270E+01     ESP at Nucleus =  -1.8223827280E+01
           ESPe = -3.8082474891E+01     ESPe at Nucleus = -3.8082473185E+01
           ESPn =  1.9858647621E+01     ESPn at Nucleus =  1.9858645906E+01

CP# 4      Coords = -3.88311180222581E+00 -2.21793001317641E+00  3.84146384761888E-02
           Type = (3,-3) NACP N4
           Rho =  1.9373640048E+02     Rho at Nucleus =  1.9373640029E+02
           GradRho =  2.9600960051E-10  8.0862255759E-10  9.0722050011E-10
           HessRho_EigVals = -4.0292787065E+05 -4.0292715575E+05 -4.0292150534E+05
           HessRho_EigVec1 = -1.1775573669E-01  7.3527043364E-01  6.6746608594E-01
           HessRho_EigVec2 = -1.9560551044E-01 -6.7614817710E-01  7.1032536692E-01
           HessRho_EigVec3 =  9.7358721785E-01 -4.6915157570E-02  2.2344327519E-01
           DelSqRho = -1.2087765317E+06
           Bond Ellipticity = NA
           V = -3.0224183913E+05
           G =  2.3853098044E+01
           K =  3.0221798603E+05
           L =  3.0219413293E+05
           Vnuc =  7.2998923146E+06
           Ven = -1.4142548609E+09
           Vrep =  1.4139526191E+09
           DelSqV =  1.4114807711E+10
           DelSqVen =  8.8239393997E+12
           DelSqVrep = -8.8098243298E+12
           DelSqG =  6.2859320063E+08
           DelSqK = -1.4743400912E+10
           Stress_EigVals = -1.0074799775E+05 -1.0074700594E+05 -1.0074683544E+05
           Stress_EigVec1 =  9.7846128444E-01 -9.2669980789E-03  2.0622230142E-01
           Stress_EigVec2 =  1.3586865350E-01  7.8101084507E-01 -6.0955866729E-01
           Stress_EigVec3 = -1.5541307491E-01  6.2444870296E-01  7.6544796918E-01
           -DivStress = -1.1356854507E+03 -2.7415460342E+03 -3.2546136857E+03
           ESP =  -1.8214508994E+01     ESP at Nucleus =  -1.8214508997E+01
           ESPe = -3.7032127307E+01     ESPe at Nucleus = -3.7032126393E+01
           ESPn =  1.8817618312E+01     ESPn at Nucleus =  1.8817617397E+01

CP# 5      Coords = -3.86805117358499E+00 -1.64947628900652E-01  1.50803549895642E+00
           Type = (3,-3) NACP C5
           Rho =  1.1954551322E+02     Rho at Nucleus =  1.1954551205E+02
           GradRho = -3.6984165730E-12 -8.8793555841E-13 -1.6657817486E-11
           HessRho_EigVals = -1.8127627950E+05 -1.8127510662E+05 -1.8127357159E+05
           HessRho_EigVec1 =  9.2172974103E-01 -2.5339478625E-01  2.9360750467E-01
           HessRho_EigVec2 =  2.3860450499E-01  9.6732100553E-01  8.5778566417E-02
           HessRho_EigVec3 = -3.0574854815E-01 -9.0085824975E-03  9.5206967746E-01
           DelSqRho = -5.4382495771E+05
           Bond Ellipticity = NA
           V = -1.3597005267E+05
           G =  6.9066185906E+00
           K =  1.3596314605E+05
           L =  1.3595623943E+05
           Vnuc =  1.6737810802E+06
           Ven = -2.0009301825E+08
           Vrep =  1.9995704819E+08
           DelSqV =  4.6080544511E+09
           DelSqVen =  9.1024392192E+11
           DelSqVrep = -9.0563586337E+11
           DelSqG =  2.0618157886E+08
           DelSqK = -4.8142360299E+09
           Stress_EigVals = -4.5323826718E+04 -4.5323413681E+04 -4.5322812267E+04
           Stress_EigVec1 = -2.9565771075E-01 -1.4261166809E-02  9.5518748798E-01
           Stress_EigVec2 =  2.1148693528E-01  9.7410087388E-01  8.0004773044E-02
           Stress_EigVec3 =  9.3158992818E-01 -2.2566370250E-01  2.8498438395E-01
           -DivStress =  3.9587602574E+02  2.5313251887E+02  5.3529545810E+03
           ESP =  -1.4571808731E+01     ESP at Nucleus =  -1.4571808752E+01
           ESPe = -3.3828391839E+01     ESPe at Nucleus = -3.3828385624E+01
           ESPn =  1.9256583108E+01     ESPn at Nucleus =  1.9256576872E+01

CP# 6      Coords = -4.31626325316731E+00 -4.80993534193937E+00  8.95251274321273E-01
           Type = (3,-3) NACP C6
           Rho =  1.1937369648E+02     Rho at Nucleus =  1.1937369223E+02
           GradRho = -3.7350078759E-11  2.8193688486E-11 -1.8346181779E-12
           HessRho_EigVals = -1.8101297474E+05 -1.8100968852E+05 -1.8100947573E+05
           HessRho_EigVec1 =  1.6902302696E-01  9.3215932173E-01 -3.2017216503E-01
           HessRho_EigVec2 =  8.9519632049E-02  3.0898415687E-01  9.4684477412E-01
           HessRho_EigVec3 =  9.8153830890E-01 -1.8870026418E-01 -3.1221122017E-02
           DelSqRho = -5.4303213899E+05
           Bond Ellipticity = NA
           V = -1.3577201151E+05
           G =  6.9883837216E+00
           K =  1.3576502313E+05
           L =  1.3575803475E+05
           Vnuc =  8.7545005478E+05
           Ven = -1.0450570913E+08
           Vrep =  1.0436993711E+08
           DelSqV =  4.6013648100E+09
           DelSqVen =  4.7539751782E+11
           DelSqVrep = -4.7079615327E+11
           DelSqG =  2.0587686291E+08
           DelSqK = -4.8072416729E+09
           Stress_EigVals = -4.5257667610E+04 -4.5257613880E+04 -4.5256730025E+04
           Stress_EigVec1 =  9.8190499683E-01 -1.8583783592E-01 -3.6426308451E-02
           Stress_EigVec2 =  9.3415854358E-02  3.0799661620E-01  9.4679013650E-01
           Stress_EigVec3 =  1.6473025030E-01  9.3306076070E-01 -3.1978361667E-01
           -DivStress = -3.9891652955E+02 -9.8456473490E+03  2.8521570262E+03
           ESP =  -1.4631099419E+01     ESP at Nucleus =  -1.4631099521E+01
           ESPe = -2.9699143084E+01     ESPe at Nucleus = -2.9699130367E+01
           ESPn =  1.5068043665E+01     ESPn at Nucleus =  1.5068030846E+01

CP# 7      Coords = -5.56479223803689E+00 -5.74956610447440E+00 -3.97060305669998E-01
           Type = (3,-3) NACP H7
           Rho =  4.3149432390E-01     Rho at Nucleus =  4.2763288882E-01
           GradRho =  9.8879877810E-13  7.7094257492E-13  1.0059750613E-12
           HessRho_EigVals = -8.4533272664E+00 -8.4454914569E+00 -7.7032149307E+00
           HessRho_EigVec1 = -1.5251093021E-01  8.5133560702E-01 -5.0196424214E-01
           HessRho_EigVec2 = -7.7358666949E-01  2.1325967692E-01  5.9672772266E-01
           HessRho_EigVec3 =  6.1506429010E-01  4.7932034635E-01  6.2605744515E-01
           DelSqRho = -2.4602033654E+01
           Bond Ellipticity = NA
           V = -6.1614323948E+00
           G =  5.4619906500E-03
           K =  6.1559704042E+00
           L =  6.1505084135E+00
           Vnuc =  4.7029934411E+01
           Ven = -2.0293149752E+01
           Vrep =  1.4131717357E+01
           DelSqV =  1.5766426434E+03
           DelSqVen =  1.1570320291E+03
           DelSqVrep =  4.1961061425E+02
           DelSqG =  1.1733012879E+02
           DelSqK = -1.6939727722E+03
           Stress_EigVals = -2.1170308186E+00 -2.1165260913E+00 -1.9278754849E+00
           Stress_EigVec1 = -7.2508538377E-01  6.5658364308E-01  2.0772362860E-01
           Stress_EigVec2 = -3.1072388884E-01 -5.8110731276E-01  7.5217348794E-01
           Stress_EigVec3 =  6.1457452855E-01  4.8084530849E-01  6.2536864181E-01
           -DivStress = -9.8541109601E+00 -7.7074699974E+00 -1.0000769070E+01
           ESP =  -1.0472089478E+00     ESP at Nucleus =  -1.0485864713E+00
           ESPe = -1.5913494177E+01     ESPe at Nucleus = -1.5831311005E+01
           ESPn =  1.4866285229E+01     ESPn at Nucleus =  1.4782724534E+01

CP# 8      Coords = -5.15999333003244E+00 -4.76731858318517E+00  2.73657184461909E+00
           Type = (3,-3) NACP H8
           Rho =  4.3185402801E-01     Rho at Nucleus =  4.2800233729E-01
           GradRho =  3.1747364916E-14  2.5385560489E-15 -6.0016261027E-14
           HessRho_EigVals = -8.4539518415E+00 -8.4474993906E+00 -7.7082122241E+00
           HessRho_EigVec1 = -3.9499011284E-02  9.9917438583E-01 -9.5065662208E-03
           HessRho_EigVec2 =  9.0876593547E-01  3.9877273807E-02  4.1539653051E-01
           HessRho_EigVec3 = -4.1543266920E-01 -7.7685087013E-03  9.0959075833E-01
           DelSqRho = -2.4609663456E+01
           Bond Ellipticity = NA
           V = -6.1635417569E+00
           G =  5.5629464508E-03
           K =  6.1579788105E+00
           L =  6.1524158640E+00
           Vnuc =  4.7476641115E+01
           Ven = -2.0502978702E+01
           Vrep =  1.4339436945E+01
           DelSqV =  1.5771751489E+03
           DelSqVen =  1.1683841599E+03
           DelSqVrep =  4.0879098899E+02
           DelSqG =  1.1730677745E+02
           DelSqK = -1.6944819263E+03
           Stress_EigVals = -2.1175552644E+00 -2.1169003965E+00 -1.9290860960E+00
           Stress_EigVec1 =  8.9851204719E-01 -1.6094987807E-01  4.0837634336E-01
           Stress_EigVec2 =  1.4246947669E-01  9.8691531991E-01  7.5502314815E-02
           Stress_EigVec3 = -4.1518495791E-01 -9.6585755206E-03  9.0968574939E-01
           -DivStress = -6.6379383012E+00 -2.6326565519E-01  1.4550715958E+01
           ESP =  -1.0407640366E+00     ESP at Nucleus =  -1.0421452639E+00
           ESPe = -1.6304584867E+01     ESPe at Nucleus = -1.6225874654E+01
           ESPn =  1.5263820830E+01     ESPn at Nucleus =  1.5183729390E+01

CP# 9      Coords = -2.53290632885651E+00 -5.77370834134025E+00  9.79813952515901E-01
           Type = (3,-3) NACP H9
           Rho =  4.2646209061E-01     Rho at Nucleus =  4.2244018298E-01
           GradRho = -8.3689186223E-14  4.7182201722E-14 -4.8350944559E-15
           HessRho_EigVals = -8.3549712153E+00 -8.3465887663E+00 -7.5828739113E+00
           HessRho_EigVec1 =  4.7441059639E-01  8.4095557792E-01 -2.6024661763E-01
           HessRho_EigVec2 =  8.5359655846E-02  2.5029408872E-01  9.6439960509E-01
           HessRho_EigVec3 =  8.7615541725E-01 -4.7973595353E-01  4.6958489191E-02
           DelSqRho = -2.4284433893E+01
           Bond Ellipticity = NA
           V = -6.0815806080E+00
           G =  5.2360673989E-03
           K =  6.0763445406E+00
           L =  6.0711084732E+00
           Vnuc =  4.7543080637E+01
           Ven = -2.0275321562E+01
           Vrep =  1.4193740954E+01
           DelSqV =  1.5536915148E+03
           DelSqVen =  1.1545567988E+03
           DelSqVrep =  3.9913471604E+02
           DelSqG =  1.1568206264E+02
           DelSqK = -1.6693735775E+03
           Stress_EigVals = -2.0920325308E+00 -2.0918022773E+00 -1.8977457999E+00
           Stress_EigVec1 =  4.5785527980E-01  8.5726685045E-01  2.3550390629E-01
           Stress_EigVec2 = -1.5362244732E-01 -1.8462567027E-01  9.7072833767E-01
           Stress_EigVec3 =  8.7565329123E-01 -4.8063178110E-01  4.7163593654E-02
           -DivStress =  1.4279311178E+01 -7.7129498989E+00  7.5940961586E-01
           ESP =  -1.0548333161E+00     ESP at Nucleus =  -1.0562595770E+00
           ESPe = -1.7296240463E+01     ESPe at Nucleus = -1.7230740609E+01
           ESPn =  1.6241407147E+01     ESPn at Nucleus =  1.6174481032E+01

CP# 10     Coords = -2.45078181044146E+00  4.31546400733320E+00  1.24433641017951E+00
           Type = (3,-3) NACP C10
           Rho =  1.1939069768E+02     Rho at Nucleus =  1.1939069277E+02
           GradRho =  1.7359756970E-11  1.9184558700E-11  9.9995174901E-12
           HessRho_EigVals = -1.8104320894E+05 -1.8103960619E+05 -1.8103940477E+05
           HessRho_EigVec1 =  1.9761802680E-01  8.8463800791E-01  4.2233009653E-01
           HessRho_EigVec2 =  9.5627486000E-01 -7.9213410259E-02 -2.8153796861E-01
           HessRho_EigVec3 =  2.1560498050E-01 -4.5950063176E-01  8.6161108500E-01
           DelSqRho = -5.4312221989E+05
           Bond Ellipticity = NA
           V = -1.3579425449E+05
           G =  6.8497576842E+00
           K =  1.3578740473E+05
           L =  1.3578055497E+05
           Vnuc =  8.1496857675E+05
           Ven = -9.7299666964E+07
           Vrep =  9.7163872709E+07
           DelSqV =  4.6021262477E+09
           DelSqVen =  4.4262754253E+11
           DelSqVrep = -4.3802541628E+11
           DelSqG =  2.0591553128E+08
           DelSqK = -4.8080417790E+09
           Stress_EigVals = -4.5265115019E+04 -4.5265061893E+04 -4.5264077577E+04
           Stress_EigVec1 =  1.4038301841E-01 -4.5469579041E-01  8.7951369877E-01
           Stress_EigVec2 =  9.6988885805E-01 -1.1540394546E-01 -2.1447035319E-01
           Stress_EigVec3 =  1.9901811769E-01  8.8313853248E-01  4.2480362672E-01
           -DivStress =  3.1017201579E+03  9.5556166540E+03  4.5342597502E+03
           ESP =  -1.4639677465E+01     ESP at Nucleus =  -1.4639677583E+01
           ESPe = -3.1884146143E+01     ESPe at Nucleus = -3.1884135042E+01
           ESPn =  1.7244468679E+01     ESPn at Nucleus =  1.7244457458E+01

CP# 11     Coords = -4.34336365446689E+00 -1.22546783664623E-01  3.44875546447324E+00
           Type = (3,-3) NACP H11
           Rho =  4.2333187482E-01     Rho at Nucleus =  4.1873409261E-01
           GradRho = -8.0480327264E-16 -6.2233204701E-17 -8.6803936435E-17
           HessRho_EigVals = -8.2718528853E+00 -8.2596803367E+00 -7.4246882592E+00
           HessRho_EigVec1 =  2.0562721452E-01  9.7827009993E-01  2.6552970433E-02
           HessRho_EigVec2 =  9.5154808428E-01 -2.0620209212E-01  2.2811606806E-01
           HessRho_EigVec3 = -2.2863440675E-01  2.1640443515E-02  9.7327180133E-01
           DelSqRho = -2.3956221481E+01
           Bond Ellipticity = NA
           V = -5.9985618952E+00
           G =  4.7532624572E-03
           K =  5.9938086328E+00
           L =  5.9890553703E+00
           Vnuc =  4.6719184299E+01
           Ven = -1.9777719879E+01
           Vrep =  1.3779157984E+01
           DelSqV =  1.5242158814E+03
           DelSqVen =  1.1192151265E+03
           DelSqVrep =  4.0500075492E+02
           DelSqG =  1.1344164915E+02
           DelSqK = -1.6376575306E+03
           Stress_EigVals = -2.0705914882E+00 -2.0705687973E+00 -1.8574016098E+00
           Stress_EigVec1 =  8.7229258904E-01  4.4852675121E-01  1.9475469841E-01
           Stress_EigVec2 =  4.3234976722E-01 -8.9350787568E-01  1.2131510577E-01
           Stress_EigVec3 = -2.2842792712E-01  2.1620119182E-02  9.7332073468E-01
           -DivStress = -3.8900643712E+00  3.7915603084E-01  1.6810118156E+01
           ESP =  -9.7832507782E-01     ESP at Nucleus =  -9.8004017141E-01
           ESPe = -1.8635552829E+01     ESPe at Nucleus = -1.8527710640E+01
           ESPn =  1.7657227751E+01     ESPn at Nucleus =  1.7547670469E+01

CP# 12     Coords = -1.52538151356962E+00  2.11247121335067E+00 -3.57643059682838E+00
           Type = (3,-3) NACP H12
           Rho =  4.2323080495E-01     Rho at Nucleus =  4.1869425863E-01
           GradRho = -3.5906065447E-16  3.6469172951E-16  2.3646178331E-15
           HessRho_EigVals = -8.2791704663E+00 -8.2680928908E+00 -7.4430334428E+00
           HessRho_EigVec1 =  1.1349071791E-02 -7.7246245400E-01 -6.3495901894E-01
           HessRho_EigVec2 =  8.9432217105E-01 -2.7619951702E-01  3.5199670619E-01
           HessRho_EigVec3 = -4.4727961383E-01 -5.7185276423E-01  6.8769569076E-01
           DelSqRho = -2.3990296800E+01
           Bond Ellipticity = NA
           V = -6.0083685192E+00
           G =  5.3971596025E-03
           K =  6.0029713596E+00
           L =  5.9975742000E+00
           Vnuc =  4.7917194355E+01
           Ven = -2.0280032738E+01
           Vrep =  1.4271664219E+01
           DelSqV =  1.5277488857E+03
           DelSqVen =  1.1495477144E+03
           DelSqVrep =  3.7820117130E+02
           DelSqG =  1.1380986715E+02
           DelSqK = -1.6415587528E+03
           Stress_EigVals = -2.0734379325E+00 -2.0729376953E+00 -1.8619928914E+00
           Stress_EigVec1 =  8.9380916479E-01 -2.6564193527E-01  3.6130255903E-01
           Stress_EigVec2 =  2.3358295687E-02 -7.7700267312E-01 -6.2906377736E-01
           Stress_EigVec3 = -4.4783877340E-01 -5.7070238145E-01  6.8828716743E-01
           -DivStress =  7.7942050892E+00  9.7559413769E+00 -1.1767748749E+01
           ESP =  -1.0311974826E+00     ESP at Nucleus =  -1.0328674778E+00
           ESPe = -1.9664956028E+01     ESPe at Nucleus = -1.9568443495E+01
           ESPn =  1.8633758546E+01     ESPn at Nucleus =  1.8535576017E+01

CP# 13     Coords = -2.69720732619293E+00 -2.90287205749518E+00 -3.76629241323076E+00
           Type = (3,-3) NACP H13
           Rho =  4.2259242559E-01     Rho at Nucleus =  4.1818902679E-01
           GradRho = -1.5133293924E-15  7.1703168576E-15  4.7871862724E-15
           HessRho_EigVals = -8.2711287427E+00 -8.2588939032E+00 -7.4552803423E+00
           HessRho_EigVec1 =  3.4698116672E-01  7.3171331727E-01 -5.8668534265E-01
           HessRho_EigVec2 = -9.2237902049E-01  1.5300449218E-01 -3.5469221579E-01
           HessRho_EigVec3 = -1.6976752490E-01  6.6421777055E-01  7.2800669006E-01
           DelSqRho = -2.3985302988E+01
           Bond Ellipticity = NA
           V = -6.0074295834E+00
           G =  5.5519181988E-03
           K =  6.0018776652E+00
           L =  5.9963257470E+00
           Vnuc =  4.7020434198E+01
           Ven = -1.9870479340E+01
           Vrep =  1.3863049757E+01
           DelSqV =  1.5293331882E+03
           DelSqVen =  1.1277993609E+03
           DelSqVrep =  4.0153382734E+02
           DelSqG =  1.1392538598E+02
           DelSqK = -1.6432585742E+03
           Stress_EigVals = -2.0716472402E+00 -2.0707682109E+00 -1.8650141323E+00
           Stress_EigVec1 =  9.0876610850E-01 -1.8064357207E-01  3.7618088723E-01
           Stress_EigVec2 =  3.8124466273E-01  7.2596459195E-01 -5.7238790900E-01
           Stress_EigVec3 = -1.6969580780E-01  6.6358368809E-01  7.2860141485E-01
           -DivStress =  2.9678207176E+00 -1.1189756865E+01 -1.2313200855E+01
           ESP =  -1.0260943437E+00     ESP at Nucleus =  -1.0277274824E+00
           ESPe = -1.8319731603E+01     ESPe at Nucleus = -1.8218461999E+01
           ESPn =  1.7293637259E+01     ESPn at Nucleus =  1.7190734517E+01

CP# 14     Coords = -4.71625833366338E-01  5.72698055554251E+00 -2.88450893138498E-01
           Type = (3,-3) NACP C14
           Rho =  1.1936125511E+02     Rho at Nucleus =  1.1936125426E+02
           GradRho = -4.2146988651E-12  3.1431676100E-11  3.5506819820E-12
           HessRho_EigVals = -1.8098966433E+05 -1.8098868897E+05 -1.8098804882E+05
           HessRho_EigVec1 = -6.0046767229E-01 -5.8634070092E-01  5.4373077619E-01
           HessRho_EigVec2 =  4.4690447517E-01  3.1779101706E-01  8.3623277833E-01
           HessRho_EigVec3 = -6.6311006975E-01  7.4512646706E-01  7.1215050928E-02
           DelSqRho = -5.4296640212E+05
           Bond Ellipticity = NA
           V = -1.3575587909E+05
           G =  7.1392809891E+00
           K =  1.3574873981E+05
           L =  1.3574160053E+05
           Vnuc =  1.9646712380E+06
           Ven = -2.3450562484E+08
           Vrep =  2.3436986896E+08
           DelSqV =  4.6008116454E+09
           DelSqVen =  1.0667504927E+12
           DelSqVrep = -1.0621496810E+12
           DelSqG =  2.0584891114E+08
           DelSqK = -4.8066605565E+09
           Stress_EigVals = -4.5252156465E+04 -4.5251988017E+04 -4.5251734610E+04
           Stress_EigVec1 = -6.5454508858E-01  7.5255248201E-01  7.2356677883E-02
           Stress_EigVec2 =  4.5166523883E-01  3.1249503576E-01  8.3567060775E-01
           Stress_EigVec3 = -6.0627488736E-01 -5.7966508817E-01  5.4444388738E-01
           -DivStress =  4.2837835034E+03  1.5485039839E+02 -1.5799572762E+03
           ESP =  -1.4717799083E+01     ESP at Nucleus =  -1.4717799103E+01
           ESPe = -3.0285655977E+01     ESPe at Nucleus = -3.0285654247E+01
           ESPn =  1.5567856894E+01     ESPn at Nucleus =  1.5567855144E+01

CP# 15     Coords = -1.74722712162210E+00  3.95349753580196E+00  3.11236895768558E+00
           Type = (3,-3) NACP H15
           Rho =  4.3509665546E-01     Rho at Nucleus =  4.3117239382E-01
           GradRho = -3.3108715422E-14  1.5371926822E-14 -7.9500316920E-14
           HessRho_EigVals = -8.5258326972E+00 -8.5183588852E+00 -7.7624269662E+00
           HessRho_EigVec1 =  1.5409402688E-03  9.8468186060E-01  1.7435383251E-01
           HessRho_EigVec2 =  9.3202327685E-01  6.1770935673E-02 -3.5709517348E-01
           HessRho_EigVec3 =  3.6239513920E-01 -1.6305209264E-01  9.1765122905E-01
           DelSqRho = -2.4806618549E+01
           Bond Ellipticity = NA
           V = -6.2126767883E+00
           G =  5.5110755969E-03
           K =  6.2071657127E+00
           L =  6.2016546371E+00
           Vnuc =  4.9823726159E+01
           Ven = -2.1678136614E+01
           Vrep =  1.5465459826E+01
           DelSqV =  1.5892190360E+03
           DelSqVen =  1.2359581695E+03
           DelSqVrep =  3.5326086650E+02
           DelSqG =  1.1830877660E+02
           DelSqK = -1.7075278126E+03
           Stress_EigVals = -2.1349745368E+00 -2.1348209055E+00 -1.9428813461E+00
           Stress_EigVec1 =  8.1701728339E-01 -4.1833252763E-01 -3.9683832347E-01
           Stress_EigVec2 =  4.4809242490E-01  8.9377144666E-01 -1.9641280193E-02
