AIMSum (Version 17.11.14, Professional)
Copyright (c) 1997-2017 by Todd A. Keith
AIMSum is a component of the AIMAll package ( http://aim.tkgristmill.com )

TP:  64-bit Linux

Much of the Quantum Theory of Atoms in Molecules (QTAIM) is described in the book:
  "Atoms in Molecules - A Quantum Theory"
  R.F.W. Bader, Oxford University Press, Oxford, 1990

For additional references see:  http://aim.tkgristmill.com/references.html

Wfn File:  /home/localuser/Desktop/AIMAll/emimbf4/wfn/380.wfn
Sum File:  /home/localuser/Desktop/AIMAll/emimbf4/wfn/380.sum

SumViz File:  /home/localuser/Desktop/AIMAll/emimbf4/wfn/380.sumviz

Wfn Title:  B3LYP                                                                          
 
Total memory allocated for AIMSum =        1.481 Megabytes

Atomic units (a.u.) used throughout, except where stated otherwise

Model:  Restricted SCF
 
Restricted, closed-shell, single-determinant wavefunction.
  Number of electrons (from MO Occs)                   =         102.0000000000
  Number of Alpha electrons (from MO Occs)             =          51.0000000000
  Number of Beta electrons (from MO Occs)              =          51.0000000000
  Number of electron pairs (N*(N-1)/2)                 =        5151.0000000000
  Number of electron pairs (from Muller 2EDM)          =        5151.0000000000
 
Nuclear Charges and Cartesian Coordinates:
-------------------------------------------------------------------------------
Atom      Charge                X                  Y                  Z
-------------------------------------------------------------------------------
C1         6.0          -2.6529909800E+00   7.6221445000E-01  -2.4809373100E+00
C2         6.0          -3.2997322200E+00  -1.7083132200E+00  -2.2323125000E+00
N3         7.0          -3.2488464600E+00   1.9499579300E+00  -2.4117920000E-01
N4         7.0          -4.1245612000E+00  -2.0302539600E+00   2.2437893000E-01
C5         6.0          -4.0467832800E+00   2.0426465000E-01   1.3965509700E+00
C6         6.0          -4.5180552700E+00  -4.4729024500E+00   1.4562263700E+00
H7         1.0          -5.6472681800E+00  -5.6796879400E+00   2.2947392000E-01
H8         1.0          -5.5149575300E+00  -4.1840467300E+00   3.2323485100E+00
H9         1.0          -2.6787896100E+00  -5.3307790800E+00   1.8163263600E+00
C10        6.0          -2.5745978000E+00   4.5849295900E+00   3.9897744000E-01
H11        1.0          -4.4976420900E+00   5.3193054000E-01   3.3517445600E+00
H12        1.0          -1.8124017900E+00   1.7568381000E+00  -4.0403687000E+00
H13        1.0          -3.0765303900E+00  -3.2736479900E+00  -3.5087929100E+00
C14        6.0           2.6523675000E-01   4.8927184300E+00   7.8108406000E-01
H15        1.0          -3.6380142800E+00   5.0693741500E+00   2.0987859800E+00
H16        1.0          -3.2804449200E+00   5.7670632200E+00  -1.1376132000E+00
H17        1.0           9.5263025000E-01   3.7153835500E+00   2.3250594500E+00
H18        1.0           6.7004464000E-01   6.8728049900E+00   1.2036419500E+00
H19        1.0           1.3185295300E+00   4.3329530500E+00  -8.9879459000E-01
B20        5.0           3.9091422300E+00  -7.0181936000E-01   4.1200960000E-02
F21        9.0           5.3429720800E+00  -2.8702460700E+00  -2.8481790000E-01
F22        9.0           1.5409822700E+00  -1.3509494600E+00   1.2909638000E+00
F23        9.0           5.1376640900E+00   1.1235263600E+00   1.5056213500E+00
F24        9.0           3.2193587400E+00   3.6285284000E-01  -2.3413200300E+00
 
Some Atomic Properties:
----------------------
  q(A) = Net Charge of Atom A
  L(A) = Lagrangian of Atom A = -(1/4) Times Atomic Integral of the Laplacian of the Electron Density
  K(A) = Electronic Kinetic Energy of Atom A (Hamiltonian Form)
  K_Scaled(A) = K(A) * E(Mol)/K(Mol) = Approximation to Virial-Based Total Energy of Atom A.
  |Mu_Intra(A)| = Magnitude of Intraatomic Dipole Moment of Atom A
--------------------------------------------------------------------------------------------------
Atom A          q(A)              L(A)              K(A)          K_Scaled(A)      |Mu_Intra(A)|
--------------------------------------------------------------------------------------------------
C1        5.6517208160E-01 -2.3148979942E-04  3.7457690725E+01 -3.7498963107E+01  7.7964203663E-01
C2        5.3005028950E-01  1.7324628800E-04  3.7463852485E+01 -3.7505131657E+01  7.8774265943E-01
N3       -1.5547768356E+00  1.2627552449E-04  5.5399857120E+01 -5.5460898898E+01  1.7382021625E-01
N4       -1.5561626324E+00 -3.6071899879E-05  5.5393433773E+01 -5.5454468474E+01  1.7544361625E-01
C5        1.3531185854E+00 -1.8710237060E-04  3.6955911999E+01 -3.6996631501E+01  8.8460270525E-01
C6        5.2096853960E-01  3.5331133551E-06  3.7438271111E+01 -3.7479522096E+01  6.1857862503E-01
H7        2.6318626450E-02  2.3330662881E-05  6.1164330056E-01 -6.1231723361E-01  1.2122468008E-01
H8        1.8113666890E-02  2.5514543641E-05  6.1493639570E-01 -6.1561395722E-01  1.2008407207E-01
H9        7.7355106000E-02  3.2124078176E-05  5.8969434692E-01 -5.9034409574E-01  1.1852491913E-01
C10       4.6825134870E-01 -1.0179111870E-04  3.7472336483E+01 -3.7513625002E+01  6.2751031933E-01
H11       1.3087961158E-01  1.9647106853E-05  5.6385810436E-01 -5.6447938578E-01  1.1299527362E-01
H12       1.2371137541E-01  2.8118687987E-05  5.6593366174E-01 -5.6655723009E-01  1.1417261060E-01
H13       1.0293359096E-01  2.1717115450E-05  5.7324735749E-01 -5.7387898436E-01  1.1547381271E-01
C14       1.4198405120E-01  4.0400770084E-05  3.7690523268E+01 -3.7732052194E+01  1.6068737145E-01
H15      -9.0008005000E-03  2.8974659859E-05  6.3231100048E-01 -6.3300770603E-01  1.2260585755E-01
H16       4.9198006700E-03  2.5055752893E-05  6.2633185595E-01 -6.2702197344E-01  1.2380238296E-01
H17       4.1291433620E-02  2.8493757254E-05  6.0348608989E-01 -6.0415103500E-01  1.1868070691E-01
H18      -2.6917634300E-02  2.0360122000E-05  6.2622458219E-01 -6.2691458149E-01  1.2651608750E-01
H19       4.8240359280E-02  5.4140412551E-05  6.0165874979E-01 -6.0232168147E-01  1.1203987967E-01
B20       2.5164228366E+00 -7.0074509097E-06  2.3291789549E+01 -2.3317453374E+01  3.2818238495E-03
F21      -8.7031176800E-01  2.2165766948E-05  9.9855932944E+01 -9.9965958205E+01  3.2027722529E-01
F22      -8.9187879370E-01  5.0139282445E-05  9.9812298350E+01 -9.9922275533E+01  2.2542350446E-01
F23      -8.7544132190E-01  2.1047711653E-05  9.9853025636E+01 -9.9963047694E+01  3.0543924591E-01
F24      -8.8514342480E-01  6.7983617466E-07  9.9834403180E+01 -9.9944404719E+01  2.6469075079E-01
--------------------------------------------------------------------------------------------------
Total     9.8092259998E-05  1.8150255319E-04  7.6452865207E+02 -7.6537104032E+02
 
1st Largest |L(A)| = 2.3148979942E-04, atom C1      
2nd Largest |L(A)| = 1.8710237060E-04, atom C5      
 
Molecular charge q(Mol) from the wfn file:   0.0000000000E+00
Molecular energy E(Mol) from the wfn file:  -7.6755848987E+02
Molecular virial ratio (-V(Mol)/T(Mol)) from the wfn file:   2.0011018400E+00
Note.  K_Scaled(A) = (1+V(Mol)/T(Mol))*K(A) = (E(Mol)/T(Mol))*K(A)
       Only use K_Scaled(A) data with caution.
 
N_AIMInt(SumA)     =        101.999902
N_Analytic(Mol)    =        102.000000
 
G_AIMInt(SumA)     =        764.528471
G_Analytic(Mol)    =        764.528408
 
K_AIMInt(SumA)     =        764.528652
K_Analytic(Mol)    =        764.528408
 
L_AIMInt(SumA)     =          0.000182
L_Analytic(Mol)    =          0.000000
 
VenT_AIMInt(SumA)  =      -3570.455495
VenT_Analytic(Mol) =      -3570.454580
 
Some Information About the Atomic Calculations:
----------------------------------------------
  Time(sec) = "Elapsed User Time", in Seconds, for Atom A by AIMInt and, if used, by TWOe
  NProc = Number of Processors Used for AIMInt Job
  BIM = Basin Integration Method
  OAQ = Angular Quadrature Outside of Beta Sphere
  ORQ = Multiple of Default for Radial Quadrature Outside of Beta Sphere
  IAQ = Multiple of Default for Angular Quadrature Inside of Beta Sphere
  IRQ = Multiple of Default for Radial Quadrature Inside of Beta Sphere
  MIR = Maximum Integration Radius
------------------------------------------------------------------------------------------------------
Atom A     Time(sec)   NProc      BIM          OAQ                     ORQ      IAQ      IRQ      MIR
------------------------------------------------------------------------------------------------------
C1             61        4     Proaim(5)    4500(GS4)                  1.00     1.00     1.00    13.00
C2            650        4    Promega(5)    4500(GS4)                  1.00     1.00     1.00    13.00
N3             53        4     Proaim(5)    4500(GS4)                  1.00     1.00     1.00    13.00
N4            137        4    Promega(1)    4500(GS4)                  1.00     1.00     1.00    13.00
C5            156        4    Promega(1)    4500(GS4)                  1.00     1.00     1.00    13.00
C6             50        4     Proaim(5)    4500(GS4)                  1.00     1.00     1.00    13.00
H7              8        4     Proaim(5)    1800(GS4)                  1.00     1.00     1.00    13.00
H8             11        4     Proaim(5)    1800(GS4)                  1.00     1.00     1.00    13.00
H9             13        4     Proaim(5)    1800(GS4)                  1.00     1.00     1.00    13.00
C10            47        4     Proaim(5)    4500(GS4)                  1.00     1.00     1.00    13.00
H11            12        4     Proaim(5)    1800(GS4)                  1.00     1.00     1.00    13.00
H12            11        4     Proaim(5)    1800(GS4)                  1.00     1.00     1.00    13.00
H13            10        4     Proaim(5)    1800(GS4)                  1.00     1.00     1.00    13.00
C14            46        4     Proaim(5)    4500(GS4)                  1.00     1.00     1.00    13.00
H15            12        4     Proaim(5)    1800(GS4)                  1.00     1.00     1.00    13.00
H16            11        4     Proaim(5)    1800(GS4)                  1.00     1.00     1.00    13.00
H17            29        4     Proaim(5)    4500(GS4)                  1.00     1.00     1.00    13.00
H18            11        4     Proaim(5)    1800(GS4)                  1.00     1.00     1.00    13.00
H19            21        4     Proaim(5)    4500(GS4)                  1.00     1.00     1.00    13.00
B20            69        4     Proaim(5)    6300(GS6)                  1.00     1.00     1.00    13.00
F21            22        4     Proaim(5)    2700(GS4)                  1.00     1.00     1.00    13.00
F22           144        4    Promega(1)    4500(GS4)                  1.00     1.00     1.00    13.00
F23            34        4     Proaim(5)    4500(GS4)                  1.00     1.00     1.00    13.00
F24            42        4     Proaim(5)    4500(GS4)                  1.00     1.00     1.00    13.00
------------------------------------------------------------------------------------------------------
Total        1660
Note:  Total wall clock time is less than total of atomic times if more than one atom
       was calculated at a time
 
Electron Density Critical Point Analysis of Molecular Structure:               
---------------------------------------------------------------                
  NACP = Nuclear Attractor Critical Point                                      
  NNACP = Non-Nuclear Attractor Critical Point                                 
  BCP = Bond Critical Point                                                    
  RCP = Ring Critical Point                                                    
  CCP = Cage Critical Point                                                    
  Rho = Electron Density                                                       
  GradRho = Gradient of Electron Density                                       
  HessRho_EigVals = Eigenvalues of the Hessian of Rho, Ascending Order         
  HessRho_EigVecs = Eigenvectors of the Hessian of Rho                         
  DelSqRho = Laplacian of Rho = Trace of Hessian of Rho                        
  Bond Ellipticity = (HessRho_EigVal(1) / HessRho_EigVal(2)) - 1               
  V = Virial Field = Potential Energy Density = Trace of Stress Tensor         
  G = Lagrangian Form of Kinetic Energy Density                                
  K = Hamiltonian Form of Kinetic Energy Density                               
  L = K - G = Lagrangian Density = (-1/4)DelSqRho                              
  Vnuc = Electrostatic Potential from Nuclei                                   
  Ven = Electron-nuclear attractive contribution to Virial Field V             
  Vrep = V - Ven = Repulsive contribution to Virial Field V                    
  DelSqV = Laplacian of V                                                      
  DelSqVen = Laplacian of Ven                                                  
  DelSqVrep = Laplacian of Vrep                                                
  DelSqG = Laplacian of G                                                      
  DelSqK = Laplacian of K                                                      
  Stress_EigVals = Eigenvalues of Stress Tensor, Ascending Order               
  Stress_EigVecs = Eigenvectors of Stress Tensor                               
  -DivStress = Ehrenfest Force Density = Minus Divergence of Stress Tensor     
  ESP = Total Electrostatic Potential                                          
  ESPe = Electrostatic Potential from Electrons                                
  ESPn = Electrostatic Potential from Nuclei                                   
  BP = Bond Path                                                               
  BPL = Bond Path Length                                                       
  GBL = Geometric Bond Length                                                  
  GBL_I = Distance Between Nuclear Attractors                                  
  GBL_II = Distance Between Nuclei                                             
  GBL_III = Sum of Distances Between BCP and Nuclear Attractors                
  GBL_IV = Sum of Distances Between BCP and Nuclei                             

CP# 1      Coords = -2.65299311811246E+00  7.62217976093438E-01 -2.48093340230172E+00
           Type = (3,-3) NACP C1
           Rho =  1.1952281284E+02     Rho at Nucleus =  1.1952280992E+02
           GradRho = -2.3581192554E-11 -4.8284362619E-12  3.4871230903E-11
           HessRho_EigVals = -1.8124005848E+05 -1.8124002427E+05 -1.8123744015E+05
           HessRho_EigVec1 = -1.5030833696E-01  5.4631805085E-01  8.2398057693E-01
           HessRho_EigVec2 =  9.4121920035E-01 -1.7595030519E-01  2.8835378789E-01
           HessRho_EigVec3 =  3.0251251334E-01  8.1888831804E-01 -4.8775824120E-01
           DelSqRho = -5.4371752290E+05
           Bond Ellipticity = NA
           V = -1.3594346495E+05
           G =  7.0421112539E+00
           K =  1.3593642284E+05
           L =  1.3592938073E+05
           Vnuc =  1.0561514889E+06
           Ven = -1.2623419674E+08
           Vrep =  1.2609825328E+08
           DelSqV =  4.6071501633E+09
           DelSqVen =  5.7424807424E+11
           DelSqVrep = -5.6964092382E+11
           DelSqG =  2.0613969199E+08
           DelSqK = -4.8132898553E+09
           Stress_EigVals = -4.5315082123E+04 -4.5314305567E+04 -4.5314077258E+04
           Stress_EigVec1 =  3.2243868913E-01  8.1271210513E-01 -4.8531672742E-01
           Stress_EigVec2 = -1.6213711742E-01  5.5254077157E-01  8.1756360664E-01
           Stress_EigVec3 =  9.3260111886E-01 -1.8492628239E-01  3.0993132010E-01
           -DivStress =  3.2051675539E+03 -5.2866421703E+03 -5.8556579339E+03
           ESP =  -1.4642029738E+01     ESP at Nucleus =  -1.4642029819E+01
           ESPe = -3.3755843931E+01     ESPe at Nucleus = -3.3755838164E+01
           ESPn =  1.9113814193E+01     ESPn at Nucleus =  1.9113808345E+01

CP# 2      Coords = -3.29973480333621E+00 -1.70831500636789E+00 -2.23230780303538E+00
           Type = (3,-3) NACP C2
           Rho =  1.1949830431E+02     Rho at Nucleus =  1.1949830142E+02
           GradRho = -9.4492053071E-12  1.2321492784E-11 -1.2067579575E-11
           HessRho_EigVals = -1.8120238888E+05 -1.8120184309E+05 -1.8119974986E+05
           HessRho_EigVec1 = -3.9923041895E-01 -1.9839338238E-01  8.9512855971E-01
           HessRho_EigVec2 =  9.0915270944E-01 -2.1191078053E-01  3.5851802189E-01
           HessRho_EigVec3 =  1.1855978875E-01  9.5693985544E-01  2.6497111082E-01
           DelSqRho = -5.4360398183E+05
           Bond Ellipticity = NA
           V = -1.3591513194E+05
           G =  7.0682428933E+00
           K =  1.3590806370E+05
           L =  1.3590099546E+05
           Vnuc =  1.0619036076E+06
           Ven = -1.2689568045E+08
           Vrep =  1.2675976532E+08
           DelSqV =  4.6061926140E+09
           DelSqVen =  5.7725503027E+11
           DelSqVrep = -5.7264883766E+11
           DelSqG =  2.0609593739E+08
           DelSqK = -4.8122885514E+09
           Stress_EigVals = -4.5305600256E+04 -4.5304812586E+04 -4.5304719100E+04
           Stress_EigVec1 =  1.0444737269E-01  9.5699319694E-01  2.7065617921E-01
           Stress_EigVec2 = -2.6232334362E-01 -2.3599730881E-01  9.3567715246E-01
           Stress_EigVec3 =  9.5931079934E-01 -1.6872845416E-01  2.2639235638E-01
           -DivStress =  3.8718607802E+03  2.6785554461E+03 -7.0376304168E+03
           ESP =  -1.4642348493E+01     ESP at Nucleus =  -1.4642348573E+01
           ESPe = -3.3098794334E+01     ESPe at Nucleus = -3.3098789503E+01
           ESPn =  1.8456445841E+01     ESPn at Nucleus =  1.8456440930E+01

CP# 3      Coords = -3.24884622813454E+00  1.94995634137240E+00 -2.41178465077089E-01
           Type = (3,-3) NACP N3
           Rho =  1.9377111315E+02     Rho at Nucleus =  1.9377111252E+02
           GradRho =  1.0303104828E-09 -6.9318478214E-09  3.1977650111E-09
           HessRho_EigVals = -4.0300105577E+05 -4.0299969292E+05 -4.0299491322E+05
           HessRho_EigVec1 = -3.9734710088E-01 -3.3921523202E-01  8.5267127768E-01
           HessRho_EigVec2 =  1.5480122761E-01  8.9107871517E-01  4.2663251553E-01
           HessRho_EigVec3 =  9.0451747432E-01 -3.0151575372E-01  3.0155660979E-01
           DelSqRho = -1.2089956619E+06
           Bond Ellipticity = NA
           V = -3.0229655556E+05
           G =  2.3820042374E+01
           K =  3.0227273552E+05
           L =  3.0224891548E+05
           Vnuc =  3.9645074015E+06
           Ven = -7.6820701228E+08
           Vrep =  7.6790471572E+08
           DelSqV =  1.4117352893E+10
           DelSqVen =  4.7930724024E+12
           DelSqVrep = -4.7789550659E+12
           DelSqG =  6.2870836338E+08
           DelSqK = -1.4746061256E+10
           Stress_EigVals = -1.0076614572E+05 -1.0076538022E+05 -1.0076502963E+05
           Stress_EigVec1 =  8.9558041468E-01 -3.3099761415E-01  2.9728151686E-01
           Stress_EigVec2 =  2.0471579308E-01  8.9984736057E-01  3.8518329628E-01
           Stress_EigVec3 = -3.9500274038E-01 -2.8410439472E-01  8.7364611142E-01
           -DivStress = -1.0639258161E+03  7.2965891340E+03 -3.3766402915E+03
           ESP =  -1.8220313956E+01     ESP at Nucleus =  -1.8220313966E+01
           ESPe = -3.7855045903E+01     ESPe at Nucleus = -3.7855043763E+01
           ESPn =  1.9634731946E+01     ESPn at Nucleus =  1.9634729797E+01

CP# 4      Coords = -4.12456079378070E+00 -2.03025321811472E+00  2.24379527069294E-01
           Type = (3,-3) NACP N4
           Rho =  1.9373301330E+02     Rho at Nucleus =  1.9373301309E+02
           GradRho =  4.8135139624E-10  1.0955938661E-09  8.8812692790E-10
           HessRho_EigVals = -4.0292101457E+05 -4.0292028141E+05 -4.0291442330E+05
           HessRho_EigVec1 = -1.0531272201E-01  7.8362096387E-01  6.1224783835E-01
           HessRho_EigVec2 = -1.6112356648E-01 -6.2098234544E-01  7.6708547306E-01
           HessRho_EigVec3 =  9.8129935642E-01 -1.7863696101E-02  1.9165714559E-01
           DelSqRho = -1.2087557193E+06
           Bond Ellipticity = NA
           V = -3.0223665007E+05
           G =  2.3860126963E+01
           K =  3.0221278995E+05
           L =  3.0218892982E+05
           Vnuc =  6.7611751038E+06
           Ven = -1.3098628263E+09
           Vrep =  1.3095605897E+09
           DelSqV =  1.4114566561E+10
           DelSqVen =  8.1726087557E+12
           DelSqVrep = -8.1584941907E+12
           DelSqG =  6.2858258462E+08
           DelSqK = -1.4743149145E+10
           Stress_EigVals = -1.0074630393E+05 -1.0074526388E+05 -1.0074508226E+05
           Stress_EigVec1 =  9.8565175500E-01  1.6812082060E-02  1.6795229016E-01
           Stress_EigVec2 =  1.0330309187E-01  7.2682949621E-01 -6.7900467941E-01
           Stress_EigVec3 = -1.3348816083E-01  6.8661214477E-01  7.1466402846E-01
           -DivStress = -1.8626261589E+03 -3.4079245877E+03 -2.7427074047E+03
           ESP =  -1.8214015192E+01     ESP at Nucleus =  -1.8214015195E+01
           ESPe = -3.6967985020E+01     ESPe at Nucleus = -3.6967983852E+01
           ESPn =  1.8753969828E+01     ESPn at Nucleus =  1.8753968657E+01

CP# 5      Coords = -4.04678344908873E+00  2.04264120837145E-01  1.39654747772359E+00
           Type = (3,-3) NACP C5
           Rho =  1.1954573958E+02     Rho at Nucleus =  1.1954573845E+02
           GradRho =  9.3484386898E-12 -8.4644097287E-13  4.1937772699E-12
           HessRho_EigVals = -1.8127687179E+05 -1.8127566312E+05 -1.8127412829E+05
           HessRho_EigVec1 =  9.2660912669E-01 -2.0179931478E-01  3.1728939926E-01
           HessRho_EigVec2 =  2.3854829146E-01  9.6773278439E-01 -8.1166314761E-02
           HessRho_EigVec3 = -2.9067204711E-01  1.5089829213E-01  9.4484891198E-01
           DelSqRho = -5.4382666320E+05
           Bond Ellipticity = NA
           V = -1.3597046418E+05
           G =  6.8991919922E+00
           K =  1.3596356499E+05
           L =  1.3595666580E+05
           Vnuc =  1.6967633786E+06
           Ven = -2.0284083299E+08
           Vrep =  2.0270486253E+08
           DelSqV =  4.6080689788E+09
           DelSqVen =  9.2274517606E+11
           DelSqVrep = -9.1813710709E+11
           DelSqG =  2.0618246255E+08
           DelSqK = -4.8142514414E+09
           Stress_EigVals = -4.5323966696E+04 -4.5323553880E+04 -4.5322943608E+04
           Stress_EigVec1 = -2.7642488513E-01  1.4655148671E-01  9.4979573837E-01
           Stress_EigVec2 =  2.2160516648E-01  9.7139073751E-01 -8.5388437531E-02
           Stress_EigVec3 =  9.3513658525E-01 -1.8687615369E-01  3.0099313964E-01
           -DivStress =  2.5457590270E+02  7.9296157287E+02  5.2350159254E+03
           ESP =  -1.4568224474E+01     ESP at Nucleus =  -1.4568224493E+01
           ESPe = -3.3768133832E+01     ESPe at Nucleus = -3.3768127573E+01
           ESPn =  1.9199909358E+01     ESPn at Nucleus =  1.9199903079E+01

CP# 6      Coords = -4.51805520336150E+00 -4.47289621693146E+00  1.45622344603158E+00
           Type = (3,-3) NACP C6
           Rho =  1.1937450190E+02     Rho at Nucleus =  1.1937449761E+02
           GradRho = -5.6941680321E-11 -5.6792849611E-11  1.7916643592E-11
           HessRho_EigVals = -1.8101426239E+05 -1.8101097329E+05 -1.8101073636E+05
           HessRho_EigVec1 =  1.5712321666E-01  8.7867448881E-01 -4.5082528490E-01
           HessRho_EigVec2 = -1.7150004880E-02  4.5885423991E-01  8.8834602709E-01
           HessRho_EigVec3 =  9.8743008467E-01 -1.3184812945E-01  8.7165925923E-02
           DelSqRho = -5.4303597204E+05
           Bond Ellipticity = NA
           V = -1.3577296809E+05
           G =  6.9875399252E+00
           K =  1.3576598055E+05
           L =  1.3575899301E+05
           Vnuc =  8.7145684232E+05
           Ven = -1.0402972648E+08
           Vrep =  1.0389395351E+08
           DelSqV =  4.6013971821E+09
           DelSqVen =  4.7323241472E+11
           DelSqVrep = -4.6863101767E+11
           DelSqG =  2.0587837964E+08
           DelSqK = -4.8072755617E+09
           Stress_EigVals = -4.5257990956E+04 -4.5257931345E+04 -4.5257045788E+04
           Stress_EigVec1 =  9.8813673498E-01 -1.2557633201E-01  8.8410281182E-02
           Stress_EigVec2 = -2.1158742782E-02  4.5886776695E-01  8.8825259924E-01
           Stress_EigVec3 =  1.5211213161E-01  8.7958567365E-01 -4.5076705971E-01
           -DivStress = -9.9101599782E+01 -9.3292813647E+03  4.3763885582E+03
           ESP =  -1.4630967386E+01     ESP at Nucleus =  -1.4630967489E+01
           ESPe = -2.9705724617E+01     ESPe at Nucleus = -2.9705712015E+01
           ESPn =  1.5074757231E+01     ESPn at Nucleus =  1.5074744526E+01

CP# 7      Coords = -5.63019408367013E+00 -5.66091288631463E+00  2.47488651703153E-01
           Type = (3,-3) NACP H7
           Rho =  4.3150804746E-01     Rho at Nucleus =  4.2763976032E-01
           GradRho =  7.3096059370E-13  8.0316311192E-13  7.7315695621E-13
           HessRho_EigVals = -8.4516650794E+00 -8.4440134140E+00 -7.7011259211E+00
           HessRho_EigVec1 =  1.5274951057E-01 -7.5567623440E-01  6.3688383225E-01
           HessRho_EigVec2 =  8.2227847775E-01 -2.6029963348E-01 -5.0606541656E-01
           HessRho_EigVec3 = -5.4820223646E-01 -6.0099711278E-01 -5.8161566208E-01
           DelSqRho = -2.4596804415E+01
           Bond Ellipticity = NA
           V = -6.1601329682E+00
           G =  5.4659322844E-03
           K =  6.1546670359E+00
           L =  6.1492011036E+00
           Vnuc =  4.7020774410E+01
           Ven = -2.0289842555E+01
           Vrep =  1.4129709587E+01
           DelSqV =  1.5761715448E+03
           DelSqVen =  1.1565607916E+03
           DelSqVrep =  4.1961075327E+02
           DelSqG =  1.1727712306E+02
           DelSqK = -1.6934486679E+03
           Stress_EigVals = -2.1166833107E+00 -2.1161207289E+00 -1.9273289286E+00
           Stress_EigVec1 =  7.7848292621E-01 -6.2120223655E-01 -8.9844949243E-02
           Stress_EigVec2 =  3.0655656270E-01  5.0120881341E-01 -8.0920504152E-01
           Stress_EigVec3 = -5.4771106202E-01 -6.0240974982E-01 -5.8061612608E-01
           -DivStress = -8.7925661951E+00 -9.6693815633E+00 -9.2790786937E+00
           ESP =  -1.0457940128E+00     ESP at Nucleus =  -1.0471745418E+00
           ESPe = -1.5934610350E+01     ESPe at Nucleus = -1.5852425785E+01
           ESPn =  1.4888816337E+01     ESPn at Nucleus =  1.4805251243E+01

CP# 8      Coords = -5.49995362298488E+00 -4.18728957336070E+00  3.20539308224599E+00
           Type = (3,-3) NACP H8
           Rho =  4.3191342562E-01     Rho at Nucleus =  4.2806710480E-01
           GradRho =  1.3499923022E-14 -6.3404244691E-15 -2.4713712590E-14
           HessRho_EigVals = -8.4548978498E+00 -8.4482132666E+00 -7.7097007427E+00
           HessRho_EigVec1 = -1.1094693573E-01  9.7571161199E-01 -1.8888522355E-01
           HessRho_EigVec2 =  8.6817833943E-01  1.8765421937E-01  4.5940424998E-01
           HessRho_EigVec3 = -4.8369117048E-01  1.1301656593E-01  8.6791134767E-01
           DelSqRho = -2.4612811859E+01
           Bond Ellipticity = NA
           V = -6.1643355311E+00
           G =  5.5662831404E-03
           K =  6.1587692479E+00
           L =  6.1532029648E+00
           Vnuc =  4.7445154842E+01
           Ven = -2.0492199357E+01
           Vrep =  1.4327863825E+01
           DelSqV =  1.5774355649E+03
           DelSqVen =  1.1677586697E+03
           DelSqVrep =  4.0967689512E+02
           DelSqG =  1.1732014359E+02
           DelSqK = -1.6947557085E+03
           Stress_EigVals = -2.1177691817E+00 -2.1171032761E+00 -1.9294630733E+00
           Stress_EigVec1 =  8.5960775712E-01 -1.2756259991E-01  4.9477498624E-01
           Stress_EigVec2 =  1.6579244868E-01  9.8557637232E-01 -3.3942278752E-02
           Stress_EigVec3 = -4.8330877073E-01  1.1120700263E-01  8.6835801068E-01
           -DivStress = -7.7311145371E+00  1.6738212740E+00  1.3890639055E+01
           ESP =  -1.0407866290E+00     ESP at Nucleus =  -1.0421662742E+00
           ESPe = -1.6248473240E+01     ESPe at Nucleus = -1.6169174426E+01
           ESPn =  1.5207686611E+01     ESPn at Nucleus =  1.5127008152E+01

CP# 9      Coords = -2.70738469322428E+00 -5.31760817078484E+00  1.81061593000230E+00
           Type = (3,-3) NACP H9
           Rho =  4.2609808509E-01     Rho at Nucleus =  4.2206687635E-01
           GradRho = -1.1547972864E-13  5.6716241946E-14 -2.3118939285E-14
           HessRho_EigVals = -8.3498944912E+00 -8.3414343743E+00 -7.5761365459E+00
           HessRho_EigVec1 = -4.5493494607E-01 -8.0804723624E-01  3.7429114183E-01
           HessRho_EigVec2 =  1.1361943777E-02  4.1500305636E-01  9.0974906949E-01
           HessRho_EigVec3 =  8.9045218910E-01 -4.1812931878E-01  1.7961840580E-01
           DelSqRho = -2.4267465411E+01
           Bond Ellipticity = NA
           V = -6.0772972884E+00
           G =  5.2154677668E-03
           K =  6.0720818206E+00
           L =  6.0668663529E+00
           Vnuc =  4.7590040814E+01
           Ven = -2.0278025260E+01
           Vrep =  1.4200727972E+01
           DelSqV =  1.5525075083E+03
           DelSqVen =  1.1548896694E+03
           DelSqVrep =  3.9761783892E+02
           DelSqG =  1.1562016110E+02
           DelSqK = -1.6681276694E+03
           Stress_EigVals = -2.0907209568E+00 -2.0905111561E+00 -1.8960651754E+00
           Stress_EigVec1 =  4.2981011436E-01  9.0258020977E-01 -2.4743292375E-02
           Stress_EigVec2 = -1.5206858527E-01  9.9373130240E-02  9.8336164576E-01
           Stress_EigVec3 =  8.9002157893E-01 -4.1889610396E-01  1.7996567207E-01
           -DivStress =  1.4531432309E+01 -6.6965217355E+00  2.9028520543E+00
           ESP =  -1.0557092274E+00     ESP at Nucleus =  -1.0571366114E+00
           ESPe = -1.7392097133E+01     ESPe at Nucleus = -1.7328008737E+01
           ESPn =  1.6336387905E+01     ESPn at Nucleus =  1.6270872126E+01

CP# 10     Coords = -2.57460042441287E+00  4.58492293550782E+00  3.98975954620792E-01
           Type = (3,-3) NACP C10
           Rho =  1.1939679516E+02     Rho at Nucleus =  1.1939679032E+02
           GradRho =  1.2231667935E-11  1.1915929344E-11 -4.6652204330E-12
           HessRho_EigVals = -1.8105240228E+05 -1.8104883816E+05 -1.8104872538E+05
           HessRho_EigVec1 =  1.9422625926E-01  9.5239677818E-01  2.3498199318E-01
           HessRho_EigVec2 = -3.6062008435E-01 -1.5344703161E-01  9.2000389306E-01
           HessRho_EigVec3 =  9.1226603301E-01 -2.6342814086E-01  3.1364996354E-01
           DelSqRho = -5.4314996582E+05
           Bond Ellipticity = NA
           V = -1.3580118278E+05
           G =  6.8456630642E+00
           K =  1.3579433712E+05
           L =  1.3578749145E+05
           Vnuc =  8.2127119819E+05
           Ven = -9.8057149019E+07
           Vrep =  9.7921347836E+07
           DelSqV =  4.6023600591E+09
           DelSqVen =  4.4607342362E+11
           DelSqVrep = -4.4147106356E+11
           DelSqG =  2.0592603951E+08
           DelSqK = -4.8082860986E+09
           Stress_EigVals = -4.5267406050E+04 -4.5267373919E+04 -4.5266402812E+04
           Stress_EigVec1 =  9.2555085295E-01 -2.6179527314E-01  2.7353035218E-01
           Stress_EigVec2 = -3.2169696612E-01 -1.6276937397E-01  9.3274712162E-01
           Stress_EigVec3 =  1.9966642329E-01  9.5129877844E-01  2.3487007803E-01
           -DivStress =  3.9324493588E+03  9.9621827011E+03  2.2240495014E+03
           ESP =  -1.4636252935E+01     ESP at Nucleus =  -1.4636253056E+01
           ESPe = -3.1669284945E+01     ESPe at Nucleus = -3.1669274574E+01
           ESPn =  1.7033032010E+01     ESPn at Nucleus =  1.7033021518E+01

CP# 11     Coords = -4.49038634969190E+00  5.26393094687436E-01  3.31856240984769E+00
           Type = (3,-3) NACP H11
           Rho =  4.2315618063E-01     Rho at Nucleus =  4.1855909245E-01
           GradRho = -3.3948673950E-15  2.1809319623E-16  6.8729100373E-16
           HessRho_EigVals = -8.2681620603E+00 -8.2559499460E+00 -7.4211530844E+00
           HessRho_EigVec1 =  2.0523579462E-01  9.7171837340E-01 -1.1679756589E-01
           HessRho_EigVec2 =  9.5510043941E-01 -1.7279761940E-01  2.4067433049E-01
           HessRho_EigVec3 = -2.1368532761E-01  1.6094839397E-01  9.6355290215E-01
           DelSqRho = -2.3945265091E+01
           Bond Ellipticity = NA
           V = -5.9958367716E+00
           G =  4.7602494312E-03
           K =  5.9910765221E+00
           L =  5.9863162727E+00
           Vnuc =  4.6704357734E+01
           Ven = -1.9763237637E+01
           Vrep =  1.3767400866E+01
           DelSqV =  1.5235039375E+03
           DelSqVen =  1.1183482268E+03
           DelSqVrep =  4.0515571071E+02
           DelSqG =  1.1338536973E+02
           DelSqK = -1.6368893073E+03
           Stress_EigVals = -2.0696948740E+00 -2.0696244796E+00 -1.8565174180E+00
           Stress_EigVec1 =  8.5525573044E-01  5.0749447666E-01  1.0481885193E-01
           Stress_EigVec2 =  4.7214038748E-01 -8.4649221769E-01  2.4603735467E-01
           Stress_EigVec3 = -2.1359094097E-01  1.6093564412E-01  9.6357595881E-01
           -DivStress = -3.6385637510E+00  2.7762520573E+00  1.6635232514E+01
           ESP =  -9.7506916617E-01     ESP at Nucleus =  -9.7678461141E-01
           ESPe = -1.8621985394E+01     ESPe at Nucleus = -1.8514777969E+01
           ESPn =  1.7646916227E+01     ESPn at Nucleus =  1.7537993357E+01

CP# 12     Coords = -1.82720261821410E+00  1.74099409642143E+00 -4.01422679980915E+00
           Type = (3,-3) NACP H12
           Rho =  4.2227591487E-01     Rho at Nucleus =  4.1779470553E-01
           GradRho = -2.4796571046E-14 -2.7544427243E-14  4.5364740068E-14
           HessRho_EigVals = -8.2641600268E+00 -8.2534477510E+00 -7.4366688792E+00
           HessRho_EigVec1 = -8.5695672856E-03 -8.5118846165E-01 -5.2479021073E-01
           HessRho_EigVec2 =  9.0347112834E-01 -2.3151301904E-01  3.6075149656E-01
           HessRho_EigVec3 = -4.2856327744E-01 -4.7104131961E-01  7.7100816627E-01
           DelSqRho = -2.3954276657E+01
           Bond Ellipticity = NA
           V = -5.9991169458E+00
           G =  5.2738907918E-03
           K =  5.9938430550E+00
           L =  5.9885691642E+00
           Vnuc =  4.7567858232E+01
           Ven = -2.0086760853E+01
           Vrep =  1.4087643908E+01
           DelSqV =  1.5261850022E+03
           DelSqVen =  1.1394536361E+03
           DelSqVrep =  3.8673136615E+02
           DelSqG =  1.1371518913E+02
           DelSqK = -1.6399001914E+03
           Stress_EigVals = -2.0697173688E+00 -2.0690498696E+00 -1.8603497074E+00
           Stress_EigVec1 =  9.0323256146E-01 -2.3249208937E-01  3.6071923749E-01
           Stress_EigVec2 = -9.6793977995E-03 -8.5136347577E-01 -5.2448693156E-01
           Stress_EigVec3 = -4.2904224638E-01 -4.7024212965E-01  7.7122959637E-01
           -DivStress =  7.4224764179E+00  7.9491577412E+00 -1.3118255419E+01
           ESP =  -1.0271860494E+00     ESP at Nucleus =  -1.0288454873E+00
           ESPe = -1.9151372330E+01     ESPe at Nucleus = -1.9053265567E+01
           ESPn =  1.8124186281E+01     ESPn at Nucleus =  1.8024420080E+01

CP# 13     Coords = -3.08085610535445E+00 -3.24825674146638E+00 -3.48733885761182E+00
           Type = (3,-3) NACP H13
           Rho =  4.2315561703E-01     Rho at Nucleus =  4.1877522359E-01
           GradRho = -2.9503309518E-15  1.8767539606E-14  1.5429064276E-14
           HessRho_EigVals = -8.2837270141E+00 -8.2713023022E+00 -7.4710014252E+00
           HessRho_EigVec1 = -3.4400731160E-01 -6.3665266683E-01  6.9016835003E-01
           HessRho_EigVec2 =  9.3066288414E-01 -1.3364728860E-01  3.4059506505E-01
           HessRho_EigVec3 = -1.2460162781E-01  7.5948125985E-01  6.3848465156E-01
           DelSqRho = -2.4026030742E+01
           Bond Ellipticity = NA
           V = -6.0176795399E+00
           G =  5.5859272477E-03
           K =  6.0120936126E+00
           L =  6.0065076854E+00
           Vnuc =  4.6884818777E+01
           Ven = -1.9839574419E+01
           Vrep =  1.3821894879E+01
           DelSqV =  1.5323493076E+03
           DelSqVen =  1.1264560972E+03
           DelSqVrep =  4.0589321041E+02
           DelSqG =  1.1415807825E+02
           DelSqK = -1.6465073859E+03
           Stress_EigVals = -2.0747934736E+00 -2.0739344324E+00 -1.8689516339E+00
           Stress_EigVec1 =  9.1785112088E-01 -1.5658429763E-01  3.6473370784E-01
           Stress_EigVec2 = -3.7688963960E-01 -6.3206314673E-01  6.7708963816E-01
           Stress_EigVec3 = -1.2451312967E-01  7.5893183902E-01  6.3915486720E-01
           -DivStress =  2.1752796079E+00 -1.2777282864E+01 -1.0798700021E+01
           ESP =  -1.0220755868E+00     ESP at Nucleus =  -1.0236994887E+00
           ESPe = -1.8075462553E+01     ESPe at Nucleus = -1.7974248573E+01
           ESPn =  1.7053386966E+01     ESPn at Nucleus =  1.6950549084E+01

CP# 14     Coords =  2.65233734852557E-01  4.89271918555518E+00  7.81083879822055E-01
           Type = (3,-3) NACP C14
           Rho =  1.1937164963E+02     Rho at Nucleus =  1.1937164875E+02
           GradRho =  1.1572392350E-12 -4.7012887507E-11 -5.0714493369E-12
           HessRho_EigVals = -1.8100552891E+05 -1.8100425320E+05 -1.8100400046E+05
           HessRho_EigVec1 =  9.6187188723E-01  2.1957182528E-01  1.6306650820E-01
           HessRho_EigVec2 = -2.3870864028E-01  9.6499033430E-01  1.0868228820E-01
           HessRho_EigVec3 = -1.3349403586E-01 -1.4346382210E-01  9.8061076587E-01
           DelSqRho = -5.4301378257E+05
           Bond Ellipticity = NA
           V = -1.3576771594E+05
           G =  7.1351480013E+00
           K =  1.3576058079E+05
           L =  1.3575344564E+05
           Vnuc =  1.9270523741E+06
           Ven = -2.3003542082E+08
           Vrep =  2.2989965310E+08
           DelSqV =  4.6012109818E+09
           DelSqVen =  1.0464160154E+12
           DelSqVrep = -1.0418148003E+12
           DelSqG =  2.0586689867E+08
           DelSqK = -4.8070778805E+09
           Stress_EigVals = -4.5256060934E+04 -4.5255996060E+04 -4.5255658945E+04
           Stress_EigVec1 = -1.3400102817E-01 -1.3722332596E-01  9.8143440090E-01
           Stress_EigVec2 = -2.3735719319E-01  9.6598316701E-01  1.0265516979E-01
           Stress_EigVec3 =  9.6213579462E-01  2.1919461640E-01  1.6201368107E-01
           -DivStress =  4.5109351408E+03 -1.1313492483E+03  2.6981192561E+02
           ESP =  -1.4729123476E+01     ESP at Nucleus =  -1.4729123496E+01
           ESPe = -3.1023987789E+01     ESPe at Nucleus = -3.1023986728E+01
           ESPn =  1.6294864313E+01     ESPn at Nucleus =  1.6294863233E+01

CP# 15     Coords = -3.62262895614805E+00  5.06112190419255E+00  2.07381960692641E+00
           Type = (3,-3) NACP H15
           Rho =  4.3701037591E-01     Rho at Nucleus =  4.3325185894E-01
           GradRho =  2.3300182313E-16 -3.4572022437E-15 -2.8249395824E-15
           HessRho_EigVals = -8.5576454122E+00 -8.5517470937E+00 -7.8208946172E+00
           HessRho_EigVec1 =  5.3690159834E-01  8.4111556669E-01  6.5278458715E-02
           HessRho_EigVec2 =  6.7285116846E-01 -4.7360092296E-01  5.6830754955E-01
           HessRho_EigVec3 = -5.0892826489E-01  2.6120254448E-01  8.2022268437E-01
           DelSqRho = -2.4930287123E+01
           Bond Ellipticity = NA
           V = -6.2437811208E+00
           G =  5.6046699974E-03
           K =  6.2381764508E+00
           L =  6.2325717808E+00
           Vnuc =  4.9395808702E+01
           Ven = -2.1586480929E+01
           Vrep =  1.5342699809E+01
           DelSqV =  1.5993757156E+03
           DelSqVen =  1.2314516936E+03
           DelSqVrep =  3.6792402195E+02
           DelSqG =  1.1895222482E+02
           DelSqK = -1.7183279404E+03
           Stress_EigVals = -2.1435948258E+00 -2.1426844708E+00 -1.9575018241E+00
           Stress_EigVec1 =  8.4893027478E-01 -8.9338429266E-03  5.2842934723E-01
           Stress_EigVec2 =  1.4631292107E-01  9.6475062405E-01 -2.1874359998E-01
