AIMSum (Version 17.11.14, Professional)
Copyright (c) 1997-2017 by Todd A. Keith
AIMSum is a component of the AIMAll package ( http://aim.tkgristmill.com )

TP:  64-bit Linux

Much of the Quantum Theory of Atoms in Molecules (QTAIM) is described in the book:
  "Atoms in Molecules - A Quantum Theory"
  R.F.W. Bader, Oxford University Press, Oxford, 1990

For additional references see:  http://aim.tkgristmill.com/references.html

Wfn File:  /home/localuser/Desktop/AIMAll/emimbf4/wfn/390.wfn
Sum File:  /home/localuser/Desktop/AIMAll/emimbf4/wfn/390.sum

SumViz File:  /home/localuser/Desktop/AIMAll/emimbf4/wfn/390.sumviz

Wfn Title:  B3LYP                                                                          
 
Total memory allocated for AIMSum =        1.481 Megabytes

Atomic units (a.u.) used throughout, except where stated otherwise

Model:  Restricted SCF
 
Restricted, closed-shell, single-determinant wavefunction.
  Number of electrons (from MO Occs)                   =         102.0000000000
  Number of Alpha electrons (from MO Occs)             =          51.0000000000
  Number of Beta electrons (from MO Occs)              =          51.0000000000
  Number of electron pairs (N*(N-1)/2)                 =        5151.0000000000
  Number of electron pairs (from Muller 2EDM)          =        5151.0000000000
 
Nuclear Charges and Cartesian Coordinates:
-------------------------------------------------------------------------------
Atom      Charge                X                  Y                  Z
-------------------------------------------------------------------------------
C1         6.0          -2.7676762800E+00   7.5691528000E-01  -2.4866372200E+00
C2         6.0          -3.3848523600E+00  -1.7208936800E+00  -2.2327299500E+00
N3         7.0          -3.3540591300E+00   1.9381848100E+00  -2.4074945000E-01
N4         7.0          -4.1794773000E+00  -2.0525870700E+00   2.3275166000E-01
C5         6.0          -4.1154924800E+00   1.8269516000E-01   1.4045895300E+00
C6         6.0          -4.5496506400E+00  -4.4999365300E+00   1.4633874600E+00
H7         1.0          -5.7147942000E+00  -5.6979915800E+00   2.6186973000E-01
H8         1.0          -5.4981854200E+00  -4.2149314000E+00   3.2663583400E+00
H9         1.0          -2.7049580400E+00  -5.3656329600E+00   1.7737794400E+00
C10        6.0          -2.6571703200E+00   4.5671367900E+00   4.0567891000E-01
H11        1.0          -4.5517015400E+00   5.0516735000E-01   3.3640936700E+00
H12        1.0          -1.9558082900E+00   1.7621261100E+00  -4.0549692700E+00
H13        1.0          -3.1587098800E+00  -3.2832063700E+00  -3.5125373200E+00
C14        6.0           1.8597988000E-01   4.8377098800E+00   7.9653801000E-01
H15        1.0          -3.7205312600E+00   5.0587974700E+00   2.1033815700E+00
H16        1.0          -3.3464101700E+00   5.7581381300E+00  -1.1312999700E+00
H17        1.0           8.5216571000E-01   3.6381273100E+00   2.3329799400E+00
H18        1.0           6.1649148000E-01   6.8082308300E+00   1.2369582000E+00
H19        1.0           1.2382804700E+00   4.2767743900E+00  -8.8397323000E-01
B20        5.0           4.0085082600E+00  -6.7256577000E-01   3.4433020000E-02
F21        9.0           5.4755437900E+00  -2.8173453400E+00  -3.0138399000E-01
F22        9.0           1.6472270600E+00  -1.3618885300E+00   1.2792844800E+00
F23        9.0           5.2090403600E+00   1.1645003200E+00   1.5078855700E+00
F24        9.0           3.3006051100E+00   3.9372330000E-01  -2.3421357100E+00
 
Some Atomic Properties:
----------------------
  q(A) = Net Charge of Atom A
  L(A) = Lagrangian of Atom A = -(1/4) Times Atomic Integral of the Laplacian of the Electron Density
  K(A) = Electronic Kinetic Energy of Atom A (Hamiltonian Form)
  K_Scaled(A) = K(A) * E(Mol)/K(Mol) = Approximation to Virial-Based Total Energy of Atom A.
  |Mu_Intra(A)| = Magnitude of Intraatomic Dipole Moment of Atom A
--------------------------------------------------------------------------------------------------
Atom A          q(A)              L(A)              K(A)          K_Scaled(A)      |Mu_Intra(A)|
--------------------------------------------------------------------------------------------------
C1        5.6298857500E-01  1.9600017390E-04  3.7457613842E+01 -3.7499419161E+01  7.7907472728E-01
C2        5.2911266540E-01  1.2808803383E-04  3.7463829962E+01 -3.7505642219E+01  7.8734581370E-01
N3       -1.5544477244E+00  1.0808861244E-04  5.5398513173E+01 -5.5460341791E+01  1.7325271136E-01
N4       -1.5565635382E+00  1.2344262378E-04  5.5392786044E+01 -5.5454608270E+01  1.7505628931E-01
C5        1.3510982140E+00 -4.8953165806E-04  3.6956463703E+01 -3.6997709703E+01  8.8631164440E-01
C6        5.1981730750E-01  5.4621930210E-05  3.7438885317E+01 -3.7480669734E+01  6.1846915331E-01
H7        2.6995588090E-02  2.3476348665E-05  6.1137431487E-01 -6.1205665140E-01  1.2118877263E-01
H8        1.9324140490E-02  2.5430870584E-05  6.1442038512E-01 -6.1510612128E-01  1.1993264962E-01
H9        7.7686683400E-02  3.1566420691E-05  5.8950258992E-01 -5.9016051608E-01  1.1837687267E-01
C10       4.6535916640E-01 -2.3627735132E-04  3.7473809100E+01 -3.7515632495E+01  6.2786993920E-01
H11       1.3223516071E-01  2.0372041378E-05  5.6323670697E-01 -5.6386531856E-01  1.1284072977E-01
H12       1.2299034792E-01  2.8716554836E-05  5.6592150139E-01 -5.6655310940E-01  1.1400718146E-01
H13       1.0445890557E-01  2.1054048321E-05  5.7257560701E-01 -5.7321464147E-01  1.1528581649E-01
C14       1.4157652850E-01  9.7377488075E-05  3.7690465341E+01 -3.7732530539E+01  1.6193897262E-01
H15      -8.3858389000E-03  3.0203391086E-05  6.3200624246E-01 -6.3271160567E-01  1.2262078547E-01
H16       5.7691850800E-03  2.4754425555E-05  6.2589445936E-01 -6.2659300139E-01  1.2362177964E-01
H17       4.0325075660E-02  3.8568788843E-05  6.0368671853E-01 -6.0436047516E-01  1.1904182834E-01
H18      -2.5421108500E-02  2.0825976576E-05  6.2559239320E-01 -6.2629059810E-01  1.2646795742E-01
H19       5.0467800660E-02  3.3898424555E-05  6.0043738233E-01 -6.0110751248E-01  1.1170026628E-01
B20       2.5166200150E+00  2.3999253782E-04  2.3291474419E+01 -2.3317469335E+01  4.5872132873E-03
F21      -8.7042642800E-01  2.1630436788E-05  9.9855525739E+01 -9.9966971496E+01  3.2007213469E-01
F22      -8.9100188760E-01  4.4125419859E-05  9.9807918482E+01 -9.9919311105E+01  2.2393611455E-01
F23      -8.7538231720E-01  1.7409567290E-05  9.9852023455E+01 -9.9963465303E+01  3.0486853694E-01
F24      -8.8461599130E-01 -2.4343300312E-05  9.9832516405E+01 -9.9943936482E+01  2.6428768212E-01
--------------------------------------------------------------------------------------------------
Total     5.8052528000E-04  5.7949180539E-04  7.6451647328E+02 -7.6536972718E+02
 
1st Largest |L(A)| = 4.8953165806E-04, atom C5      
2nd Largest |L(A)| = 2.3999253782E-04, atom B20     
 
Molecular charge q(Mol) from the wfn file:   0.0000000000E+00
Molecular energy E(Mol) from the wfn file:  -7.6755665636E+02
Molecular virial ratio (-V(Mol)/T(Mol)) from the wfn file:   2.0011160700E+00
Note.  K_Scaled(A) = (1+V(Mol)/T(Mol))*K(A) = (E(Mol)/T(Mol))*K(A)
       Only use K_Scaled(A) data with caution.
 
N_AIMInt(SumA)     =        101.999419
N_Analytic(Mol)    =        102.000000
 
G_AIMInt(SumA)     =        764.515894
G_Analytic(Mol)    =        764.516289
 
K_AIMInt(SumA)     =        764.516473
K_Analytic(Mol)    =        764.516289
 
L_AIMInt(SumA)     =          0.000579
L_Analytic(Mol)    =          0.000000
 
VenT_AIMInt(SumA)  =      -3559.990946
VenT_Analytic(Mol) =      -3559.999207
 
Some Information About the Atomic Calculations:
----------------------------------------------
  Time(sec) = "Elapsed User Time", in Seconds, for Atom A by AIMInt and, if used, by TWOe
  NProc = Number of Processors Used for AIMInt Job
  BIM = Basin Integration Method
  OAQ = Angular Quadrature Outside of Beta Sphere
  ORQ = Multiple of Default for Radial Quadrature Outside of Beta Sphere
  IAQ = Multiple of Default for Angular Quadrature Inside of Beta Sphere
  IRQ = Multiple of Default for Radial Quadrature Inside of Beta Sphere
  MIR = Maximum Integration Radius
------------------------------------------------------------------------------------------------------
Atom A     Time(sec)   NProc      BIM          OAQ                     ORQ      IAQ      IRQ      MIR
------------------------------------------------------------------------------------------------------
C1            198        4    Promega(1)    4500(GS4)                  1.00     1.00     1.00    13.00
C2            665        4    Promega(5)    4500(GS4)                  1.00     1.00     1.00    13.00
N3             56        4     Proaim(5)    4500(GS4)                  1.00     1.00     1.00    13.00
N4            140        4    Promega(1)    4500(GS4)                  1.00     1.00     1.00    13.00
C5             53        4     Proaim(5)    4500(GS4)                  1.00     1.00     1.00    13.00
C6             52        4     Proaim(5)    4500(GS4)                  1.00     1.00     1.00    13.00
H7             10        4     Proaim(5)    1800(GS4)                  1.00     1.00     1.00    13.00
H8             11        4     Proaim(5)    1800(GS4)                  1.00     1.00     1.00    13.00
H9             15        4     Proaim(5)    1800(GS4)                  1.00     1.00     1.00    13.00
C10            54        4     Proaim(5)    4500(GS4)                  1.00     1.00     1.00    13.00
H11            12        4     Proaim(5)    1800(GS4)                  1.00     1.00     1.00    13.00
H12            10        4     Proaim(5)    1800(GS4)                  1.00     1.00     1.00    13.00
H13            11        4     Proaim(5)    1800(GS4)                  1.00     1.00     1.00    13.00
C14            52        4     Proaim(5)    4500(GS4)                  1.00     1.00     1.00    13.00
H15            10        4     Proaim(5)    1800(GS4)                  1.00     1.00     1.00    13.00
H16            12        4     Proaim(5)    1800(GS4)                  1.00     1.00     1.00    13.00
H17            32        4     Proaim(5)    4500(GS4)                  1.00     1.00     1.00    13.00
H18            12        4     Proaim(5)    1800(GS4)                  1.00     1.00     1.00    13.00
H19            23        4     Proaim(5)    4500(GS4)                  1.00     1.00     1.00    13.00
B20            68        4     Proaim(5)    4500(GS4)                  1.00     1.00     1.00    13.00
F21            24        4     Proaim(5)    2700(GS4)                  1.00     1.00     1.00    13.00
F22           150        4    Promega(1)    4500(GS4)                  1.00     1.00     1.00    13.00
F23            36        4     Proaim(5)    4500(GS4)                  1.00     1.00     1.00    13.00
F24            46        4     Proaim(5)    4500(GS4)                  1.00     1.00     1.00    13.00
------------------------------------------------------------------------------------------------------
Total        1752
Note:  Total wall clock time is less than total of atomic times if more than one atom
       was calculated at a time
 
Electron Density Critical Point Analysis of Molecular Structure:               
---------------------------------------------------------------                
  NACP = Nuclear Attractor Critical Point                                      
  NNACP = Non-Nuclear Attractor Critical Point                                 
  BCP = Bond Critical Point                                                    
  RCP = Ring Critical Point                                                    
  CCP = Cage Critical Point                                                    
  Rho = Electron Density                                                       
  GradRho = Gradient of Electron Density                                       
  HessRho_EigVals = Eigenvalues of the Hessian of Rho, Ascending Order         
  HessRho_EigVecs = Eigenvectors of the Hessian of Rho                         
  DelSqRho = Laplacian of Rho = Trace of Hessian of Rho                        
  Bond Ellipticity = (HessRho_EigVal(1) / HessRho_EigVal(2)) - 1               
  V = Virial Field = Potential Energy Density = Trace of Stress Tensor         
  G = Lagrangian Form of Kinetic Energy Density                                
  K = Hamiltonian Form of Kinetic Energy Density                               
  L = K - G = Lagrangian Density = (-1/4)DelSqRho                              
  Vnuc = Electrostatic Potential from Nuclei                                   
  Ven = Electron-nuclear attractive contribution to Virial Field V             
  Vrep = V - Ven = Repulsive contribution to Virial Field V                    
  DelSqV = Laplacian of V                                                      
  DelSqVen = Laplacian of Ven                                                  
  DelSqVrep = Laplacian of Vrep                                                
  DelSqG = Laplacian of G                                                      
  DelSqK = Laplacian of K                                                      
  Stress_EigVals = Eigenvalues of Stress Tensor, Ascending Order               
  Stress_EigVecs = Eigenvectors of Stress Tensor                               
  -DivStress = Ehrenfest Force Density = Minus Divergence of Stress Tensor     
  ESP = Total Electrostatic Potential                                          
  ESPe = Electrostatic Potential from Electrons                                
  ESPn = Electrostatic Potential from Nuclei                                   
  BP = Bond Path                                                               
  BPL = Bond Path Length                                                       
  GBL = Geometric Bond Length                                                  
  GBL_I = Distance Between Nuclear Attractors                                  
  GBL_II = Distance Between Nuclei                                             
  GBL_III = Sum of Distances Between BCP and Nuclear Attractors                
  GBL_IV = Sum of Distances Between BCP and Nuclei                             

CP# 1      Coords = -2.76767838618882E+00  7.56918768563625E-01 -2.48663331386227E+00
           Type = (3,-3) NACP C1
           Rho =  1.1952195663E+02     Rho at Nucleus =  1.1952195375E+02
           GradRho = -3.6878861076E-11  8.8339960347E-12  3.1401818645E-11
           HessRho_EigVals = -1.8123877070E+05 -1.8123873098E+05 -1.8123615973E+05
           HessRho_EigVec1 =  4.3508416715E-01 -5.6851171257E-01 -6.9820928107E-01
           HessRho_EigVec2 =  8.5266472972E-01  1.1041169743E-02  5.2234179544E-01
           HessRho_EigVec3 =  2.8924838148E-01  8.2260107297E-01 -4.8955372388E-01
           DelSqRho = -5.4371366140E+05
           Bond Ellipticity = NA
           V = -1.3594249856E+05
           G =  7.0416022914E+00
           K =  1.3593545695E+05
           L =  1.3592841535E+05
           Vnuc =  1.0629399301E+06
           Ven = -1.2704466023E+08
           Vrep =  1.2690871773E+08
           DelSqV =  4.6071176170E+09
           DelSqVen =  5.7793496499E+11
           DelSqVrep = -5.7332784712E+11
           DelSqG =  2.0613823944E+08
           DelSqK = -4.8132558565E+09
           Stress_EigVals = -4.5314757882E+04 -4.5313984573E+04 -4.5313756101E+04
           Stress_EigVec1 =  3.0911239312E-01  8.1657782644E-01 -4.8749377615E-01
           Stress_EigVec2 = -1.4789708459E-01  5.4763684039E-01  8.2354134287E-01
           Stress_EigVec3 =  9.3945515103E-01 -1.8246792708E-01  2.9005081416E-01
           -DivStress =  3.1573478199E+03 -5.2303494490E+03 -5.8532896725E+03
           ESP =  -1.4639458978E+01     ESP at Nucleus =  -1.4639459058E+01
           ESPe = -3.3610072708E+01     ESPe at Nucleus = -3.3610066935E+01
           ESPn =  1.8970613730E+01     ESPn at Nucleus =  1.8970607877E+01

CP# 2      Coords = -3.38485485006725E+00 -1.72089548008975E+00 -2.23272520782938E+00
           Type = (3,-3) NACP C2
           Rho =  1.1949912495E+02     Rho at Nucleus =  1.1949912206E+02
           GradRho =  2.9008462299E-11  1.8962904164E-12  1.0738396283E-11
           HessRho_EigVals = -1.8120367616E+05 -1.8120315135E+05 -1.8120103438E+05
           HessRho_EigVec1 = -3.8633260903E-01 -2.0463622416E-01  8.9937263187E-01
           HessRho_EigVec2 =  9.1575278042E-01 -2.0159668536E-01  3.4749909583E-01
           HessRho_EigVec3 =  1.1019963862E-01  9.5785322060E-01  2.6527956467E-01
           DelSqRho = -5.4360786189E+05
           Bond Ellipticity = NA
           V = -1.3591609705E+05
           G =  7.0657857536E+00
           K =  1.3590903126E+05
           L =  1.3590196547E+05
           Vnuc =  1.0618581365E+06
           Ven = -1.2689111814E+08
           Vrep =  1.2675520204E+08
           DelSqV =  4.6062253231E+09
           DelSqVen =  5.7723443149E+11
           DelSqVrep = -5.7262820616E+11
           DelSqG =  2.0609745746E+08
           DelSqK = -4.8123227806E+09
           Stress_EigVals = -4.5305924111E+04 -4.5305135533E+04 -4.5305037401E+04
           Stress_EigVec1 =  9.6422997151E-02  9.5774172690E-01  2.7098595937E-01
           Stress_EigVec2 = -2.5906246545E-01 -2.3872264176E-01  9.3589429922E-01
           Stress_EigVec3 =  9.6103550643E-01 -1.6044402408E-01  2.2509658043E-01
           -DivStress =  3.7320540508E+03  2.6991433663E+03 -7.1054612027E+03
           ESP =  -1.4639668838E+01     ESP at Nucleus =  -1.4639668919E+01
           ESPe = -3.2978404708E+01     ESPe at Nucleus = -3.2978399762E+01
           ESPn =  1.8338735870E+01     ESPn at Nucleus =  1.8338730844E+01

CP# 3      Coords = -3.35405875765818E+00  1.93818313785739E+00 -2.40748694923338E-01
           Type = (3,-3) NACP N3
           Rho =  1.9377350454E+02     Rho at Nucleus =  1.9377350384E+02
           GradRho =  1.8166124022E-09 -8.1488531790E-09  3.6875374525E-09
           HessRho_EigVals = -4.0300620596E+05 -4.0300480759E+05 -4.0300007487E+05
           HessRho_EigVec1 = -3.8535724998E-01 -3.3815486328E-01  8.5857502778E-01
           HessRho_EigVec2 =  1.6510510651E-01  8.9015329268E-01  4.2469685582E-01
           HessRho_EigVec3 =  9.0787669520E-01 -3.0541513384E-01  2.8719593021E-01
           DelSqRho = -1.2090110884E+06
           Bond Ellipticity = NA
           V = -3.0230039863E+05
           G =  2.3813263985E+01
           K =  3.0227658537E+05
           L =  3.0225277211E+05
           Vnuc =  3.7390924315E+06
           Ven = -7.2453704426E+08
           Vrep =  7.2423474386E+08
           DelSqV =  1.4117532098E+10
           DelSqVen =  4.5206042051E+12
           DelSqVrep = -4.5064866893E+12
           DelSqG =  6.2871662458E+08
           DelSqK = -1.4746248723E+10
           Stress_EigVals = -1.0076742286E+05 -1.0076666724E+05 -1.0076630854E+05
           Stress_EigVec1 =  8.9852822016E-01 -3.3684221098E-01  2.8139716147E-01
           Stress_EigVec2 =  2.1582183595E-01  8.9732939360E-01  3.8499466815E-01
           Stress_EigVec3 = -3.8218839950E-01 -2.8519692192E-01  8.7897368733E-01
           -DivStress = -1.7093988266E+03  7.6803771455E+03 -3.4693295045E+03
           ESP =  -1.8218199874E+01     ESP at Nucleus =  -1.8218199885E+01
           ESPe = -3.7730729364E+01     ESPe at Nucleus = -3.7730727020E+01
           ESPn =  1.9512529490E+01     ESPn at Nucleus =  1.9512527135E+01

CP# 4      Coords = -4.17947693977612E+00 -2.05258630667053E+00  2.32752227401650E-01
           Type = (3,-3) NACP N4
           Rho =  1.9373415924E+02     Rho at Nucleus =  1.9373415903E+02
           GradRho =  4.1666993120E-10  1.0641197463E-09  8.1989063802E-10
           HessRho_EigVals = -4.0292343492E+05 -4.0292268909E+05 -4.0291689376E+05
           HessRho_EigVec1 = -1.0872599570E-01  7.7602250991E-01  6.2126300547E-01
           HessRho_EigVec2 = -1.4905365844E-01 -6.3062919657E-01  7.6163628021E-01
           HessRho_EigVec3 =  9.8283348781E-01 -9.7918608937E-03  1.8423478145E-01
           DelSqRho = -1.2087630178E+06
           Bond Ellipticity = NA
           V = -3.0223846670E+05
           G =  2.3856129800E+01
           K =  3.0221461057E+05
           L =  3.0219075444E+05
           Vnuc =  6.8827125139E+06
           Ven = -1.3334165222E+09
           Vrep =  1.3331142837E+09
           DelSqV =  1.4114651248E+10
           DelSqVen =  8.3195672003E+12
           DelSqVrep = -8.3054525326E+12
           DelSqG =  6.2858644123E+08
           DelSqK = -1.4743237689E+10
           Stress_EigVals = -1.0074690025E+05 -1.0074587607E+05 -1.0074569038E+05
           Stress_EigVec1 =  9.8668339806E-01  2.5613225339E-02  1.6062326945E-01
           Stress_EigVec2 =  9.0636681926E-02  7.3340971223E-01 -6.7371743773E-01
           Stress_EigVec3 = -1.3505874237E-01  6.7930417097E-01  7.2132168927E-01
           -DivStress = -1.6515720993E+03 -3.5064174408E+03 -2.6065682168E+03
           ESP =  -1.8211397422E+01     ESP at Nucleus =  -1.8211397425E+01
           ESPe = -3.6868420734E+01     ESPe at Nucleus = -3.6868419605E+01
           ESPn =  1.8657023312E+01     ESPn at Nucleus =  1.8657022180E+01

CP# 5      Coords = -4.11549268534796E+00  1.82694616797164E-01  1.40458601743742E+00
           Type = (3,-3) NACP C5
           Rho =  1.1954615541E+02     Rho at Nucleus =  1.1954615426E+02
           GradRho =  7.1685851699E-12 -1.6516354256E-12  1.5663036840E-11
           HessRho_EigVals = -1.8127754746E+05 -1.8127632931E+05 -1.8127478849E+05
           HessRho_EigVec1 =  9.2899643853E-01 -2.0344426920E-01  3.0915375872E-01
           HessRho_EigVec2 =  2.3762893494E-01  9.6831102932E-01 -7.6852064246E-02
           HessRho_EigVec3 = -2.8372188227E-01  1.4485917239E-01  9.4790174264E-01
           DelSqRho = -5.4382866527E+05
           Bond Ellipticity = NA
           V = -1.3597096179E+05
           G =  6.8977346051E+00
           K =  1.3596406405E+05
           L =  1.3595716632E+05
           Vnuc =  1.6852971433E+06
           Ven = -2.0147079421E+08
           Vrep =  2.0133482325E+08
           DelSqV =  4.6080858594E+09
           DelSqVen =  9.1651288269E+11
           DelSqVrep = -9.1190479273E+11
           DelSqG =  2.0618325974E+08
           DelSqK = -4.8142691192E+09
           Stress_EigVals = -4.5324134231E+04 -4.5323719647E+04 -4.5323107908E+04
           Stress_EigVec1 = -2.6946618452E-01  1.4098090555E-01  9.5263443129E-01
           Stress_EigVec2 =  2.1554189608E-01  9.7295910711E-01 -8.3019677905E-02
           Stress_EigVec3 =  9.3857853504E-01 -1.8296163575E-01  2.9256686998E-01
           -DivStress =  3.0888330946E+02  8.1405813039E+02  5.2654319299E+03
           ESP =  -1.4565881068E+01     ESP at Nucleus =  -1.4565881088E+01
           ESPe = -3.3667241131E+01     ESPe at Nucleus = -3.3667234877E+01
           ESPn =  1.9101360063E+01     ESPn at Nucleus =  1.9101353789E+01

CP# 6      Coords = -4.54965060951291E+00 -4.49993026171919E+00  1.46338454557727E+00
           Type = (3,-3) NACP C6
           Rho =  1.1937462903E+02     Rho at Nucleus =  1.1937462470E+02
           GradRho = -1.3034558459E-11  4.6320962311E-11  1.7991986698E-11
           HessRho_EigVals = -1.8101446401E+05 -1.8101115985E+05 -1.8101092694E+05
           HessRho_EigVec1 =  1.4824321344E-01  8.8003412129E-01 -4.5118055703E-01
           HessRho_EigVec2 =  1.3304114425E-02  4.5440545038E-01  8.9069561984E-01
           HessRho_EigVec3 =  9.8886144136E-01 -1.3804213864E-01  5.5654449522E-02
           DelSqRho = -5.4303655081E+05
           Bond Ellipticity = NA
           V = -1.3577311269E+05
           G =  6.9874949380E+00
           K =  1.3576612520E+05
           L =  1.3575913770E+05
           Vnuc =  8.6797619303E+05
           Ven = -1.0361433605E+08
           Vrep =  1.0347856294E+08
           DelSqV =  4.6014020485E+09
           DelSqVen =  4.7134279616E+11
           DelSqVrep = -4.6674139411E+11
           DelSqG =  2.0587859902E+08
           DelSqK = -4.8072806475E+09
           Stress_EigVals = -4.5258039921E+04 -4.5257981300E+04 -4.5257091470E+04
           Stress_EigVec1 =  9.8962903409E-01 -1.3178911673E-01  5.7148959759E-02
           Stress_EigVec2 =  9.0908307190E-03  4.5450618025E-01  8.9069719260E-01
           Stress_EigVec3 =  1.4335875169E-01  8.8094027086E-01 -4.5099058470E-01
           -DivStress = -4.5016559587E+01 -9.3820052300E+03  4.3620931401E+03
           ESP =  -1.4629157936E+01     ESP at Nucleus =  -1.4629158040E+01
           ESPe = -2.9638185094E+01     ESPe at Nucleus = -2.9638172500E+01
           ESPn =  1.5009027157E+01     ESPn at Nucleus =  1.5009014460E+01

CP# 7      Coords = -5.69717871613399E+00 -5.67934221075973E+00  2.79509892224718E-01
           Type = (3,-3) NACP H7
           Rho =  4.3145145953E-01     Rho at Nucleus =  4.2758088342E-01
           GradRho =  7.2703399290E-13  7.7133939969E-13  7.2871992728E-13
           HessRho_EigVals = -8.4506542277E+00 -8.4429464383E+00 -7.6997264782E+00
           HessRho_EigVec1 =  1.6598933722E-01 -7.5848781366E-01  6.3019344368E-01
           HessRho_EigVec2 = -8.0792396465E-01  2.6182319963E-01  5.2792753242E-01
           HessRho_EigVec3 =  5.6542586364E-01  5.9677872672E-01  5.6934062217E-01
           DelSqRho = -2.4593327144E+01
           Bond Ellipticity = NA
           V = -6.1592570703E+00
           G =  5.4626421367E-03
           K =  6.1537944282E+00
           L =  6.1483317860E+00
           Vnuc =  4.6949125335E+01
           Ven = -2.0256268650E+01
           Vrep =  1.4097011579E+01
           DelSqV =  1.5759144567E+03
           DelSqVen =  1.1546351985E+03
           DelSqVrep =  4.2127925818E+02
           DelSqG =  1.1725948578E+02
           DelSqK = -1.6931739425E+03
           Stress_EigVals = -2.1164144624E+00 -2.1158630020E+00 -1.9269796059E+00
           Stress_EigVec1 =  7.7169243860E-01 -6.2689064952E-01 -1.0723289493E-01
           Stress_EigVec2 = -2.9215582876E-01 -4.9917923574E-01  8.1576041969E-01
           Stress_EigVec3 =  5.6492101389E-01  5.9818743229E-01  5.6836259897E-01
           -DivStress = -9.0701635514E+00 -9.6033254876E+00 -9.0849200196E+00
           ESP =  -1.0442113979E+00     ESP at Nucleus =  -1.0455928284E+00
           ESPe = -1.5873341592E+01     ESPe at Nucleus = -1.5791257393E+01
           ESPn =  1.4829130194E+01     ESPn at Nucleus =  1.4745664565E+01

CP# 8      Coords = -5.48391550341386E+00 -4.21809989911864E+00  3.23897085882194E+00
           Type = (3,-3) NACP H8
           Rho =  4.3179326463E-01     Rho at Nucleus =  4.2794220686E-01
           GradRho =  2.0037013295E-14 -8.3502879633E-16 -3.6050184292E-14
           HessRho_EigVals = -8.4523551999E+00 -8.4457258868E+00 -7.7065954758E+00
           HessRho_EigVec1 = -1.0646703899E-01  9.7816243768E-01 -1.7850214317E-01
           HessRho_EigVec2 =  8.8159218429E-01  1.7588837609E-01  4.3801655192E-01
           HessRho_EigVec3 = -4.5984779027E-01  1.1073176898E-01  8.8106667462E-01
           DelSqRho = -2.4604676562E+01
           Bond Ellipticity = NA
           V = -6.1622947243E+00
           G =  5.5627918652E-03
           K =  6.1567319325E+00
           L =  6.1511691406E+00
           Vnuc =  4.7388103064E+01
           Ven = -2.0461863727E+01
           Vrep =  1.4299569002E+01
           DelSqV =  1.5768377350E+03
           DelSqVen =  1.1659689488E+03
           DelSqVrep =  4.1086878622E+02
           DelSqG =  1.1727567103E+02
           DelSqK = -1.6941134061E+03
           Stress_EigVals = -2.1171412688E+00 -2.1164698575E+00 -1.9286835981E+00
           Stress_EigVec1 =  8.7474448428E-01 -1.1660289556E-01  4.7034652329E-01
           Stress_EigVec2 =  1.5400704803E-01  9.8718993838E-01 -4.1687584695E-02
           Stress_EigVec3 = -4.5946046226E-01  1.0890266438E-01  8.8149662127E-01
           -DivStress = -7.3505255617E+00  1.6350242236E+00  1.4108588528E+01
           ESP =  -1.0389773845E+00     ESP at Nucleus =  -1.0403579230E+00
           ESPe = -1.6214972242E+01     ESPe at Nucleus = -1.6136003648E+01
           ESPn =  1.5175994857E+01     ESPn at Nucleus =  1.5095645725E+01

CP# 9      Coords = -2.73363577097660E+00 -5.35231446431467E+00  1.76880455553361E+00
           Type = (3,-3) NACP H9
           Rho =  4.2600903158E-01     Rho at Nucleus =  4.2197587217E-01
           GradRho = -1.2369711375E-13  5.9086958416E-14 -2.0676469807E-14
           HessRho_EigVals = -8.3476774204E+00 -8.3392218133E+00 -7.5737799786E+00
           HessRho_EigVec1 = -4.4907891700E-01 -8.0925968513E-01  3.7871742543E-01
           HessRho_EigVec2 =  3.3500835256E-02  4.0831352167E-01  9.1222681503E-01
           HessRho_EigVec3 =  8.9286383080E-01 -4.2234918023E-01  1.5625411872E-01
           DelSqRho = -2.4260679212E+01
           Bond Ellipticity = NA
           V = -6.0755938651E+00
           G =  5.2120310149E-03
           K =  6.0703818341E+00
           L =  6.0651698031E+00
           Vnuc =  4.7498330658E+01
           Ven = -2.0234717845E+01
           Vrep =  1.4159123980E+01
           DelSqV =  1.5520250391E+03
           DelSqVen =  1.1523417632E+03
           DelSqVrep =  3.9968327591E+02
           DelSqG =  1.1557960948E+02
           DelSqK = -1.6676046486E+03
           Stress_EigVals = -2.0901648762E+00 -2.0899582475E+00 -1.8954707414E+00
           Stress_EigVec1 =  4.2795985150E-01  9.0379198079E-01  3.2281509674E-03
           Stress_EigVec2 = -1.4292220269E-01  6.4148247843E-02  9.8765289767E-01
           Stress_EigVec3 =  8.9242568849E-01 -4.2313716186E-01  1.5662481529E-01
           -DivStress =  1.4569321675E+01 -6.7695244733E+00  2.5282017001E+00
           ESP =  -1.0537548005E+00     ESP at Nucleus =  -1.0551818688E+00
           ESPe = -1.7310383799E+01     ESPe at Nucleus = -1.7246126040E+01
           ESPn =  1.6256628998E+01     ESPn at Nucleus =  1.6190944172E+01

CP# 10     Coords = -2.65717303820109E+00  4.56713013651641E+00  4.05677396019390E-01
           Type = (3,-3) NACP C10
           Rho =  1.1939812248E+02     Rho at Nucleus =  1.1939811760E+02
           GradRho =  3.3829517312E-11  4.4561887329E-11 -3.8482874859E-12
           HessRho_EigVals = -1.8105447077E+05 -1.8105088445E+05 -1.8105076647E+05
           HessRho_EigVec1 =  2.0450795797E-01  9.4978121781E-01  2.3683777869E-01
           HessRho_EigVec2 = -3.6578770072E-01 -1.5027231725E-01  9.1848657512E-01
           HessRho_EigVec3 =  9.0795145968E-01 -2.7447016041E-01  3.1668640311E-01
           DelSqRho = -5.4315612170E+05
           Bond Ellipticity = NA
           V = -1.3580271845E+05
           G =  6.8440121546E+00
           K =  1.3579587444E+05
           L =  1.3578903042E+05
           Vnuc =  8.1689486217E+05
           Ven = -9.7535712811E+07
           Vrep =  9.7399910093E+07
           DelSqV =  4.6024119440E+09
           DelSqVen =  4.4370144461E+11
           DelSqVrep = -4.3909903292E+11
           DelSqG =  2.0592841448E+08
           DelSqK = -4.8083403584E+09
           Stress_EigVals = -4.5267921136E+04 -4.5267887774E+04 -4.5266909538E+04
           Stress_EigVec1 =  9.1898302421E-01 -2.7446568590E-01  2.8308795183E-01
           Stress_EigVec2 = -3.3350861619E-01 -1.5807791857E-01  9.2939946987E-01
           Stress_EigVec3 =  2.1033830877E-01  9.4851460660E-01  2.3680759476E-01
           -DivStress =  4.0729406528E+03  9.9607781617E+03  2.2668885505E+03
           ESP =  -1.4635024049E+01     ESP at Nucleus =  -1.4635024171E+01
           ESPe = -3.1605143332E+01     ESPe at Nucleus = -3.1605133067E+01
           ESPn =  1.6970119282E+01     ESPn at Nucleus =  1.6970108895E+01

CP# 11     Coords = -4.54467547844443E+00  4.99704302509834E-01  3.33082494802626E+00
           Type = (3,-3) NACP H11
           Rho =  4.2297723169E-01     Rho at Nucleus =  4.1837593988E-01
           GradRho = -2.3551717217E-15 -3.1125919713E-17  1.0523503455E-15
           HessRho_EigVals = -8.2646306921E+00 -8.2524170406E+00 -7.4170897384E+00
           HessRho_EigVec1 =  1.9110733322E-01  9.7431332324E-01 -1.1912823072E-01
           HessRho_EigVec2 =  9.5954112678E-01 -1.5987024692E-01  2.3178078040E-01
           HessRho_EigVec3 = -2.0678204276E-01  1.5860344357E-01  9.6544608057E-01
           DelSqRho = -2.3934137471E+01
           Bond Ellipticity = NA
           V = -5.9930372864E+00
           G =  4.7514593134E-03
           K =  5.9882858271E+00
           L =  5.9835343678E+00
           Vnuc =  4.6616817834E+01
           Ven = -1.9717852558E+01
           Vrep =  1.3724815271E+01
           DelSqV =  1.5227177221E+03
           DelSqVen =  1.1157333265E+03
           DelSqVrep =  4.0698439560E+02
           DelSqG =  1.1332826071E+02
           DelSqK = -1.6360459828E+03
           Stress_EigVals = -2.0688026401E+00 -2.0687355031E+00 -1.8554991432E+00
           Stress_EigVec1 =  8.1713070159E-01  5.7070534177E-01  8.1196240082E-02
           Stress_EigVec2 =  5.3811798227E-01 -8.0569380706E-01  2.4756115692E-01
           Stress_EigVec3 = -2.0670378246E-01  1.5859666496E-01  9.6546395281E-01
           -DivStress = -3.5218291950E+00  2.7376727690E+00  1.6670954805E+01
           ESP =  -9.7289186819E-01     ESP at Nucleus =  -9.7460872256E-01
           ESPe = -1.8552538401E+01     ESPe at Nucleus = -1.8445749567E+01
           ESPn =  1.7579646533E+01     ESPn at Nucleus =  1.7471140845E+01

CP# 12     Coords = -1.97007852822130E+00  1.74608552928573E+00 -4.02866905501304E+00
           Type = (3,-3) NACP H12
           Rho =  4.2210874817E-01     Rho at Nucleus =  4.1763280139E-01
           GradRho = -2.7979705192E-14 -3.1228372583E-14  5.4193021005E-14
           HessRho_EigVals = -8.2602529914E+00 -8.2493814180E+00 -7.4337117744E+00
           HessRho_EigVec1 = -2.2379809119E-03 -8.5143415707E-01 -5.2445673570E-01
           HessRho_EigVec2 =  9.1047301362E-01 -2.1863159701E-01  3.5105429247E-01
           HessRho_EigVec3 = -4.1356242928E-01 -4.7671805186E-01  7.7569711623E-01
           DelSqRho = -2.3943346184E+01
           Bond Ellipticity = NA
           V = -5.9964002061E+00
           G =  5.2818300826E-03
           K =  5.9911183760E+00
           L =  5.9858365459E+00
           Vnuc =  4.7437114913E+01
           Ven = -2.0023621193E+01
           Vrep =  1.4027220987E+01
           DelSqV =  1.5255214379E+03
           DelSqVen =  1.1358032643E+03
           DelSqVrep =  3.8971817356E+02
           DelSqG =  1.1365579666E+02
           DelSqK = -1.6391772346E+03
           Stress_EigVals = -2.0687189543E+00 -2.0680702121E+00 -1.8596110397E+00
           Stress_EigVec1 =  9.1021179477E-01 -2.2377594225E-01  3.4848072592E-01
           Stress_EigVec2 = -7.7808371850E-03 -8.5054175918E-01 -5.2584995432E-01
           Stress_EigVec3 = -4.1406997867E-01 -4.7592335891E-01  7.7591430532E-01
           -DivStress =  7.1532432006E+00  8.0439252895E+00 -1.3191428126E+01
           ESP =  -1.0244187199E+00     ESP at Nucleus =  -1.0260758076E+00
           ESPe = -1.9006947586E+01     ESPe at Nucleus = -1.8909079236E+01
           ESPn =  1.7982528866E+01     ESPn at Nucleus =  1.7883003429E+01

CP# 13     Coords = -3.16308013816977E+00 -3.25784697357907E+00 -3.49100703097592E+00
           Type = (3,-3) NACP H13
           Rho =  4.2297990641E-01     Rho at Nucleus =  4.1859380048E-01
           GradRho = -4.6831028638E-15  1.7331080147E-14  1.4499957224E-14
           HessRho_EigVals = -8.2799819900E+00 -8.2676090843E+00 -7.4665297716E+00
           HessRho_EigVec1 = -3.2879755737E-01 -6.4068997659E-01  6.9383609027E-01
           HessRho_EigVec2 =  9.3597461983E-01 -1.2314894382E-01  3.2982699810E-01
           HessRho_EigVec3 = -1.2587166999E-01  7.5785928214E-01  6.4016062919E-01
           DelSqRho = -2.4014120846E+01
           Bond Ellipticity = NA
           V = -6.0146733741E+00
           G =  5.5715813086E-03
           K =  6.0091017928E+00
           L =  6.0035302115E+00
           Vnuc =  4.6765936987E+01
           Ven = -1.9781051650E+01
           Vrep =  1.3766378276E+01
           DelSqV =  1.5314828846E+03
           DelSqVen =  1.1230428623E+03
           DelSqVrep =  4.0844002231E+02
           DelSqG =  1.1409262692E+02
           DelSqK = -1.6455755115E+03
           Stress_EigVals = -2.0738445406E+00 -2.0729964076E+00 -1.8678324260E+00
           Stress_EigVec1 =  9.2317963498E-01 -1.4716896339E-01  3.5507838258E-01
           Stress_EigVec2 = -3.6321498515E-01 -6.3625821651E-01  6.8062497492E-01
           Stress_EigVec3 = -1.2575466641E-01  7.5730890536E-01  6.4083460093E-01
           -DivStress =  2.1965073192E+00 -1.2754889442E+01 -1.0831674388E+01
           ESP =  -1.0196610462E+00     ESP at Nucleus =  -1.0212869438E+00
           ESPe = -1.7981311155E+01     ESPe at Nucleus = -1.7880480329E+01
           ESPn =  1.6961650108E+01     ESPn at Nucleus =  1.6859193386E+01

CP# 14     Coords =  1.85976839399654E-01  4.83771065111804E+00  7.96537849816531E-01
           Type = (3,-3) NACP C14
           Rho =  1.1937199300E+02     Rho at Nucleus =  1.1937199211E+02
           GradRho =  2.2870507571E-12  1.4954453474E-11  3.0508061355E-13
           HessRho_EigVals = -1.8100609311E+05 -1.8100480308E+05 -1.8100454955E+05
           HessRho_EigVec1 =  9.6500420568E-01  2.0020981478E-01  1.6936030554E-01
           HessRho_EigVec2 = -2.1749202095E-01  9.7187094167E-01  9.0355373698E-02
           HessRho_EigVec3 = -1.4650632699E-01 -1.2402783074E-01  9.8140358332E-01
           DelSqRho = -5.4301544575E+05
           Bond Ellipticity = NA
           V = -1.3576812920E+05
           G =  7.1338808148E+00
           K =  1.3576099532E+05
           L =  1.3575386144E+05
           Vnuc =  1.9102697261E+06
           Ven = -2.2803270437E+08
           Vrep =  2.2789693624E+08
           DelSqV =  4.6012250111E+09
           DelSqVen =  1.0373059543E+12
           DelSqVrep = -1.0327047334E+12
           DelSqG =  2.0586756461E+08
           DelSqK = -4.8070925758E+09
           Stress_EigVals = -4.5256199984E+04 -4.5256135288E+04 -4.5255793928E+04
           Stress_EigVec1 = -1.4735829875E-01 -1.1725639001E-01  9.8210817673E-01
           Stress_EigVec2 = -2.1547243343E-01  9.7290522434E-01  8.3827530577E-02
           Stress_EigVec3 =  9.6532748962E-01  1.9926455644E-01  1.6863117839E-01
           -DivStress =  4.5490048583E+03 -1.1546483611E+03  2.3984324959E+02
           ESP =  -1.4728529826E+01     ESP at Nucleus =  -1.4728529846E+01
           ESPe = -3.1014994846E+01     ESPe at Nucleus = -3.1014993804E+01
           ESPn =  1.6286465020E+01     ESPn at Nucleus =  1.6286463958E+01

CP# 15     Coords = -3.70514180610823E+00  5.05043404037772E+00  2.07843347154553E+00
           Type = (3,-3) NACP H15
           Rho =  4.3694551786E-01     Rho at Nucleus =  4.3318349966E-01
           GradRho =  1.4731597019E-17  2.3198538359E-16 -2.6682147702E-15
           HessRho_EigVals = -8.5561391139E+00 -8.5502201301E+00 -7.8189069329E+00
           HessRho_EigVec1 =  5.4680917894E-01  8.3432405210E-01  7.0022124469E-02
           HessRho_EigVec2 =  6.6494431343E-01 -4.8357159411E-01  5.6921663136E-01
           HessRho_EigVec3 = -5.0877183675E-01  2.6469206535E-01  8.1920042033E-01
           DelSqRho = -2.4925266177E+01
           Bond Ellipticity = NA
           V = -6.2425132462E+00
           G =  5.5983509969E-03
           K =  6.2369148952E+00
           L =  6.2313165442E+00
           Vnuc =  4.9319482846E+01
           Ven = -2.1549926973E+01
           Vrep =  1.5307413727E+01
           DelSqV =  1.5989942392E+03
           DelSqVen =  1.2293012376E+03
           DelSqVrep =  3.6969300153E+02
           DelSqG =  1.1892214544E+02
           DelSqK = -1.7179163846E+03
           Stress_EigVals = -2.1432158951E+00 -2.1422969898E+00 -1.9570003614E+00
           Stress_EigVec1 =  8.4786106354E-01 -1.4298156134E-02  5.3002564057E-01
           Stress_EigVec2 =  1.5296324299E-01  9.6373043463E-01 -2.1869132507E-01
