AIMSum (Version 17.11.14, Professional)
Copyright (c) 1997-2017 by Todd A. Keith
AIMSum is a component of the AIMAll package ( http://aim.tkgristmill.com )

TP:  64-bit Linux

Much of the Quantum Theory of Atoms in Molecules (QTAIM) is described in the book:
  "Atoms in Molecules - A Quantum Theory"
  R.F.W. Bader, Oxford University Press, Oxford, 1990

For additional references see:  http://aim.tkgristmill.com/references.html

Wfn File:  /home/localuser/Desktop/AIMAll/emimbf4/wfn/409.wfn
Sum File:  /home/localuser/Desktop/AIMAll/emimbf4/wfn/409.sum

SumViz File:  /home/localuser/Desktop/AIMAll/emimbf4/wfn/409.sumviz

Wfn Title:  B3LYP                                                                          
 
Total memory allocated for AIMSum =        1.391 Megabytes

Atomic units (a.u.) used throughout, except where stated otherwise

Model:  Restricted SCF
 
Restricted, closed-shell, single-determinant wavefunction.
  Number of electrons (from MO Occs)                   =         102.0000000000
  Number of Alpha electrons (from MO Occs)             =          51.0000000000
  Number of Beta electrons (from MO Occs)              =          51.0000000000
  Number of electron pairs (N*(N-1)/2)                 =        5151.0000000000
  Number of electron pairs (from Muller 2EDM)          =        5151.0000000000
 
Nuclear Charges and Cartesian Coordinates:
-------------------------------------------------------------------------------
Atom      Charge                X                  Y                  Z
-------------------------------------------------------------------------------
C1         6.0          -2.9884942000E+00   6.7398518000E-01  -2.5366503200E+00
C2         6.0          -3.5414904200E+00  -1.8117870300E+00  -2.2146872100E+00
N3         7.0          -3.5627068400E+00   1.8949768400E+00  -3.0937377000E-01
N4         7.0          -4.2862493500E+00  -2.1027143700E+00   2.7044759000E-01
C5         6.0          -4.2574490600E+00   1.6098042000E-01   1.3887231000E+00
C6         6.0          -4.5861319200E+00  -4.5290734000E+00   1.5621407900E+00
H7         1.0          -5.7430218400E+00  -5.7785571300E+00   4.0606513000E-01
H8         1.0          -5.5136325400E+00  -4.2230464900E+00   3.3726052300E+00
H9         1.0          -2.7183219400E+00  -5.3479533300E+00   1.8614331200E+00
C10        6.0          -2.8510684200E+00   4.5342177100E+00   2.8374181000E-01
H11        1.0          -4.6723095400E+00   5.1965518000E-01   3.3468881900E+00
H12        1.0          -2.2359243600E+00   1.6667728600E+00  -4.1429552600E+00
H13        1.0          -3.3072793700E+00  -3.3990950000E+00  -3.4619462300E+00
C14        6.0          -6.6001630000E-02   4.7386007900E+00   1.0017470400E+00
H15        1.0          -4.0983209000E+00   5.1624907100E+00   1.8029998500E+00
H16        1.0          -3.3009438100E+00   5.6489126700E+00  -1.3916695800E+00
H17        1.0           3.5319809000E-01   3.6357862400E+00   2.6927795000E+00
H18        1.0           3.8282651000E-01   6.7200284800E+00   1.3711533200E+00
H19        1.0           1.1670402600E+00   4.0301059200E+00  -4.9167280000E-01
B20        5.0           4.2148678400E+00  -5.9767903000E-01   1.7569030000E-02
F21        9.0           5.6545805500E+00  -2.6780388900E+00  -6.7804800000E-01
F22        9.0           1.7053366100E+00  -1.4469490500E+00   7.9546535000E-01
F23        9.0           5.2914032700E+00   7.4368540000E-01   2.0234398700E+00
F24        9.0           3.8191882400E+00   1.0433816200E+00  -2.0817041500E+00
 
Some Atomic Properties:
----------------------
  q(A) = Net Charge of Atom A
  L(A) = Lagrangian of Atom A = -(1/4) Times Atomic Integral of the Laplacian of the Electron Density
  K(A) = Electronic Kinetic Energy of Atom A (Hamiltonian Form)
  K_Scaled(A) = K(A) * E(Mol)/K(Mol) = Approximation to Virial-Based Total Energy of Atom A.
  |Mu_Intra(A)| = Magnitude of Intraatomic Dipole Moment of Atom A
--------------------------------------------------------------------------------------------------
Atom A          q(A)              L(A)              K(A)          K_Scaled(A)      |Mu_Intra(A)|
--------------------------------------------------------------------------------------------------
C1        5.5826447680E-01  2.7454835086E-04  3.7457133593E+01 -3.7499412958E+01  7.8238208615E-01
C2        5.3332572790E-01  4.1701141965E-04  3.7462263950E+01 -3.7504549106E+01  7.8968565445E-01
N3       -1.5530275981E+00 -1.1352185802E-04  5.5396758164E+01 -5.5459286701E+01  1.7135442191E-01
N4       -1.5561380680E+00 -5.0417299772E-05  5.5391773262E+01 -5.5454296172E+01  1.7448756111E-01
C5        1.3460093724E+00  1.8262880890E-04  3.6959561051E+01 -3.7001278786E+01  8.8626803714E-01
C6        5.1684735910E-01 -2.0046964613E-04  3.7440409666E+01 -3.7482670154E+01  6.1838562839E-01
H7        2.8694338250E-02  2.3034350354E-05  6.1065375929E-01 -6.1134302862E-01  1.2098350937E-01
H8        2.0497727570E-02  2.5947503346E-05  6.1388516069E-01 -6.1457807743E-01  1.1978253944E-01
H9        7.9387643400E-02  3.2965531323E-05  5.8874658642E-01 -5.8941112824E-01  1.1801508638E-01
C10       4.6169793050E-01 -3.4926186011E-05  3.7475851367E+01 -3.7518151859E+01  6.2685041317E-01
H11       1.3370336446E-01  1.9996203954E-05  5.6251850791E-01 -5.6315344505E-01  1.1243047155E-01
H12       1.1910745712E-01  2.4946562084E-05  5.6693326656E-01 -5.6757318682E-01  1.1395647765E-01
H13       1.0653686302E-01  2.1702617242E-05  5.7173570415E-01 -5.7238104511E-01  1.1497369737E-01
C14       1.3551625570E-01 -9.3964041604E-05  3.7691596361E+01 -3.7734140374E+01  1.7335920054E-01
H15      -7.0290054000E-03  2.6395875142E-05  6.3100052165E-01 -6.3171275718E-01  1.2320758389E-01
H16       9.1560024500E-03  2.6275554932E-05  6.2459378472E-01 -6.2529878871E-01  1.2277602913E-01
H17       1.0569633780E-02  2.3785452989E-05  6.1413007979E-01 -6.1482327298E-01  1.2469915391E-01
H18      -2.3411346300E-02  2.0640496800E-05  6.2472857573E-01 -6.2543373186E-01  1.2638152415E-01
H19       8.3369055370E-02  3.5262247244E-05  5.8696540936E-01 -5.8762794069E-01  1.0094415627E-01
B20       2.5161485528E+00 -1.0367610926E-04  2.3291187387E+01 -2.3317477082E+01  2.7442632989E-03
F21      -8.7088443200E-01  2.0025352525E-05  9.9854046167E+01 -9.9966755423E+01  3.1697850709E-01
F22      -8.9142014910E-01  2.7324190661E-05  9.9803861638E+01 -9.9916514249E+01  2.2122534632E-01
F23      -8.7413152450E-01  2.8722888568E-05  9.9848829403E+01 -9.9961532771E+01  3.0519068835E-01
F24      -8.8254691870E-01  1.3136454821E-05  9.9834620706E+01 -9.9947308036E+01  2.6834027859E-01
--------------------------------------------------------------------------------------------------
Total     2.4271852000E-04  6.4737472060E-04  7.6450378407E+02 -7.6536671007E+02
 
1st Largest |L(A)| = 4.1701141965E-04, atom C2      
2nd Largest |L(A)| = 2.7454835086E-04, atom C1      
 
Molecular charge q(Mol) from the wfn file:   0.0000000000E+00
Molecular energy E(Mol) from the wfn file:  -7.6755279334E+02
Molecular virial ratio (-V(Mol)/T(Mol)) from the wfn file:   2.0011287400E+00
Note.  K_Scaled(A) = (1+V(Mol)/T(Mol))*K(A) = (E(Mol)/T(Mol))*K(A)
       Only use K_Scaled(A) data with caution.
 
N_AIMInt(SumA)     =        101.999757
N_Analytic(Mol)    =        102.000000
 
G_AIMInt(SumA)     =        764.503137
G_Analytic(Mol)    =        764.503372
 
K_AIMInt(SumA)     =        764.503784
K_Analytic(Mol)    =        764.503372
 
L_AIMInt(SumA)     =          0.000647
L_Analytic(Mol)    =          0.000000
 
VenT_AIMInt(SumA)  =      -3539.498028
VenT_Analytic(Mol) =      -3539.499462
 
Some Information About the Atomic Calculations:
----------------------------------------------
  Time(sec) = "Elapsed User Time", in Seconds, for Atom A by AIMInt and, if used, by TWOe
  NProc = Number of Processors Used for AIMInt Job
  BIM = Basin Integration Method
  OAQ = Angular Quadrature Outside of Beta Sphere
  ORQ = Multiple of Default for Radial Quadrature Outside of Beta Sphere
  IAQ = Multiple of Default for Angular Quadrature Inside of Beta Sphere
  IRQ = Multiple of Default for Radial Quadrature Inside of Beta Sphere
  MIR = Maximum Integration Radius
------------------------------------------------------------------------------------------------------
Atom A     Time(sec)   NProc      BIM          OAQ                     ORQ      IAQ      IRQ      MIR
------------------------------------------------------------------------------------------------------
C1            658        4    Promega(5)    4500(GS4)                  1.00     1.00     1.00    13.00
C2            183        4    Promega(1)    4500(GS4)                  1.00     1.00     1.00    13.00
N3             53        4     Proaim(5)    4500(GS4)                  1.00     1.00     1.00    13.00
N4            137        4    Promega(1)    4500(GS4)                  1.00     1.00     1.00    13.00
C5            688        4    Promega(5)    4500(GS4)                  1.00     1.00     1.00    13.00
C6             55        4     Proaim(5)    4500(GS4)                  1.00     1.00     1.00    13.00
H7              9        4     Proaim(5)    1800(GS4)                  1.00     1.00     1.00    13.00
H8             11        4     Proaim(5)    1800(GS4)                  1.00     1.00     1.00    13.00
H9             15        4     Proaim(5)    1800(GS4)                  1.00     1.00     1.00    13.00
C10            55        4     Proaim(5)    5400(GS5)                  1.00     1.00     1.00    13.00
H11            12        4     Proaim(5)    1800(GS4)                  1.00     1.00     1.00    13.00
H12            12        4     Proaim(5)    1800(GS4)                  1.00     1.00     1.00    13.00
H13             9        4     Proaim(5)    1800(GS4)                  1.00     1.00     1.00    13.00
C14            68        4     Proaim(5)    5400(GS5)                  1.00     1.00     1.00    13.00
H15            12        4     Proaim(5)    1800(GS4)                  1.00     1.00     1.00    13.00
H16            12        4     Proaim(5)    1800(GS4)                  1.00     1.00     1.00    13.00
H17            35        4     Proaim(5)    4500(GS4)                  1.00     1.00     1.00    13.00
H18            12        4     Proaim(5)    1800(GS4)                  1.00     1.00     1.00    13.00
H19            25        4     Proaim(5)    4500(GS4)                  1.00     1.00     1.00    13.00
B20           543        4    Promega(5)    4500(GS4)                  1.00     1.00     1.00    13.00
F21            25        4     Proaim(5)    2700(GS4)                  1.00     1.00     1.00    13.00
F22           139        4    Promega(1)    4500(GS4)                  1.00     1.00     1.00    13.00
F23            45        4     Proaim(5)    4500(GS4)                  1.00     1.00     1.00    13.00
F24           197        4    Promega(1)    4500(GS4)                  1.00     1.00     1.00    13.00
------------------------------------------------------------------------------------------------------
Total        3010
Note:  Total wall clock time is less than total of atomic times if more than one atom
       was calculated at a time
 
Electron Density Critical Point Analysis of Molecular Structure:               
---------------------------------------------------------------                
  NACP = Nuclear Attractor Critical Point                                      
  NNACP = Non-Nuclear Attractor Critical Point                                 
  BCP = Bond Critical Point                                                    
  RCP = Ring Critical Point                                                    
  CCP = Cage Critical Point                                                    
  Rho = Electron Density                                                       
  GradRho = Gradient of Electron Density                                       
  HessRho_EigVals = Eigenvalues of the Hessian of Rho, Ascending Order         
  HessRho_EigVecs = Eigenvectors of the Hessian of Rho                         
  DelSqRho = Laplacian of Rho = Trace of Hessian of Rho                        
  Bond Ellipticity = (HessRho_EigVal(1) / HessRho_EigVal(2)) - 1               
  V = Virial Field = Potential Energy Density = Trace of Stress Tensor         
  G = Lagrangian Form of Kinetic Energy Density                                
  K = Hamiltonian Form of Kinetic Energy Density                               
  L = K - G = Lagrangian Density = (-1/4)DelSqRho                              
  Vnuc = Electrostatic Potential from Nuclei                                   
  Ven = Electron-nuclear attractive contribution to Virial Field V             
  Vrep = V - Ven = Repulsive contribution to Virial Field V                    
  DelSqV = Laplacian of V                                                      
  DelSqVen = Laplacian of Ven                                                  
  DelSqVrep = Laplacian of Vrep                                                
  DelSqG = Laplacian of G                                                      
  DelSqK = Laplacian of K                                                      
  Stress_EigVals = Eigenvalues of Stress Tensor, Ascending Order               
  Stress_EigVecs = Eigenvectors of Stress Tensor                               
  -DivStress = Ehrenfest Force Density = Minus Divergence of Stress Tensor     
  ESP = Total Electrostatic Potential                                          
  ESPe = Electrostatic Potential from Electrons                                
  ESPn = Electrostatic Potential from Nuclei                                   
  BP = Bond Path                                                               
  BPL = Bond Path Length                                                       
  GBL = Geometric Bond Length                                                  
  GBL_I = Distance Between Nuclear Attractors                                  
  GBL_II = Distance Between Nuclei                                             
  GBL_III = Sum of Distances Between BCP and Nuclear Attractors                
  GBL_IV = Sum of Distances Between BCP and Nuclei                             

CP# 1      Coords = -2.98849622995005E+00  6.73988692018634E-01 -2.53664653300321E+00
           Type = (3,-3) NACP C1
           Rho =  1.1951962798E+02     Rho at Nucleus =  1.1951962519E+02
           GradRho = -1.6381423995E-11  1.3078635397E-12 -9.9129038311E-12
           HessRho_EigVals = -1.8123530721E+05 -1.8123522092E+05 -1.8123270576E+05
           HessRho_EigVec1 =  5.0708557669E-01 -5.6382565309E-01 -6.5189328178E-01
           HessRho_EigVec2 =  8.2269647531E-01  9.1129594406E-02  5.6112913535E-01
           HessRho_EigVec3 =  2.5697223084E-01  8.2085079639E-01 -5.1006788042E-01
           DelSqRho = -5.4370323389E+05
           Bond Ellipticity = NA
           V = -1.3593989188E+05
           G =  7.0417054363E+00
           K =  1.3593285018E+05
           L =  1.3592580847E+05
           Vnuc =  1.0812082879E+06
           Ven = -1.2922561234E+08
           Vrep =  1.2908967244E+08
           DelSqV =  4.6070298316E+09
           DelSqVen =  5.8785644083E+11
           DelSqVrep = -5.8324941074E+11
           DelSqG =  2.0613435118E+08
           DelSqK = -4.8131641827E+09
           Stress_EigVals = -4.5313882556E+04 -4.5313115257E+04 -4.5312894071E+04
           Stress_EigVec1 =  2.7854243461E-01  8.1477157469E-01 -5.0848932457E-01
           Stress_EigVec2 = -1.2791801847E-01  5.5619821967E-01  8.2114585853E-01
           Stress_EigVec3 =  9.5186716125E-01 -1.6367901980E-01  2.5914877157E-01
           -DivStress =  3.0432350608E+03 -5.2655017428E+03 -5.6744903613E+03
           ESP =  -1.4634974882E+01     ESP at Nucleus =  -1.4634974960E+01
           ESPe = -3.3318028464E+01     ESPe at Nucleus = -3.3318022699E+01
           ESPn =  1.8683053582E+01     ESPn at Nucleus =  1.8683047739E+01

CP# 2      Coords = -3.54149276790845E+00 -1.81178872638999E+00 -2.21468238221162E+00
           Type = (3,-3) NACP C2
           Rho =  1.1950100364E+02     Rho at Nucleus =  1.1950100077E+02
           GradRho = -4.4218691209E-12 -1.4168308020E-11 -2.7276046005E-12
           HessRho_EigVals = -1.8120666430E+05 -1.8120618539E+05 -1.8120402447E+05
           HessRho_EigVec1 = -3.6875656727E-01 -1.9365095582E-01  9.0913029947E-01
           HessRho_EigVec2 =  9.2500335785E-01 -1.7281469555E-01  3.3838420319E-01
           HessRho_EigVec3 =  9.1582651535E-02  9.6572997691E-01  2.4285433829E-01
           DelSqRho = -5.4361687417E+05
           Bond Ellipticity = NA
           V = -1.3591834133E+05
           G =  7.0613930053E+00
           K =  1.3591127994E+05
           L =  1.3590421854E+05
           Vnuc =  1.0657197795E+06
           Ven = -1.2735458325E+08
           Vrep =  1.2721866491E+08
           DelSqV =  4.6063014272E+09
           DelSqVen =  5.7934325658E+11
           DelSqVrep = -5.7473695515E+11
           DelSqG =  2.0610104280E+08
           DelSqK = -4.8124024700E+09
           Stress_EigVals = -4.5306675681E+04 -4.5305887952E+04 -4.5305777696E+04
           Stress_EigVec1 =  7.8660698513E-02  9.6538896106E-01  2.4866975766E-01
           Stress_EigVec2 = -2.4741736328E-01 -2.2273278256E-01  9.4296063328E-01
           Stress_EigVec3 =  9.6571069315E-01 -1.3569915785E-01  2.2133367503E-01
           -DivStress =  3.5191802903E+03  2.5438444826E+03 -7.2339222287E+03
           ESP =  -1.4635043068E+01     ESP at Nucleus =  -1.4635043148E+01
           ESPe = -3.2767021191E+01     ESPe at Nucleus = -3.2767016010E+01
           ESPn =  1.8131978123E+01     ESPn at Nucleus =  1.8131972862E+01

CP# 3      Coords = -3.56270626132343E+00  1.89497507431234E+00 -3.09372935395667E-01
           Type = (3,-3) NACP N3
           Rho =  1.9377736187E+02     Rho at Nucleus =  1.9377736104E+02
           GradRho = -1.4818556104E-11  2.4574665219E-11 -3.2714421450E-12
           HessRho_EigVals = -4.0301447700E+05 -4.0301303035E+05 -4.0300836150E+05
           HessRho_EigVec1 = -3.6582879198E-01 -3.2039279860E-01  8.7379502720E-01
           HessRho_EigVec2 =  1.7765195430E-01  8.9757282478E-01  4.0348829890E-01
           HessRho_EigVec3 =  9.1356941613E-01 -3.0283903120E-01  2.7143957539E-01
           DelSqRho = -1.2090358688E+06
           Bond Ellipticity = NA
           V = -3.0230657189E+05
           G =  2.3802340023E+01
           K =  3.0228276955E+05
           L =  3.0225896721E+05
           Vnuc =  3.4365634825E+06
           Ven = -6.6592820555E+08
           Vrep =  6.6562589898E+08
           DelSqV =  1.4117819849E+10
           DelSqVen =  4.1549284966E+12
           DelSqVrep = -4.1408106768E+12
           DelSqG =  6.2872984169E+08
           DelSqK = -1.4746549691E+10
           Stress_EigVals = -1.0076947560E+05 -1.0076873334E+05 -1.0076836295E+05
           Stress_EigVec1 =  9.0303311969E-01 -3.3905708352E-01  2.6376405906E-01
           Stress_EigVec2 =  2.3003024256E-01  9.0023711436E-01  3.6967448579E-01
           Stress_EigVec3 = -3.6279094840E-01 -2.7315459369E-01  8.9093731301E-01
           -DivStress = -2.6573266715E+03  8.1102298439E+03 -3.8346627346E+03
           ESP =  -1.8214477465E+01     ESP at Nucleus =  -1.8214477478E+01
           ESPe = -3.7504610708E+01     ESPe at Nucleus = -3.7504608069E+01
           ESPn =  1.9290133243E+01     ESPn at Nucleus =  1.9290130591E+01

CP# 4      Coords = -4.28624903060070E+00 -2.10271355247206E+00  2.70448112697335E-01
           Type = (3,-3) NACP N4
           Rho =  1.9373746686E+02     Rho at Nucleus =  1.9373746665E+02
           GradRho =  6.1515036121E-10  1.1102851349E-09  7.5045595953E-10
           HessRho_EigVals = -4.0293043140E+05 -4.0292965757E+05 -4.0292398788E+05
           HessRho_EigVec1 = -1.2014834449E-01  7.7839397460E-01  6.1617140117E-01
           HessRho_EigVec2 = -1.1825855872E-01 -6.2747006087E-01  7.6960784559E-01
           HessRho_EigVec3 =  9.8568721642E-01  1.9599566728E-02  1.6744123858E-01
           DelSqRho = -1.2087840768E+06
           Bond Ellipticity = NA
           V = -3.0224371334E+05
           G =  2.3847062526E+01
           K =  3.0221986627E+05
           L =  3.0219601921E+05
           Vnuc =  6.8522983969E+06
           Ven = -1.3275469336E+09
           Vrep =  1.3272446899E+09
           DelSqV =  1.4114895739E+10
           DelSqVen =  8.2829495828E+12
           DelSqVrep = -8.2688346543E+12
           DelSqG =  6.2859757631E+08
           DelSqK = -1.4743493315E+10
           Stress_EigVals = -1.0074863121E+05 -1.0074763785E+05 -1.0074744428E+05
           Stress_EigVec1 =  9.8830213819E-01  5.6981433358E-02  1.4146377592E-01
           Stress_EigVec2 =  5.6794103443E-02  7.2334946979E-01 -6.8814240849E-01
           Stress_EigVec3 = -1.4153908810E-01  6.8812692202E-01  7.1165161823E-01
           -DivStress = -1.4641853753E+03 -3.7553837295E+03 -2.4013610166E+03
           ESP =  -1.8206908894E+01     ESP at Nucleus =  -1.8206908897E+01
           ESPe = -3.6703760602E+01     ESPe at Nucleus = -3.6703759485E+01
           ESPn =  1.8496851708E+01     ESPn at Nucleus =  1.8496850588E+01

CP# 5      Coords = -4.25744932157094E+00  1.60979779794301E-01  1.38871960635503E+00
           Type = (3,-3) NACP C5
           Rho =  1.1954473575E+02     Rho at Nucleus =  1.1954473460E+02
           GradRho = -5.4523940918E-11  5.8027888050E-13  1.2736946914E-12
           HessRho_EigVals = -1.8127533664E+05 -1.8127412437E+05 -1.8127257901E+05
           HessRho_EigVec1 =  9.3460131593E-01 -1.8836638608E-01  3.0172584386E-01
           HessRho_EigVec2 =  2.2521765098E-01  9.6994747386E-01 -9.2080984117E-02
           HessRho_EigVec3 = -2.7531325785E-01  1.5401299472E-01  9.4893762045E-01
           DelSqRho = -5.4382204001E+05
           Bond Ellipticity = NA
           V = -1.3596930972E+05
           G =  6.8998566638E+00
           K =  1.3596240986E+05
           L =  1.3595551000E+05
           Vnuc =  1.6847318673E+06
           Ven = -2.0140082588E+08
           Vrep =  2.0126485657E+08
           DelSqV =  4.6080299713E+09
           DelSqVen =  9.1619431629E+11
           DelSqVrep = -9.1158629041E+11
           DelSqG =  2.0618068818E+08
           DelSqK = -4.8142106595E+09
           Stress_EigVals = -4.5323583568E+04 -4.5323167623E+04 -4.5322558526E+04
           Stress_EigVec1 = -2.6021546172E-01  1.5145604900E-01  9.5359791249E-01
           Stress_EigVec2 =  1.9728547378E-01  9.7512526617E-01 -1.0104037371E-01
           Stress_EigVec3 =  9.4518059402E-01 -1.6183874846E-01  2.8362274975E-01
           -DivStress =  3.9294321348E+02  9.5956252101E+02  5.2369838977E+03
           ESP =  -1.4562034396E+01     ESP at Nucleus =  -1.4562034415E+01
           ESPe = -3.3498162940E+01     ESPe at Nucleus = -3.3498156777E+01
           ESPn =  1.8936128544E+01     ESPn at Nucleus =  1.8936122362E+01

CP# 6      Coords = -4.58613206269908E+00 -4.52906715347948E+00  1.56213772038667E+00
           Type = (3,-3) NACP C6
           Rho =  1.1937519213E+02     Rho at Nucleus =  1.1937518775E+02
           GradRho = -2.6371476617E-12 -2.4092168310E-11  1.4258042446E-11
           HessRho_EigVals = -1.8101532304E+05 -1.8101199395E+05 -1.8101175966E+05
           HessRho_EigVec1 =  1.2212839793E-01  8.7234330729E-01 -4.7339392545E-01
           HessRho_EigVec2 =  1.3675612128E-02  4.7544002276E-01  8.7964183756E-01
           HessRho_EigVec3 =  9.9242008850E-01 -1.1390320008E-01  4.6134899579E-02
           DelSqRho = -5.4303907665E+05
           Bond Ellipticity = NA
           V = -1.3577374467E+05
           G =  6.9877513284E+00
           K =  1.3576675691E+05
           L =  1.3575976916E+05
           Vnuc =  8.6190323011E+05
           Ven = -1.0288986369E+08
           Vrep =  1.0275408995E+08
           DelSqV =  4.6014233079E+09
           DelSqVen =  4.6804713293E+11
           DelSqVrep = -4.6344570962E+11
           DelSqG =  2.0587954376E+08
           DelSqK = -4.8073028516E+09
           Stress_EigVals = -4.5258253339E+04 -4.5258194288E+04 -4.5257297038E+04
           Stress_EigVec1 =  9.9306544138E-01 -1.0763336155E-01  4.7287298735E-02
           Stress_EigVec2 =  9.6314092831E-03  4.7536367678E-01  8.7973667126E-01
           Stress_EigVec3 =  1.1716767940E-01  8.7318064241E-01 -4.7310390045E-01
           -DivStress =  2.1416416343E+02 -9.3494822352E+03  4.5943708246E+03
           ESP =  -1.4626135444E+01     ESP at Nucleus =  -1.4626135549E+01
           ESPe = -2.9532037082E+01     ESPe at Nucleus = -2.9532024525E+01
           ESPn =  1.4905901638E+01     ESPn at Nucleus =  1.4905888975E+01

CP# 7      Coords = -5.72553209311137E+00 -5.75910628225825E+00  4.23016020413575E-01
           Type = (3,-3) NACP H7
           Rho =  4.3128306971E-01     Rho at Nucleus =  4.2740533944E-01
           GradRho =  9.4848792449E-13  1.0562063919E-12  9.2106387079E-13
           HessRho_EigVals = -8.4470303928E+00 -8.4393291207E+00 -7.6951673274E+00
           HessRho_EigVec1 =  1.9086851293E-01 -7.3966865366E-01  6.4533672882E-01
           HessRho_EigVec2 = -8.0561617759E-01  2.5758410361E-01  5.3351007861E-01
           HessRho_EigVec3 =  5.6084916438E-01  6.2172398407E-01  5.4672433863E-01
           DelSqRho = -2.4581526841E+01
           Bond Ellipticity = NA
           V = -6.1562967227E+00
           G =  5.4575062274E-03
           K =  6.1508392165E+00
           L =  6.1453817102E+00
           Vnuc =  4.6832968513E+01
           Ven = -2.0198266424E+01
           Vrep =  1.4041969701E+01
           DelSqV =  1.5750398085E+03
           DelSqVen =  1.1512258726E+03
           DelSqVrep =  4.2381393594E+02
           DelSqG =  1.1719338034E+02
           DelSqK = -1.6922331888E+03
           Stress_EigVals = -2.1155074848E+00 -2.1149539870E+00 -1.9258352510E+00
           Stress_EigVec1 =  7.8559202290E-01 -6.0857951519E-01 -1.1169667520E-01
           Stress_EigVec2 = -2.6251312678E-01 -4.9129393477E-01  8.3049209986E-01
           Stress_EigVec3 =  5.6029637856E-01  6.2310612527E-01  5.4571670748E-01
           -DivStress = -9.0010877454E+00 -1.0011218895E+01 -8.7258509700E+00
           ESP =  -1.0412001132E+00     ESP at Nucleus =  -1.0425837528E+00
           ESPe = -1.5791881686E+01     ESPe at Nucleus = -1.5709995902E+01
           ESPn =  1.4750681573E+01     ESPn at Nucleus =  1.4667412149E+01

CP# 8      Coords = -5.49968706735898E+00 -4.22651951355820E+00  3.34505848640077E+00
           Type = (3,-3) NACP H8
           Rho =  4.3165336383E-01     Rho at Nucleus =  4.2779735448E-01
           GradRho =  1.8476351701E-14 -7.1517210963E-15 -3.9599007125E-14
           HessRho_EigVals = -8.4494399306E+00 -8.4428038738E+00 -7.7030898203E+00
           HessRho_EigVec1 = -1.2965733094E-01  9.7156021895E-01 -1.9814065079E-01
           HessRho_EigVec2 =  8.8400557012E-01  2.0377587391E-01  4.2072502328E-01
           HessRho_EigVec3 = -4.4913598000E-01  1.2060735539E-01  8.8528568118E-01
           DelSqRho = -2.4595333625E+01
           Bond Ellipticity = NA
           V = -6.1599439041E+00
           G =  5.5552489611E-03
           K =  6.1543886551E+00
           L =  6.1488334061E+00
           Vnuc =  4.7280990914E+01
           Ven = -2.0408998773E+01
           Vrep =  1.4249054869E+01
           DelSqV =  1.5761572973E+03
           DelSqVen =  1.1628917456E+03
           DelSqVrep =  4.1326555167E+02
           DelSqG =  1.1722495360E+02
           DelSqK = -1.6933822509E+03
           Stress_EigVals = -2.1164094295E+00 -2.1157338244E+00 -1.9278006502E+00
           Stress_EigVec1 =  8.8456366621E-01 -8.2096931721E-02  4.5913746767E-01
           Stress_EigVec2 =  1.2725334788E-01  9.8952069981E-01 -6.8230272657E-02
           Stress_EigVec3 = -4.4872453228E-01  1.1878080002E-01  8.8574116743E-01
           -DivStress = -7.1807601194E+00  1.7912857451E+00  1.4185196501E+01
           ESP =  -1.0359084250E+00     ESP at Nucleus =  -1.0372899424E+00
           ESPe = -1.6131782942E+01     ESPe at Nucleus = -1.6053113303E+01
           ESPn =  1.5095874517E+01     ESPn at Nucleus =  1.5015823361E+01

CP# 9      Coords = -2.74738329887373E+00 -5.33531754612826E+00  1.85664851101931E+00
           Type = (3,-3) NACP H9
           Rho =  4.2577005622E-01     Rho at Nucleus =  4.2172963145E-01
           GradRho = -1.5342371470E-13  6.6067323053E-14 -2.5543550768E-14
           HessRho_EigVals = -8.3423279905E+00 -8.3338542165E+00 -7.5676493697E+00
           HessRho_EigVec1 =  4.2564590214E-01  8.0872919930E-01 -4.0593429049E-01
           HessRho_EigVec2 = -4.0672528589E-02 -4.3104878836E-01 -9.0141149730E-01
           HessRho_EigVec3 =  9.0397528252E-01 -4.0019248401E-01  1.5058108891E-01
           DelSqRho = -2.4243831577E+01
           Bond Ellipticity = NA
           V = -6.0713645295E+00
           G =  5.2033176692E-03
           K =  6.0661612118E+00
           L =  6.0609578942E+00
           Vnuc =  4.7357539084E+01
           Ven = -2.0163422078E+01
           Vrep =  1.4092057549E+01
           DelSqV =  1.5508087572E+03
           DelSqVen =  1.1481282014E+03
           DelSqVrep =  4.0268055574E+02
           DelSqG =  1.1548453714E+02
           DelSqK = -1.6662932943E+03
           Stress_EigVals = -2.0888193192E+00 -2.0886160883E+00 -1.8939291221E+00
           Stress_EigVec1 =  4.0853008006E-01  9.1249452900E-01 -2.1375411948E-02
           Stress_EigVec2 = -1.2918183654E-01  8.0986964088E-02  9.8830823368E-01
           Stress_EigVec3 =  9.0355698591E-01 -4.0099232686E-01  1.5096333001E-01
           -DivStress =  1.4754050039E+01 -6.4180358896E+00  2.4299947573E+00
           ESP =  -1.0506325386E+00     ESP at Nucleus =  -1.0520619152E+00
           ESPe = -1.7205641620E+01     ESPe at Nucleus = -1.7141455699E+01
           ESPn =  1.6155009081E+01     ESPn at Nucleus =  1.6089393784E+01

CP# 10     Coords = -2.85107119454941E+00  4.53421101956915E+00  2.83740343274089E-01
           Type = (3,-3) NACP C10
           Rho =  1.1939953624E+02     Rho at Nucleus =  1.1939953129E+02
           GradRho = -3.2140170733E-11 -5.6254603223E-11 -2.6865690255E-12
           HessRho_EigVals = -1.8105667150E+05 -1.8105305064E+05 -1.8105293218E+05
           HessRho_EigVec1 =  2.1324455332E-01  9.5505173617E-01  2.0591974584E-01
           HessRho_EigVec2 = -5.6521153657E-01 -5.1322174931E-02  8.2334801469E-01
           HessRho_EigVec3 =  7.9690820011E-01 -2.9196269557E-01  5.2886208503E-01
           DelSqRho = -5.4316265432E+05
           Bond Ellipticity = NA
           V = -1.3580434841E+05
           G =  6.8424132334E+00
           K =  1.3579750599E+05
           L =  1.3579066358E+05
           Vnuc =  8.1193096190E+05
           Ven = -9.6944180306E+07
           Vrep =  9.6808375958E+07
           DelSqV =  4.6024669933E+09
           DelSqVen =  4.4101057562E+11
           DelSqVrep = -4.3640810862E+11
           DelSqG =  2.0593092607E+08
           DelSqK = -4.8083979194E+09
           Stress_EigVals = -4.5268468192E+04 -4.5268434361E+04 -4.5267445853E+04
           Stress_EigVec1 =  8.1161023663E-01 -2.9570645545E-01  5.0383183306E-01
           Stress_EigVec2 = -5.4152545615E-01 -5.7242930359E-02  8.3873322771E-01
           Stress_EigVec3 =  2.1917801930E-01  9.5356223663E-01  2.0659152143E-01
           -DivStress =  4.1573249605E+03  1.0016178991E+04  2.1965185975E+03
           ESP =  -1.4632481889E+01     ESP at Nucleus =  -1.4632482013E+01
           ESPe = -3.1472883976E+01     ESPe at Nucleus = -3.1472873892E+01
           ESPn =  1.6840402087E+01     ESPn at Nucleus =  1.6840391879E+01

CP# 11     Coords = -4.66560213912496E+00  5.13555564739521E-01  3.31365275355634E+00
           Type = (3,-3) NACP H11
           Rho =  4.2272068044E-01     Rho at Nucleus =  4.1811882893E-01
           GradRho = -2.6000252298E-15  4.0733602675E-16 -1.5742700248E-16
           HessRho_EigVals = -8.2603925029E+00 -8.2481727156E+00 -7.4129493580E+00
           HessRho_EigVec1 = -1.6443514016E-01 -9.7562591914E-01  1.4531053155E-01
           HessRho_EigVec2 =  9.6649200265E-01 -1.2992165729E-01  2.2139008961E-01
           HessRho_EigVec3 = -1.9711492458E-01  1.7684577706E-01  9.6429833436E-01
           DelSqRho = -2.3921514577E+01
           Bond Ellipticity = NA
           V = -5.9898749997E+00
           G =  4.7481777829E-03
           K =  5.9851268219E+00
           L =  5.9803786441E+00
           Vnuc =  4.6497741470E+01
           Ven = -1.9655556913E+01
           Vrep =  1.3665681914E+01
           DelSqV =  1.5219075384E+03
           DelSqVen =  1.1122964004E+03
           DelSqVrep =  4.0961113800E+02
           DelSqG =  1.1327775114E+02
           DelSqK = -1.6351852895E+03
           Stress_EigVals = -2.0677397504E+00 -2.0676783482E+00 -1.8544569011E+00
           Stress_EigVec1 =  7.7929394056E-01  6.2506741031E-01  4.4628318182E-02
           Stress_EigVec2 =  5.9486018511E-01 -7.6026970072E-01  2.6101981215E-01
           Stress_EigVec3 = -1.9708453613E-01  1.7686354836E-01  9.6430128636E-01
           -DivStress = -3.3604622075E+00  3.0550873080E+00  1.6645908435E+01
           ESP =  -9.6886158718E-01     ESP at Nucleus =  -9.7057944835E-01
           ESPe = -1.8438858931E+01     ESPe at Nucleus = -1.8332926928E+01
           ESPn =  1.7469997344E+01     ESPn at Nucleus =  1.7362347480E+01

CP# 12     Coords = -2.24905654992789E+00  1.65089323245190E+00 -4.11606774722649E+00
           Type = (3,-3) NACP H12
           Rho =  4.2203010653E-01     Rho at Nucleus =  4.1757404778E-01
           GradRho = -4.0528669830E-14 -4.7488109365E-14  7.9860773485E-14
           HessRho_EigVals = -8.2583815898E+00 -8.2470474809E+00 -7.4350215717E+00
           HessRho_EigVec1 =  1.4308554362E-02 -8.6255311097E-01 -5.0576417038E-01
           HessRho_EigVec2 =  9.2399775188E-01 -1.8190108191E-01  3.3636312360E-01
           HessRho_EigVec3 = -3.8213010845E-01 -4.7213782645E-01  7.9439439389E-01
           DelSqRho = -2.3940450642E+01
           Bond Ellipticity = NA
           V = -5.9957684396E+00
           G =  5.3278894722E-03
           K =  5.9904405501E+00
           L =  5.9851126606E+00
           Vnuc =  4.7176729898E+01
           Ven = -1.9910000345E+01
           Vrep =  1.3914231905E+01
           DelSqV =  1.5255924926E+03
           DelSqVen =  1.1294321736E+03
           DelSqVrep =  3.9616031904E+02
           DelSqG =  1.1364875902E+02
           DelSqK = -1.6392412516E+03
           Stress_EigVals = -2.0682306943E+00 -2.0675922735E+00 -1.8599454718E+00
           Stress_EigVec1 =  9.2385950313E-01 -1.9899934481E-01  3.2692947136E-01
           Stress_EigVec2 = -4.0140734964E-03 -8.5919092033E-01 -5.1163937460E-01
           Stress_EigVec3 = -3.8271073371E-01 -4.7137057947E-01  7.9457049474E-01
           -DivStress =  6.5826997984E+00  7.9617655396E+00 -1.3483844134E+01
           ESP =  -1.0190928858E+00     ESP at Nucleus =  -1.0207431523E+00
           ESPe = -1.8676038236E+01     ESPe at Nucleus = -1.8578300474E+01
           ESPn =  1.7656945350E+01     ESPn at Nucleus =  1.7557557322E+01

CP# 13     Coords = -3.31175961206703E+00 -3.37326746226433E+00 -3.44092694113291E+00
           Type = (3,-3) NACP H13
           Rho =  4.2282417587E-01     Rho at Nucleus =  4.1842793376E-01
           GradRho = -6.5106340458E-15  2.9009618058E-14  2.2202942609E-14
           HessRho_EigVals = -8.2765026661E+00 -8.2642825934E+00 -7.4616707635E+00
           HessRho_EigVec1 =  2.9995095584E-01  6.3028038508E-01 -7.1608383607E-01
           HessRho_EigVec2 =  9.4517442849E-01 -9.4744063349E-02  3.1252017886E-01
           HessRho_EigVec3 = -1.2913064635E-01  7.7056485687E-01  6.2414347511E-01
           DelSqRho = -2.4002456023E+01
           Bond Ellipticity = NA
           V = -6.0117043119E+00
           G =  5.5451530806E-03
           K =  6.0061591588E+00
           L =  6.0006140058E+00
           Vnuc =  4.6552334251E+01
           Ven = -1.9683452364E+01
           Vrep =  1.3671748053E+01
           DelSqV =  1.5305681513E+03
           DelSqVen =  1.1173703556E+03
           DelSqVrep =  4.1319779569E+02
           DelSqG =  1.1402423138E+02
           DelSqK = -1.6445923827E+03
           Stress_EigVals = -2.0729622114E+00 -2.0721241348E+00 -1.8666179657E+00
           Stress_EigVec1 =  9.3204671928E-01 -1.2099317387E-01  3.4153999027E-01
           Stress_EigVec2 = -3.3859791283E-01 -6.2641956479E-01  7.0210396828E-01
           Stress_EigVec3 = -1.2899754455E-01  7.7003842809E-01  6.2482033639E-01
           -DivStress =  2.2507215055E+00 -1.2983910192E+01 -1.0569421088E+01
           ESP =  -1.0155532130E+00     ESP at Nucleus =  -1.0171823741E+00
           ESPe = -1.7805782069E+01     ESPe at Nucleus = -1.7705483681E+01
           ESPn =  1.6790228856E+01     ESPn at Nucleus =  1.6688301306E+01

CP# 14     Coords = -6.60047433966035E-02  4.73860153029265E+00  1.00174705425787E+00
           Type = (3,-3) NACP C14
           Rho =  1.1937231631E+02     Rho at Nucleus =  1.1937231539E+02
           GradRho = -8.3458760736E-13 -1.0521142985E-11 -1.1519611653E-11
           HessRho_EigVals = -1.8100673968E+05 -1.8100550554E+05 -1.8100509637E+05
           HessRho_EigVec1 =  9.3304273702E-01  1.5917328315E-01  3.2263774859E-01
           HessRho_EigVec2 = -5.2237332668E-02  9.4723580360E-01 -3.1625242048E-01
           HessRho_EigVec3 = -3.5595296313E-01  2.7822328859E-01  8.9212627454E-01
           DelSqRho = -5.4301734160E+05
           Bond Ellipticity = NA
           V = -1.3576859764E+05
           G =  7.1311204811E+00
           K =  1.3576146652E+05
           L =  1.3575433540E+05
           Vnuc =  1.8748811614E+06
           Ven = -2.2380890705E+08
           Vrep =  2.2367313845E+08
           DelSqV =  4.6012411220E+09
           DelSqVen =  1.0180929946E+12
           DelSqVrep = -1.0134917493E+12
           DelSqG =  2.0586844036E+08
           DelSqK = -4.8071095623E+09
           Stress_EigVals = -4.5256378411E+04 -4.5256272250E+04 -4.5255946979E+04
           Stress_EigVec1 = -3.5442811873E-01  2.8551880367E-01  8.9042670749E-01
           Stress_EigVec2 = -5.0857284600E-02  9.4494786013E-01 -3.2324461052E-01
           Stress_EigVec3 =  9.3369922633E-01  1.5985166368E-01  3.2039538131E-01
           -DivStress =  4.6579595533E+03 -1.1085332968E+03 -2.2011560432E+01
           ESP =  -1.4726534541E+01     ESP at Nucleus =  -1.4726534562E+01
           ESPe = -3.0905641231E+01     ESPe at Nucleus = -3.0905640222E+01
           ESPn =  1.6179106690E+01     ESPn at Nucleus =  1.6179105660E+01

CP# 15     Coords = -4.08018056936135E+00  5.15217379941465E+00  1.78078404806956E+00
           Type = (3,-3) NACP H15
           Rho =  4.3662795990E-01     Rho at Nucleus =  4.3286851532E-01
           GradRho =  4.8563507618E-09 -2.7492158460E-09 -5.9446525475E-09
           HessRho_EigVals = -8.5521265607E+00 -8.5456760776E+00 -7.8147578347E+00
           HessRho_EigVec1 =  5.8451831276E-01  8.0300228383E-01  1.1629993209E-01
           HessRho_EigVec2 =  5.4815897493E-01 -4.9649452485E-01  6.7306383427E-01
           HessRho_EigVec3 = -5.9821407561E-01  3.2966728523E-01  7.3038305073E-01
           DelSqRho = -2.4912560473E+01
           Bond Ellipticity = NA
           V = -6.2392865813E+00
           G =  5.5732315395E-03
           K =  6.2337133498E+00
           L =  6.2281401182E+00
           Vnuc =  4.9103544272E+01
           Ven = -2.1439980359E+01
           Vrep =  1.5200693778E+01
           DelSqV =  1.5982409801E+03
           DelSqVen =  1.2232950336E+03
           DelSqVrep =  3.7494594645E+02
           DelSqG =  1.1888668635E+02
           DelSqK = -1.7171276664E+03
           Stress_EigVals = -2.1421326132E+00 -2.1411966166E+00 -1.9559573515E+00
           Stress_EigVec1 =  7.8600909755E-01  5.9965941809E-02  6.1529975165E-01
           Stress_EigVec2 = -1.6011654957E-01 -9.4157676230E-01  2.9630371453E-01
