AIMSum (Version 17.11.14, Professional)
Copyright (c) 1997-2017 by Todd A. Keith
AIMSum is a component of the AIMAll package ( http://aim.tkgristmill.com )

TP:  64-bit Linux

Much of the Quantum Theory of Atoms in Molecules (QTAIM) is described in the book:
  "Atoms in Molecules - A Quantum Theory"
  R.F.W. Bader, Oxford University Press, Oxford, 1990

For additional references see:  http://aim.tkgristmill.com/references.html

Wfn File:  /home/localuser/Desktop/AIMAll/emimbf4/wfn/420.wfn
Sum File:  /home/localuser/Desktop/AIMAll/emimbf4/wfn/420.sum

SumViz File:  /home/localuser/Desktop/AIMAll/emimbf4/wfn/420.sumviz

Wfn Title:  B3LYP                                                                          
 
Total memory allocated for AIMSum =        1.391 Megabytes

Atomic units (a.u.) used throughout, except where stated otherwise

Model:  Restricted SCF
 
Restricted, closed-shell, single-determinant wavefunction.
  Number of electrons (from MO Occs)                   =         102.0000000000
  Number of Alpha electrons (from MO Occs)             =          51.0000000000
  Number of Beta electrons (from MO Occs)              =          51.0000000000
  Number of electron pairs (N*(N-1)/2)                 =        5151.0000000000
  Number of electron pairs (from Muller 2EDM)          =        5151.0000000000
 
Nuclear Charges and Cartesian Coordinates:
-------------------------------------------------------------------------------
Atom      Charge                X                  Y                  Z
-------------------------------------------------------------------------------
C1         6.0          -3.0884873900E+00   6.7381906000E-01  -2.5331614600E+00
C2         6.0          -3.6184219100E+00  -1.8185514500E+00  -2.2196207100E+00
N3         7.0          -3.6537087500E+00   1.8783935400E+00  -2.9494139000E-01
N4         7.0          -4.3459312000E+00  -2.1272017800E+00   2.6874685000E-01
C5         6.0          -4.3259333500E+00   1.3108567000E-01   1.3984473400E+00
C6         6.0          -4.6410104900E+00  -4.5600152800E+00   1.5522930600E+00
H7         1.0          -5.7479703600E+00  -5.8245180000E+00   3.6456769000E-01
H8         1.0          -5.6246279800E+00  -4.2661144800E+00   3.3348476500E+00
H9         1.0          -2.7710057700E+00  -5.3535176900E+00   1.9018679500E+00
C10        6.0          -2.9533065600E+00   4.5181458600E+00   3.1450193000E-01
H11        1.0          -4.7306079800E+00   4.7732356000E-01   3.3610003300E+00
H12        1.0          -2.3577616100E+00   1.6807320700E+00  -4.1408841100E+00
H13        1.0          -3.3893302900E+00  -3.3965435100E+00  -3.4797453000E+00
C14        6.0          -1.5381118000E-01   4.7405474300E+00   9.6771942000E-01
H15        1.0          -4.1693941400E+00   5.1074290500E+00   1.8735372100E+00
H16        1.0          -3.4566772200E+00   5.6517399600E+00  -1.3328654400E+00
H17        1.0           3.1681280000E-01   3.6207340400E+00   2.6336932600E+00
H18        1.0           2.8605670000E-01   6.7219411300E+00   1.3477597600E+00
H19        1.0           1.0531846100E+00   4.0634978300E+00  -5.6217188000E-01
B20        5.0           4.3229290400E+00  -5.8157180000E-01   1.4087000000E-02
F21        9.0           1.8128500500E+00  -1.3103924400E+00   9.1908000000E-01
F22        9.0           5.5454205900E+00   7.4083725000E-01   1.9432822300E+00
F23        9.0           5.6321456400E+00  -2.7351659000E+00  -7.1814128000E-01
F24        9.0           3.8862365500E+00   1.0475482200E+00  -2.0859808500E+00
 
Some Atomic Properties:
----------------------
  q(A) = Net Charge of Atom A
  L(A) = Lagrangian of Atom A = -(1/4) Times Atomic Integral of the Laplacian of the Electron Density
  K(A) = Electronic Kinetic Energy of Atom A (Hamiltonian Form)
  K_Scaled(A) = K(A) * E(Mol)/K(Mol) = Approximation to Virial-Based Total Energy of Atom A.
  |Mu_Intra(A)| = Magnitude of Intraatomic Dipole Moment of Atom A
--------------------------------------------------------------------------------------------------
Atom A          q(A)              L(A)              K(A)          K_Scaled(A)      |Mu_Intra(A)|
--------------------------------------------------------------------------------------------------
C1        5.5702027770E-01  2.1686864124E-04  3.7456570457E+01 -3.7499295295E+01  7.8232572744E-01
C2        5.3055995350E-01  3.4580362662E-04  3.7462486016E+01 -3.7505217601E+01  7.8794102485E-01
N3       -1.5525138072E+00 -1.1450746828E-04  5.5396185966E+01 -5.5459373625E+01  1.7182524781E-01
N4       -1.5564748156E+00  2.6484122734E-04  5.5390907020E+01 -5.5454088658E+01  1.7334052902E-01
C5        1.3460519894E+00  2.2991815968E-04  3.6960104487E+01 -3.7002263030E+01  8.8498611444E-01
C6        5.1593862330E-01 -4.2216593794E-05  3.7440981829E+01 -3.7483688884E+01  6.1756070179E-01
H7        3.0086446510E-02  2.2884024405E-05  6.1008326087E-01 -6.1077915234E-01  1.2076231432E-01
H8        2.1032752730E-02  2.5978688011E-05  6.1379901180E-01 -6.1449914164E-01  1.1972074498E-01
H9        7.8693279000E-02  3.2459487956E-05  5.8903022905E-01 -5.8970210638E-01  1.1794073557E-01
C10       4.6091492740E-01  3.5708081346E-04  3.7476516385E+01 -3.7519263974E+01  6.2699572414E-01
H11       1.3490059203E-01  2.0816138054E-05  5.6199747862E-01 -5.6263852104E-01  1.1233381717E-01
H12       1.1937778426E-01  2.5671988521E-05  5.6677246789E-01 -5.6741895690E-01  1.1381311356E-01
H13       1.0760326874E-01  2.1333539646E-05  5.7124736872E-01 -5.7189896203E-01  1.1479605115E-01
C14       1.3607703430E-01 -3.8562475422E-04  3.7690382364E+01 -3.7733373898E+01  1.7238295969E-01
H15      -6.5214680000E-03  2.8258645845E-05  6.3100643766E-01 -6.3172619515E-01  1.2294744425E-01
H16       9.5000637400E-03  2.4308176471E-05  6.2434678291E-01 -6.2505894407E-01  1.2279362479E-01
H17       1.4705375510E-02  2.5745513892E-05  6.1243225976E-01 -6.1313083061E-01  1.2428328717E-01
H18      -2.2561719900E-02  2.0554587206E-05  6.2442943079E-01 -6.2514168622E-01  1.2634879196E-01
H19       7.8206536170E-02  1.7935259974E-05  5.8796784824E-01 -5.8863851377E-01  1.0399981083E-01
B20       2.5163526907E+00  2.0807166141E-04  2.3291095141E+01 -2.3317662129E+01  5.1440061207E-03
F21      -8.9064369450E-01  4.7884780130E-05  9.9799547607E+01 -9.9913383961E+01  2.1796749331E-01
F22      -8.7350504570E-01  3.6226890124E-05  9.9849385202E+01 -9.9963278403E+01  3.0670940488E-01
F23      -8.7128966830E-01  1.9700233955E-05  9.9853096494E+01 -9.9966993929E+01  3.1609194841E-01
F24      -8.8231692630E-01  5.1300503503E-05  9.9833217267E+01 -9.9947092026E+01  2.6735788915E-01
--------------------------------------------------------------------------------------------------
Total     1.1944494900E-03  1.5012937711E-03  7.6449358881E+02 -7.6536560842E+02
 
1st Largest |L(A)| = 3.8562475422E-04, atom C14     
2nd Largest |L(A)| = 3.5708081346E-04, atom C10     
 
Molecular charge q(Mol) from the wfn file:   0.0000000000E+00
Molecular energy E(Mol) from the wfn file:  -7.6755075532E+02
Molecular virial ratio (-V(Mol)/T(Mol)) from the wfn file:   2.0011406500E+00
Note.  K_Scaled(A) = (1+V(Mol)/T(Mol))*K(A) = (E(Mol)/T(Mol))*K(A)
       Only use K_Scaled(A) data with caution.
 
N_AIMInt(SumA)     =        101.998806
N_Analytic(Mol)    =        102.000000
 
G_AIMInt(SumA)     =        764.492088
G_Analytic(Mol)    =        764.492922
 
K_AIMInt(SumA)     =        764.493589
K_Analytic(Mol)    =        764.492922
 
L_AIMInt(SumA)     =          0.001501
L_Analytic(Mol)    =          0.000000
 
VenT_AIMInt(SumA)  =      -3528.326679
VenT_Analytic(Mol) =      -3528.339342
 
Some Information About the Atomic Calculations:
----------------------------------------------
  Time(sec) = "Elapsed User Time", in Seconds, for Atom A by AIMInt and, if used, by TWOe
  NProc = Number of Processors Used for AIMInt Job
  BIM = Basin Integration Method
  OAQ = Angular Quadrature Outside of Beta Sphere
  ORQ = Multiple of Default for Radial Quadrature Outside of Beta Sphere
  IAQ = Multiple of Default for Angular Quadrature Inside of Beta Sphere
  IRQ = Multiple of Default for Radial Quadrature Inside of Beta Sphere
  MIR = Maximum Integration Radius
------------------------------------------------------------------------------------------------------
Atom A     Time(sec)   NProc      BIM          OAQ                     ORQ      IAQ      IRQ      MIR
------------------------------------------------------------------------------------------------------
C1            201        4    Promega(1)    4500(GS4)                  1.00     1.00     1.00    13.00
C2            183        4    Promega(1)    4500(GS4)                  1.00     1.00     1.00    13.00
N3             59        4     Proaim(5)    4500(GS4)                  1.00     1.00     1.00    13.00
N4            137        4    Promega(1)    4500(GS4)                  1.00     1.00     1.00    13.00
C5            159        4    Promega(1)    4500(GS4)                  1.00     1.00     1.00    13.00
C6             51        4     Proaim(5)    4500(GS4)                  1.00     1.00     1.00    13.00
H7             10        4     Proaim(5)    1800(GS4)                  1.00     1.00     1.00    13.00
H8             12        4     Proaim(5)    1800(GS4)                  1.00     1.00     1.00    13.00
H9             13        4     Proaim(5)    1800(GS4)                  1.00     1.00     1.00    13.00
C10            52        4     Proaim(5)    4500(GS4)                  1.00     1.00     1.00    13.00
H11            12        4     Proaim(5)    1800(GS4)                  1.00     1.00     1.00    13.00
H12            12        4     Proaim(5)    1800(GS4)                  1.00     1.00     1.00    13.00
H13            11        4     Proaim(5)    1800(GS4)                  1.00     1.00     1.00    13.00
C14            50        4     Proaim(5)    4500(GS4)                  1.00     1.00     1.00    13.00
H15            12        4     Proaim(5)    1800(GS4)                  1.00     1.00     1.00    13.00
H16             9        4     Proaim(5)    1800(GS4)                  1.00     1.00     1.00    13.00
H17            29        4     Proaim(5)    4500(GS4)                  1.00     1.00     1.00    13.00
H18            11        4     Proaim(5)    1800(GS4)                  1.00     1.00     1.00    13.00
H19            23        4     Proaim(5)    4500(GS4)                  1.00     1.00     1.00    13.00
B20            94        4     Proaim(5)    4500(GS4)                  1.00     1.00     1.00    13.00
F21           138        4    Promega(1)    4500(GS4)                  1.00     1.00     1.00    13.00
F22            26        4     Proaim(5)    2700(GS4)                  1.00     1.00     1.00    13.00
F23            24        4     Proaim(5)    2700(GS4)                  1.00     1.00     1.00    13.00
F24            44        4     Proaim(5)    4500(GS4)                  1.00     1.00     1.00    13.00
------------------------------------------------------------------------------------------------------
Total        1372
Note:  Total wall clock time is less than total of atomic times if more than one atom
       was calculated at a time
 
Electron Density Critical Point Analysis of Molecular Structure:               
---------------------------------------------------------------                
  NACP = Nuclear Attractor Critical Point                                      
  NNACP = Non-Nuclear Attractor Critical Point                                 
  BCP = Bond Critical Point                                                    
  RCP = Ring Critical Point                                                    
  CCP = Cage Critical Point                                                    
  Rho = Electron Density                                                       
  GradRho = Gradient of Electron Density                                       
  HessRho_EigVals = Eigenvalues of the Hessian of Rho, Ascending Order         
  HessRho_EigVecs = Eigenvectors of the Hessian of Rho                         
  DelSqRho = Laplacian of Rho = Trace of Hessian of Rho                        
  Bond Ellipticity = (HessRho_EigVal(1) / HessRho_EigVal(2)) - 1               
  V = Virial Field = Potential Energy Density = Trace of Stress Tensor         
  G = Lagrangian Form of Kinetic Energy Density                                
  K = Hamiltonian Form of Kinetic Energy Density                               
  L = K - G = Lagrangian Density = (-1/4)DelSqRho                              
  Vnuc = Electrostatic Potential from Nuclei                                   
  Ven = Electron-nuclear attractive contribution to Virial Field V             
  Vrep = V - Ven = Repulsive contribution to Virial Field V                    
  DelSqV = Laplacian of V                                                      
  DelSqVen = Laplacian of Ven                                                  
  DelSqVrep = Laplacian of Vrep                                                
  DelSqG = Laplacian of G                                                      
  DelSqK = Laplacian of K                                                      
  Stress_EigVals = Eigenvalues of Stress Tensor, Ascending Order               
  Stress_EigVecs = Eigenvectors of Stress Tensor                               
  -DivStress = Ehrenfest Force Density = Minus Divergence of Stress Tensor     
  ESP = Total Electrostatic Potential                                          
  ESPe = Electrostatic Potential from Electrons                                
  ESPn = Electrostatic Potential from Nuclei                                   
  BP = Bond Path                                                               
  BPL = Bond Path Length                                                       
  GBL = Geometric Bond Length                                                  
  GBL_I = Distance Between Nuclear Attractors                                  
  GBL_II = Distance Between Nuclei                                             
  GBL_III = Sum of Distances Between BCP and Nuclear Attractors                
  GBL_IV = Sum of Distances Between BCP and Nuclei                             

CP# 1      Coords = -3.08848936521163E+00  6.73822508014399E-01 -2.53315762587517E+00
           Type = (3,-3) NACP C1
           Rho =  1.1951882177E+02     Rho at Nucleus =  1.1951881901E+02
           GradRho =  3.6946251614E-11 -3.2592019361E-12 -2.2167455371E-11
           HessRho_EigVals = -1.8123403999E+05 -1.8123394790E+05 -1.8123144263E+05
           HessRho_EigVec1 =  5.6618562664E-01 -5.5026288736E-01 -6.1371376958E-01
           HessRho_EigVec2 =  7.8526884313E-01  1.3374565792E-01  6.0453696579E-01
           HessRho_EigVec3 =  2.5057270442E-01  8.2421044266E-01 -5.0782917011E-01
           DelSqRho = -5.4369943052E+05
           Bond Ellipticity = NA
           V = -1.3593894042E+05
           G =  7.0413969427E+00
           K =  1.3593189903E+05
           L =  1.3592485763E+05
           Vnuc =  1.0866118061E+06
           Ven = -1.2987056279E+08
           Vrep =  1.2973462385E+08
           DelSqV =  4.6069976842E+09
           DelSqVen =  5.9079021850E+11
           DelSqVrep = -5.8618322081E+11
           DelSqG =  2.0613285471E+08
           DelSqK = -4.8131305389E+09
           Stress_EigVals = -4.5313564011E+04 -4.5312799630E+04 -4.5312576783E+04
           Stress_EigVec1 =  2.7063984384E-01  8.1852877752E-01 -5.0671956277E-01
           Stress_EigVec2 = -1.1905312937E-01  5.5078035351E-01  8.2611582394E-01
           Stress_EigVec3 =  9.5529075538E-01 -1.6325330793E-01  2.4651152131E-01
           -DivStress =  2.9610549936E+03 -5.1694909030E+03 -5.7451370768E+03
           ESP =  -1.4632615285E+01     ESP at Nucleus =  -1.4632615362E+01
           ESPe = -3.3192492586E+01     ESPe at Nucleus = -3.3192486723E+01
           ESPn =  1.8559877301E+01     ESPn at Nucleus =  1.8559871361E+01

CP# 2      Coords = -3.61842417657744E+00 -1.81855317851180E+00 -2.21961585642517E+00
           Type = (3,-3) NACP C2
           Rho =  1.1950138252E+02     Rho at Nucleus =  1.1950137965E+02
           GradRho =  4.0146691527E-11 -9.0313594277E-12 -2.1150562204E-11
           HessRho_EigVals = -1.8120725945E+05 -1.8120679173E+05 -1.8120461627E+05
           HessRho_EigVec1 = -3.6075244148E-01 -2.0200422671E-01  9.1052290930E-01
           HessRho_EigVec2 =  9.2862044352E-01 -1.6857893340E-01  3.3052263930E-01
           HessRho_EigVec3 =  8.6728010719E-02  9.6476703696E-01  2.4840051641E-01
           DelSqRho = -5.4361866744E+05
           Bond Ellipticity = NA
           V = -1.3591878478E+05
           G =  7.0589579825E+00
           K =  1.3591172582E+05
           L =  1.3590466686E+05
           Vnuc =  1.0659826505E+06
           Ven = -1.2738640048E+08
           Vrep =  1.2725048169E+08
           DelSqV =  4.6063164986E+09
           DelSqVen =  5.7948807270E+11
           DelSqVrep = -5.7488175621E+11
           DelSqG =  2.0610174125E+08
           DelSqK = -4.8124182398E+09
           Stress_EigVals = -4.5306824861E+04 -4.5306036204E+04 -4.5305923712E+04
           Stress_EigVec1 =  7.4155218866E-02  9.6425856860E-01  2.5437455924E-01
           Stress_EigVec2 = -2.4097551348E-01 -2.3019166755E-01  9.4283752476E-01
           Stress_EigVec3 =  9.6769406602E-01 -1.3121436303E-01  2.1529279021E-01
           -DivStress =  3.3971970149E+03  2.5920089032E+03 -7.2726325987E+03
           ESP =  -1.4632477889E+01     ESP at Nucleus =  -1.4632477969E+01
           ESPe = -3.2646861221E+01     ESPe at Nucleus = -3.2646855957E+01
           ESPn =  1.8014383332E+01     ESPn at Nucleus =  1.8014377988E+01

CP# 3      Coords = -3.65370814317534E+00  1.87839174643939E+00 -2.94940577638337E-01
           Type = (3,-3) NACP N3
           Rho =  1.9377870870E+02     Rho at Nucleus =  1.9377870784E+02
           GradRho =  7.7494177741E-11 -3.9920865225E-11 -9.2088316139E-12
           HessRho_EigVals = -4.0301735743E+05 -4.0301589807E+05 -4.0301126994E+05
           HessRho_EigVec1 = -3.5593643806E-01 -3.2099008162E-01  8.7765290381E-01
           HessRho_EigVec2 =  1.7930850337E-01  8.9824987536E-01  4.0124259748E-01
           HessRho_EigVec3 =  9.1714650557E-01 -3.0018748960E-01  2.6216360999E-01
           DelSqRho = -1.2090445254E+06
           Bond Ellipticity = NA
           V = -3.0230872904E+05
           G =  2.3798839504E+01
           K =  3.0228493020E+05
           L =  3.0226113136E+05
           Vnuc =  3.3975061367E+06
           Ven = -6.5836435198E+08
           Vrep =  6.5806204325E+08
           DelSqV =  1.4117920409E+10
           DelSqVen =  4.1077360886E+12
           DelSqVrep = -4.0936181846E+12
           DelSqG =  6.2873446268E+08
           DelSqK = -1.4746654872E+10
           Stress_EigVals = -1.0077018919E+05 -1.0076945669E+05 -1.0076908316E+05
           Stress_EigVec1 =  9.0647234278E-01 -3.3736923546E-01  2.5394859861E-01
           Stress_EigVec2 =  2.3166184911E-01  9.0013470879E-01  3.6890417956E-01
           Stress_EigVec3 = -3.5304486888E-01 -2.7557123397E-01  8.9410279922E-01
           -DivStress = -2.7867254123E+03  8.2383712886E+03 -3.7325607542E+03
           ESP =  -1.8212494813E+01     ESP at Nucleus =  -1.8212494826E+01
           ESPe = -3.7402756275E+01     ESPe at Nucleus = -3.7402753626E+01
           ESPn =  1.9190261462E+01     ESPn at Nucleus =  1.9190258800E+01

CP# 4      Coords = -4.34593088906104E+00 -2.12720095673560E+00  2.68747363725748E-01
           Type = (3,-3) NACP N4
           Rho =  1.9373781415E+02     Rho at Nucleus =  1.9373781394E+02
           GradRho =  4.6839067173E-10  1.2373133527E-09  7.5442098228E-10
           HessRho_EigVals = -4.0293114830E+05 -4.0293037592E+05 -4.0292472274E+05
           HessRho_EigVec1 = -1.2302531606E-01  7.6663989713E-01  6.3018095794E-01
           HessRho_EigVec2 = -1.1519941006E-01 -6.4174407871E-01  7.5821740507E-01
           HessRho_EigVec3 =  9.8569461170E-01  2.0683461315E-02  1.6726723199E-01
           DelSqRho = -1.2087862469E+06
           Bond Ellipticity = NA
           V = -3.0224425174E+05
           G =  2.3845002040E+01
           K =  3.0222040674E+05
           L =  3.0219656174E+05
           Vnuc =  6.8694967844E+06
           Ven = -1.3308812913E+09
           Vrep =  1.3305790470E+09
           DelSqV =  1.4114920855E+10
           DelSqVen =  8.3037536911E+12
           DelSqVrep = -8.2896388358E+12
           DelSqG =  6.2859869727E+08
           DelSqK = -1.4743519552E+10
           Stress_EigVals = -1.0074880770E+05 -1.0074781967E+05 -1.0074762438E+05
           Stress_EigVec1 =  9.8805753066E-01  5.7598822049E-02  1.4291498103E-01
           Stress_EigVec2 =  5.5242763989E-02  7.3342779330E-01 -6.7751893630E-01
           Stress_EigVec3 = -1.4384211181E-01  6.7732270575E-01  7.2148693623E-01
           -DivStress = -1.4255030200E+03 -3.7817029132E+03 -2.3601642065E+03
           ESP =  -1.8204711995E+01     ESP at Nucleus =  -1.8204711998E+01
           ESPe = -3.6599068173E+01     ESPe at Nucleus = -3.6599067063E+01
           ESPn =  1.8394356178E+01     ESPn at Nucleus =  1.8394355064E+01

CP# 5      Coords = -4.32593359843654E+00  1.31085025161685E-01  1.39844383559629E+00
           Type = (3,-3) NACP C5
           Rho =  1.1954556266E+02     Rho at Nucleus =  1.1954556150E+02
           GradRho =  7.4763389923E-12 -1.4987646541E-12  1.0090412880E-11
           HessRho_EigVals = -1.8127662718E+05 -1.8127540440E+05 -1.8127385550E+05
           HessRho_EigVec1 =  9.3735685323E-01 -1.8672657319E-01  2.9410086120E-01
           HessRho_EigVec2 =  2.2102460178E-01  9.7131198876E-01 -8.7756172992E-02
           HessRho_EigVec3 = -2.6927728293E-01  1.4726237590E-01  9.5173711577E-01
           DelSqRho = -5.4382588708E+05
           Bond Ellipticity = NA
           V = -1.3597027005E+05
           G =  6.8991395454E+00
           K =  1.3596337091E+05
           L =  1.3595647177E+05
           Vnuc =  1.6798028474E+06
           Ven = -2.0081297655E+08
           Vrep =  2.0067700628E+08
           DelSqV =  4.6080624274E+09
           DelSqVen =  9.1352025498E+11
           DelSqVrep = -9.0891219255E+11
           DelSqG =  2.0618217809E+08
           DelSqK = -4.8142446055E+09
           Stress_EigVals = -4.5323905241E+04 -4.5323488054E+04 -4.5322876755E+04
           Stress_EigVec1 = -2.5458212200E-01  1.4450712379E-01  9.5619330385E-01
           Stress_EigVec2 =  1.9168843965E-01  9.7669337880E-01 -9.6569073322E-02
           Stress_EigVec3 =  9.4786258775E-01 -1.5870644281E-01  2.7634901800E-01
           -DivStress =  3.7326324861E+02  9.6652866661E+02  5.2531471975E+03
           ESP =  -1.4560130371E+01     ESP at Nucleus =  -1.4560130390E+01
           ESPe = -3.3405528909E+01     ESPe at Nucleus = -3.3405522719E+01
           ESPn =  1.8845398538E+01     ESPn at Nucleus =  1.8845392328E+01

CP# 6      Coords = -4.64101061422474E+00 -4.56000901544693E+00  1.55228997886437E+00
           Type = (3,-3) NACP C6
           Rho =  1.1937556155E+02     Rho at Nucleus =  1.1937555713E+02
           GradRho = -4.5837228978E-11 -3.5378757378E-11  1.2362573476E-11
           HessRho_EigVals = -1.8101590635E+05 -1.8101255993E+05 -1.8101233551E+05
           HessRho_EigVec1 =  1.2213857543E-01  8.7431633710E-01 -4.6973727878E-01
           HessRho_EigVec2 = -2.8639477008E-02  4.7618828713E-01  8.7887683754E-01
           HessRho_EigVec3 =  9.9209976754E-01 -9.3891734921E-02  8.3200921661E-02
           DelSqRho = -5.4304080178E+05
           Bond Ellipticity = NA
           V = -1.3577417421E+05
           G =  6.9868814247E+00
           K =  1.3576718733E+05
           L =  1.3576020044E+05
           Vnuc =  8.5932223523E+05
           Ven = -1.0258207438E+08
           Vrep =  1.0244630021E+08
           DelSqV =  4.6014378337E+09
           DelSqVen =  4.6664703514E+11
           DelSqVrep = -4.6204559743E+11
           DelSqG =  2.0588021239E+08
           DelSqK = -4.8073180461E+09
           Stress_EigVals = -4.5258396749E+04 -4.5258339997E+04 -4.5257437462E+04
           Stress_EigVec1 =  9.9253088434E-01 -8.7722157716E-02  8.4777748721E-02
           Stress_EigVec2 = -3.2971152554E-02  4.7618211988E-01  8.7872833789E-01
           Stress_EigVec3 =  1.1745359395E-01  8.7496023439E-01 -4.6973315990E-01
           -DivStress =  1.8648579009E+02 -9.3765060467E+03  4.6116369866E+03
           ESP =  -1.4624226022E+01     ESP at Nucleus =  -1.4624226128E+01
           ESPe = -2.9449406594E+01     ESPe at Nucleus = -2.9449394045E+01
           ESPn =  1.4825180572E+01     ESPn at Nucleus =  1.4825167917E+01

CP# 7      Coords = -5.73120612146746E+00 -5.80479821978015E+00  3.82003973065982E-01
           Type = (3,-3) NACP H7
           Rho =  4.3116161607E-01     Rho at Nucleus =  4.2727610918E-01
           GradRho =  9.9752823189E-13  1.1768920392E-12  1.0411791871E-12
           HessRho_EigVals = -8.4438951245E+00 -8.4362556225E+00 -7.6910903965E+00
           HessRho_EigVec1 =  1.8628172535E-01 -7.3792762553E-01  6.4866165162E-01
           HessRho_EigVec2 = -8.2283749990E-01  2.4359565758E-01  5.1341952083E-01
           HessRho_EigVec3 =  5.3687760948E-01  6.2938380587E-01  5.6181710312E-01
           DelSqRho = -2.4571241143E+01
           Bond Ellipticity = NA
           V = -6.1537202330E+00
           G =  5.4549735796E-03
           K =  6.1482652594E+00
           L =  6.1428102859E+00
           Vnuc =  4.6754238788E+01
           Ven = -2.0158633154E+01
           Vrep =  1.4004912921E+01
           DelSqV =  1.5742473756E+03
           DelSqVen =  1.1488096757E+03
           DelSqVrep =  4.2543769986E+02
           DelSqG =  1.1712904137E+02
           DelSqK = -1.6913764170E+03
           Stress_EigVals = -2.1147394313E+00 -2.1141727862E+00 -1.9248080154E+00
           Stress_EigVec1 =  8.0050674017E-01 -5.9072425452E-01 -1.0116231543E-01
           Stress_EigVec2 = -2.6745981834E-01 -5.0316930096E-01  8.2175781113E-01
           Stress_EigVec3 =  5.3633404192E-01  6.3076581208E-01  5.6078541867E-01
           -DivStress = -8.6239589705E+00 -1.0145222063E+01 -8.9719328496E+00
           ESP =  -1.0390969139E+00     ESP at Nucleus =  -1.0404835289E+00
           ESPe = -1.5750173236E+01     ESPe at Nucleus = -1.5668613706E+01
           ESPn =  1.4711076322E+01     ESPn at Nucleus =  1.4628130177E+01

CP# 8      Coords = -5.60980565796515E+00 -4.26942289420346E+00  3.30772536141532E+00
           Type = (3,-3) NACP H8
           Rho =  4.3168197037E-01     Rho at Nucleus =  4.2782235501E-01
           GradRho =  1.9695467588E-14 -2.9066409923E-15 -3.0312391895E-14
           HessRho_EigVals = -8.4498195998E+00 -8.4430751456E+00 -7.7028059270E+00
           HessRho_EigVec1 = -1.4856982654E-01  9.6656187047E-01 -2.0900994518E-01
           HessRho_EigVec2 =  8.6630859968E-01  2.2913882406E-01  4.4385223828E-01
           HessRho_EigVec3 = -4.7690294270E-01  1.1512406288E-01  8.7138397586E-01
           DelSqRho = -2.4595700672E+01
           Bond Ellipticity = NA
           V = -6.1600312861E+00
           G =  5.5530589850E-03
           K =  6.1544782271E+00
           L =  6.1489251681E+00
           Vnuc =  4.7190580812E+01
           Ven = -2.0371322908E+01
           Vrep =  1.4211291622E+01
           DelSqV =  1.5761253999E+03
           DelSqVen =  1.1606854002E+03
           DelSqVrep =  4.1543999972E+02
           DelSqG =  1.1722106321E+02
           DelSqK = -1.6933464631E+03
           Stress_EigVals = -2.1164811034E+00 -2.1158195397E+00 -1.9277306429E+00
           Stress_EigVec1 =  8.6854897838E-01 -9.2986857757E-02  4.8680192732E-01
           Stress_EigVec2 =  1.3625112559E-01  9.8919348532E-01 -5.4146831688E-02
           Stress_EigVec3 = -4.7650635141E-01  1.1335648588E-01  8.7183255513E-01
           -DivStress = -7.6323318250E+00  1.7066249630E+00  1.3966780975E+01
           ESP =  -1.0343009354E+00     ESP at Nucleus =  -1.0356851861E+00
           ESPe = -1.6054827612E+01     ESPe at Nucleus = -1.5976234224E+01
           ESPn =  1.5020526676E+01     ESPn at Nucleus =  1.4940549037E+01

CP# 9      Coords = -2.80007271176691E+00 -5.34124148199641E+00  1.89632075246658E+00
           Type = (3,-3) NACP H9
           Rho =  4.2584463002E-01     Rho at Nucleus =  4.2180625125E-01
           GradRho = -1.5208450818E-13  6.8712451094E-14 -2.9041024346E-14
           HessRho_EigVals = -8.3439655014E+00 -8.3355051295E+00 -7.5696070933E+00
           HessRho_EigVec1 =  4.2588403802E-01  8.1240772406E-01 -3.9826684025E-01
           HessRho_EigVec2 = -1.2999975925E-02 -4.3464206662E-01 -9.0050945278E-01
           HessRho_EigVec3 =  9.0468435754E-01 -3.8869006136E-01  1.7454583757E-01
           DelSqRho = -2.4249077724E+01
           Bond Ellipticity = NA
           V = -6.0726735673E+00
           G =  5.2020681238E-03
           K =  6.0674714992E+00
           L =  6.0622694311E+00
           Vnuc =  4.7266353295E+01
           Ven = -2.0128122732E+01
           Vrep =  1.4055449164E+01
           DelSqV =  1.5511843028E+03
           DelSqVen =  1.1461654748E+03
           DelSqVrep =  4.0501882804E+02
           DelSqG =  1.1551369627E+02
           DelSqK = -1.6666979991E+03
           Stress_EigVals = -2.0892232584E+00 -2.0890343698E+00 -1.8944159391E+00
           Stress_EigVec1 =  3.9635800784E-01  9.1808460504E-01 -4.5812227795E-03
           Stress_EigVec2 = -1.5880348092E-01  7.3472071779E-02  9.8457265304E-01
           Stress_EigVec3 =  9.0425758723E-01 -3.8951574121E-01  1.7491627506E-01
           -DivStress =  1.4760131430E+01 -6.2367612042E+00  2.8178442881E+00
           ESP =  -1.0486859286E+00     ESP at Nucleus =  -1.0501148495E+00
           ESPe = -1.7101045427E+01     ESPe at Nucleus = -1.7036642202E+01
           ESPn =  1.6052359499E+01     ESPn at Nucleus =  1.5986527352E+01

CP# 10     Coords = -2.95330930235340E+00  4.51813914224095E+00  3.14500423145846E-01
           Type = (3,-3) NACP C10
           Rho =  1.1940033401E+02     Rho at Nucleus =  1.1940032904E+02
           GradRho =  4.0195537870E-11 -2.6753596192E-11 -3.7938220070E-12
           HessRho_EigVals = -1.8105792715E+05 -1.8105429134E+05 -1.8105417441E+05
           HessRho_EigVec1 =  2.0866870443E-01  9.5406293993E-01  2.1499134505E-01
           HessRho_EigVec2 = -5.3898275359E-01 -7.1245860621E-02  8.3929828945E-01
           HessRho_EigVec3 =  8.1606063692E-01 -2.9101191384E-01  4.9935668903E-01
           DelSqRho = -5.4316639290E+05
           Bond Ellipticity = NA
           V = -1.3580528012E+05
           G =  6.8409484069E+00
           K =  1.3579843917E+05
           L =  1.3579159822E+05
           Vnuc =  8.0965007386E+05
           Ven = -9.6672489252E+07
           Vrep =  9.6536683972E+07
           DelSqV =  4.6024985112E+09
           DelSqVen =  4.3977471130E+11
           DelSqVrep = -4.3517221278E+11
           DelSqG =  2.0593238150E+08
           DelSqK = -4.8084308927E+09
           Stress_EigVals = -4.5268780020E+04 -4.5268746851E+04 -4.5267753251E+04
           Stress_EigVec1 =  8.3171182165E-01 -2.9392557841E-01  4.7102356638E-01
           Stress_EigVec2 = -5.1209719005E-01 -7.8349315806E-02  8.5534662719E-01
           Stress_EigVec3 =  2.1450387799E-01  9.5261174624E-01  2.1568251496E-01
           -DivStress =  4.1091829049E+03  1.0057194786E+04  2.2565283782E+03
           ESP =  -1.4630929162E+01     ESP at Nucleus =  -1.4630929286E+01
           ESPe = -3.1399259756E+01     ESPe at Nucleus = -3.1399249701E+01
           ESPn =  1.6768330594E+01     ESPn at Nucleus =  1.6768320415E+01

CP# 11     Coords = -4.72407412016109E+00  4.71425580970389E-01  3.32766697753999E+00
           Type = (3,-3) NACP H11
           Rho =  4.2259094616E-01     Rho at Nucleus =  4.1798387322E-01
           GradRho = -2.4185501150E-15  9.8619199016E-17 -6.8085694146E-16
           HessRho_EigVals = -8.2577090668E+00 -8.2455156864E+00 -7.4095821623E+00
           HessRho_EigVec1 = -1.5669243661E-01 -9.7743400127E-01  1.4166952206E-01
           HessRho_EigVec2 =  9.6880609266E-01 -1.2422920810E-01  2.1443380954E-01
           HessRho_EigVec3 = -1.9199540393E-01  1.7085045223E-01  9.6640979292E-01
           DelSqRho = -2.3912806915E+01
           Bond Ellipticity = NA
           V = -5.9876778054E+00
           G =  4.7380382588E-03
           K =  5.9829397671E+00
           L =  5.9782017289E+00
           Vnuc =  4.6411626411E+01
           Ven = -1.9613133118E+01
           Vrep =  1.3625455312E+01
           DelSqV =  1.5212628819E+03
           DelSqVen =  1.1098322610E+03
           DelSqVrep =  4.1143062088E+02
           DelSqG =  1.1323043375E+02
           DelSqK = -1.6344933156E+03
           Stress_EigVals = -2.0670618629E+00 -2.0670029976E+00 -1.8536129449E+00
           Stress_EigVec1 =  7.3970098258E-01  6.7235011245E-01  2.8067466284E-02
           Stress_EigVec2 =  6.4496981076E-01 -7.2024257919E-01  2.5546931390E-01
           Stress_EigVec3 = -1.9198020623E-01  1.7086823409E-01  9.6640966831E-01
           -DivStress = -3.2723743126E+00  2.9530218198E+00  1.6688851325E+01
           ESP =  -9.6703402376E-01     ESP at Nucleus =  -9.6875417476E-01
           ESPe = -1.8372917865E+01     ESPe at Nucleus = -1.8267308980E+01
           ESPn =  1.7405883842E+01     ESPn at Nucleus =  1.7298554805E+01

CP# 12     Coords = -2.37051207003756E+00  1.66460259423791E+00 -4.11395716450086E+00
           Type = (3,-3) NACP H12
           Rho =  4.2195118985E-01     Rho at Nucleus =  4.1749511016E-01
           GradRho = -3.8838236013E-14 -5.1261322661E-14  8.3713689192E-14
           HessRho_EigVals = -8.2567207090E+00 -8.2453682585E+00 -7.4334399630E+00
           HessRho_EigVec1 =  1.8183567128E-02 -8.6005697261E-01 -5.0987386847E-01
           HessRho_EigVec2 =  9.2844206113E-01 -1.7471744115E-01  3.2782488449E-01
           HessRho_EigVec3 = -3.7103193531E-01 -4.7934937115E-01  7.9533608202E-01
           DelSqRho = -2.3935528930E+01
           Bond Ellipticity = NA
           V = -5.9945389825E+00
           G =  5.3283749543E-03
           K =  5.9892106076E+00
           L =  5.9838822326E+00
           Vnuc =  4.7062579950E+01
           Ven = -1.9858111607E+01
           Vrep =  1.3863572625E+01
           DelSqV =  1.5252669851E+03
           DelSqVen =  1.1264677439E+03
           DelSqVrep =  3.9879924121E+02
           DelSqG =  1.1362333483E+02
           DelSqK = -1.6388903200E+03
           Stress_EigVals = -2.0678124106E+00 -2.0671776923E+00 -1.8595488796E+00
           Stress_EigVec1 =  9.2839472406E-01 -1.9055337505E-01  3.1901825590E-01
           Stress_EigVec2 =  1.0897699808E-03 -8.5710952839E-01 -5.1513305926E-01
           Stress_EigVec3 = -3.7159392990E-01 -4.7859447092E-01  7.9552830475E-01
           -DivStress =  6.3900380557E+00  8.0853702367E+00 -1.3500814884E+01
           ESP =  -1.0168000053E+00     ESP at Nucleus =  -1.0184503320E+00
           ESPe = -1.8562672642E+01     ESPe at Nucleus = -1.8465221600E+01
           ESPn =  1.7545872637E+01     ESPn at Nucleus =  1.7446771268E+01

CP# 13     Coords = -3.39370743167915E+00 -3.37086292641126E+00 -3.45849389733625E+00
           Type = (3,-3) NACP H13
           Rho =  4.2267358309E-01     Rho at Nucleus =  4.1827401093E-01
           GradRho = -4.1603005763E-15  2.6115990880E-14  2.0283633714E-14
           HessRho_EigVals = -8.2733652939E+00 -8.2611227690E+00 -7.4581504709E+00
           HessRho_EigVec1 =  2.9178244401E-01  6.3620851273E-01 -7.1421406714E-01
           HessRho_EigVec2 =  9.4813422203E-01 -9.3931747811E-02  3.0367470058E-01
           HessRho_EigVec3 = -1.2611305397E-01  7.6577774523E-01  6.3061869821E-01
           DelSqRho = -2.3992638534E+01
           Bond Ellipticity = NA
           V = -6.0092389236E+00
           G =  5.5396450911E-03
           K =  6.0036992785E+00
           L =  5.9981596335E+00
           Vnuc =  4.6434477757E+01
           Ven = -1.9626627092E+01
           Vrep =  1.3617388169E+01
           DelSqV =  1.5298756675E+03
           DelSqVen =  1.1140856403E+03
           DelSqVrep =  4.1579002717E+02
           DelSqG =  1.1397179150E+02
           DelSqK = -1.6438474590E+03
           Stress_EigVals = -2.0721658612E+00 -2.0713370301E+00 -1.8657360324E+00
           Stress_EigVec1 =  9.3588059443E-01 -1.1938316586E-01  3.3147424136E-01
           Stress_EigVec2 = -3.2902467937E-01 -6.3257223373E-01  7.0113845243E-01
           Stress_EigVec3 = -1.2597727313E-01  7.6524507762E-01  6.3129208599E-01
           -DivStress =  2.1979735654E+00 -1.2904754254E+01 -1.0681754227E+01
           ESP =  -1.0131411332E+00     ESP at Nucleus =  -1.0147715989E+00
           ESPe = -1.7703017140E+01     ESPe at Nucleus = -1.7603063153E+01
           ESPn =  1.6689876007E+01     ESPn at Nucleus =  1.6588291554E+01

CP# 14     Coords = -1.53814282066156E-01  4.74054813360172E+00  9.67719409057176E-01
           Type = (3,-3) NACP C14
           Rho =  1.1937199765E+02     Rho at Nucleus =  1.1937199674E+02
           GradRho =  1.4580506941E-12  2.7587624025E-11 -7.2734023665E-12
           HessRho_EigVals = -1.8100631411E+05 -1.8100505925E+05 -1.8100469301E+05
           HessRho_EigVec1 =  9.4132270477E-01  1.6546949640E-01  2.9416221928E-01
           HessRho_EigVec2 = -8.2002534363E-02  9.5758335809E-01 -2.7624209793E-01
           HessRho_EigVec3 = -3.2739448659E-01  2.3591091130E-01  9.1496387474E-01
           DelSqRho = -5.4301606637E+05
           Bond Ellipticity = NA
           V = -1.3576827492E+05
           G =  7.1291615748E+00
           K =  1.3576114575E+05
           L =  1.3575401659E+05
           Vnuc =  1.8862873169E+06
           Ven = -2.2516988517E+08
           Vrep =  2.2503411689E+08
           DelSqV =  4.6012304018E+09
           DelSqVen =  1.0242843156E+12
           DelSqVrep = -1.0196830852E+12
           DelSqG =  2.0586801912E+08
           DelSqK = -4.8070984209E+09
           Stress_EigVals = -4.5256264903E+04 -4.5256170188E+04 -4.5255839825E+04
           Stress_EigVec1 = -3.2690271522E-01  2.4180142003E-01  9.1360094574E-01
           Stress_EigVec2 = -8.1125213415E-02  9.5596596296E-01 -2.8204215537E-01
           Stress_EigVec3 =  9.4156960153E-01  1.6631641810E-01  2.9289167715E-01
           -DivStress =  4.6409200236E+03 -1.0537146546E+03  1.5804429073E+01
           ESP =  -1.4725111025E+01     ESP at Nucleus =  -1.4725111046E+01
           ESPe = -3.0829673350E+01     ESPe at Nucleus = -3.0829672270E+01
           ESPn =  1.6104562325E+01     ESPn at Nucleus =  1.6104561224E+01

CP# 15     Coords = -4.15168453658712E+00  5.09766711128500E+00  1.85069411955301E+00
           Type = (3,-3) NACP H15
           Rho =  4.3670562981E-01     Rho at Nucleus =  4.3293937644E-01
           GradRho =  1.2478489379E-15 -3.7246139332E-15 -8.1331002453E-16
           HessRho_EigVals = -8.5525607478E+00 -8.5461866789E+00 -7.8142671508E+00
           HessRho_EigVec1 =  5.7618541405E-01  8.0951039217E-01  1.1270888875E-01
           HessRho_EigVec2 =  5.7223538534E-01 -4.9801693560E-01  6.5155644085E-01
           HessRho_EigVec3 = -5.8357264535E-01  3.1092130326E-01  7.5018058545E-01
           DelSqRho = -2.4913014578E+01
           Bond Ellipticity = NA
           V = -6.2394005650E+00
           G =  5.5734603028E-03
           K =  6.2338271047E+00
           L =  6.2282536444E+00
           Vnuc =  4.9046774708E+01
           Ven = -2.1419002639E+01
           Vrep =  1.5179602074E+01
           DelSqV =  1.5981537054E+03
           DelSqVen =  1.2219030133E+03
           DelSqVrep =  3.7625069211E+02
           DelSqG =  1.1887050127E+02
           DelSqK = -1.7170242067E+03
           Stress_EigVals = -2.1422508335E+00 -2.1413181083E+00 -1.9558316232E+00
           Stress_EigVec1 =  7.9922547020E-01  5.2225684066E-02  5.9875798592E-01
           Stress_EigVec2 =  1.4801596040E-01  9.4843255326E-01 -2.8029799748E-01
