AIMSum (Version 17.11.14, Professional)
Copyright (c) 1997-2017 by Todd A. Keith
AIMSum is a component of the AIMAll package ( http://aim.tkgristmill.com )

TP:  64-bit Linux

Much of the Quantum Theory of Atoms in Molecules (QTAIM) is described in the book:
  "Atoms in Molecules - A Quantum Theory"
  R.F.W. Bader, Oxford University Press, Oxford, 1990

For additional references see:  http://aim.tkgristmill.com/references.html

Wfn File:  /home/localuser/Desktop/AIMAll/emimbf4/wfn/490.wfn
Sum File:  /home/localuser/Desktop/AIMAll/emimbf4/wfn/490.sum

SumViz File:  /home/localuser/Desktop/AIMAll/emimbf4/wfn/490.sumviz

Wfn Title:  B3LYP                                                                          
 
Total memory allocated for AIMSum =        1.334 Megabytes

Atomic units (a.u.) used throughout, except where stated otherwise

Model:  Restricted SCF
 
Restricted, closed-shell, single-determinant wavefunction.
  Number of electrons (from MO Occs)                   =         102.0000000000
  Number of Alpha electrons (from MO Occs)             =          51.0000000000
  Number of Beta electrons (from MO Occs)              =          51.0000000000
  Number of electron pairs (N*(N-1)/2)                 =        5151.0000000000
  Number of electron pairs (from Muller 2EDM)          =        5151.0000000000
 
Nuclear Charges and Cartesian Coordinates:
-------------------------------------------------------------------------------
Atom      Charge                X                  Y                  Z
-------------------------------------------------------------------------------
C1         6.0          -3.7827712800E+00   7.5271885000E-01  -2.4688749200E+00
C2         6.0          -4.2029103100E+00  -1.7711030800E+00  -2.2496853700E+00
N3         7.0          -4.2836787500E+00   1.8315524500E+00  -1.5001858000E-01
N4         7.0          -4.8625506400E+00  -2.2157794500E+00   2.3857965000E-01
C5         6.0          -4.8726933900E+00  -1.1213290000E-02   1.4733185100E+00
C6         6.0          -5.2134929200E+00  -4.7140189600E+00   1.3788962700E+00
H7         1.0          -6.5648701100E+00  -5.7917835700E+00   2.6128308000E-01
H8         1.0          -5.9382349500E+00  -4.4827234700E+00   3.2895127200E+00
H9         1.0          -3.3974735900E+00  -5.6854258700E+00   1.4404674300E+00
C10        6.0          -3.5207298800E+00   4.4284195200E+00   5.8066818000E-01
H11        1.0          -5.2345538500E+00   2.3271097000E-01   3.4599625500E+00
H12        1.0          -3.1411246700E+00   1.8525323800E+00  -4.0532511400E+00
H13        1.0          -3.9854394400E+00  -3.2791267500E+00  -3.5954860500E+00
C14        6.0          -6.4625902000E-01   4.6805996200E+00   6.5646257000E-01
H15        1.0          -4.3780397700E+00   4.7934765700E+00   2.4202918500E+00
H16        1.0          -4.3825949900E+00   5.7143650300E+00  -7.8244958000E-01
H17        1.0           2.3041702000E-01   3.2814881900E+00   1.8919991300E+00
H18        1.0          -1.5637735000E-01   6.5700331500E+00   1.3272937500E+00
H19        1.0           1.9009882000E-01   4.4170278000E+00  -1.2089626100E+00
B20        5.0           5.0470594200E+00  -5.0101268000E-01   2.1930880000E-02
F21        9.0           2.3210460100E+00  -8.1374097000E-01  -3.7643909000E-01
F22        9.0           6.1740720800E+00  -4.5025040000E-02  -2.3243891200E+00
F23        9.0           5.3387699800E+00   1.6029592500E+00   1.6393691400E+00
F24        9.0           5.9795044300E+00  -2.7007207300E+00   1.1448091900E+00
 
Some Atomic Properties:
----------------------
  q(A) = Net Charge of Atom A
  L(A) = Lagrangian of Atom A = -(1/4) Times Atomic Integral of the Laplacian of the Electron Density
  K(A) = Electronic Kinetic Energy of Atom A (Hamiltonian Form)
  K_Scaled(A) = K(A) * E(Mol)/K(Mol) = Approximation to Virial-Based Total Energy of Atom A.
  |Mu_Intra(A)| = Magnitude of Intraatomic Dipole Moment of Atom A
--------------------------------------------------------------------------------------------------
Atom A          q(A)              L(A)              K(A)          K_Scaled(A)      |Mu_Intra(A)|
--------------------------------------------------------------------------------------------------
C1        5.5374429450E-01 -1.9897864096E-04  3.7456787012E+01 -3.7500538412E+01  7.7825002604E-01
C2        5.2664982730E-01  1.3401735372E-04  3.7464264947E+01 -3.7508025081E+01  7.8278656465E-01
N3       -1.5509534734E+00 -1.5579641462E-04  5.5389167801E+01 -5.5453865119E+01  1.7291905567E-01
N4       -1.5603161751E+00 -7.9009955291E-05  5.5388202813E+01 -5.5452899003E+01  1.6924953626E-01
C5        1.3376496207E+00  2.4366384669E-04  3.6963017314E+01 -3.7006191967E+01  8.9182021199E-01
C6        5.1352667670E-01 -5.9130945158E-05  3.7442159369E+01 -3.7485893684E+01  6.1380596647E-01
H7        3.5031240280E-02  2.1931874662E-05  6.0815636821E-01 -6.0886672525E-01  1.2063187852E-01
H8        2.7460471240E-02  2.6496366055E-05  6.1109240762E-01 -6.1180619411E-01  1.1878690827E-01
H9        7.1932233840E-02  3.0332441583E-05  5.9215363873E-01 -5.9284530379E-01  1.1785170815E-01
C10       4.5171138630E-01 -1.0435543264E-04  3.7479473000E+01 -3.7523250899E+01  6.2515942204E-01
H11       1.3924439878E-01  1.9175750467E-05  5.6000771523E-01 -5.6066183224E-01  1.1177292110E-01
H12       1.1860489942E-01  2.6291000206E-05  5.6727089823E-01 -5.6793349900E-01  1.1345148671E-01
H13       1.1414076699E-01  2.0899125265E-05  5.6826133947E-01 -5.6892509713E-01  1.1420488837E-01
C14       1.4465172240E-01 -1.3289699941E-04  3.7684458688E+01 -3.7728476020E+01  1.6145620539E-01
H15      -1.5124235000E-03  3.0574517671E-05  6.2902816721E-01 -6.2976290356E-01  1.2173477511E-01
H16       1.1712476860E-02  2.2859624463E-05  6.2307641359E-01 -6.2380419800E-01  1.2292345698E-01
H17       6.2020333160E-02  6.3167456794E-06  5.9205501602E-01 -5.9274656588E-01  1.1927844128E-01
H18      -1.0259812400E-02  2.0638218163E-05  6.1952791578E-01 -6.2025155536E-01  1.2560058004E-01
H19       1.4639364290E-02  3.0997143233E-05  6.1268933488E-01 -6.1340498666E-01  1.2326743700E-01
B20       2.5152807457E+00 -2.6673127501E-04  2.3291152629E+01 -2.3318357860E+01  4.0412602665E-03
F21      -8.8977841070E-01  1.6854253308E-05  9.9790773084E+01 -9.9907333696E+01  2.1316909811E-01
F22      -8.7401343380E-01  1.6785069586E-05  9.9845592543E+01 -9.9962217188E+01  3.0194687406E-01
F23      -8.7794953190E-01  2.4025132538E-05  9.9835634404E+01 -9.9952247417E+01  2.8297411549E-01
F24      -8.7367597460E-01  2.1387776028E-05  9.9846140124E+01 -9.9962765408E+01  3.0332841525E-01
--------------------------------------------------------------------------------------------------
Total    -4.5877694000E-04 -2.8365342377E-04  7.6446014294E+02 -7.6535307061E+02
 
1st Largest |L(A)| = 2.6673127501E-04, atom B20     
2nd Largest |L(A)| = 2.4366384669E-04, atom C5      
 
Molecular charge q(Mol) from the wfn file:   0.0000000000E+00
Molecular energy E(Mol) from the wfn file:  -7.6753644662E+02
Molecular virial ratio (-V(Mol)/T(Mol)) from the wfn file:   2.0011680500E+00
Note.  K_Scaled(A) = (1+V(Mol)/T(Mol))*K(A) = (E(Mol)/T(Mol))*K(A)
       Only use K_Scaled(A) data with caution.
 
N_AIMInt(SumA)     =        102.000459
N_Analytic(Mol)    =        102.000000
 
G_AIMInt(SumA)     =        764.460427
G_Analytic(Mol)    =        764.460134
 
K_AIMInt(SumA)     =        764.460143
K_Analytic(Mol)    =        764.460134
 
L_AIMInt(SumA)     =         -0.000284
L_Analytic(Mol)    =          0.000000
 
VenT_AIMInt(SumA)  =      -3460.531460
VenT_Analytic(Mol) =      -3460.522739
 
Some Information About the Atomic Calculations:
----------------------------------------------
  Time(sec) = "Elapsed User Time", in Seconds, for Atom A by AIMInt and, if used, by TWOe
  NProc = Number of Processors Used for AIMInt Job
  BIM = Basin Integration Method
  OAQ = Angular Quadrature Outside of Beta Sphere
  ORQ = Multiple of Default for Radial Quadrature Outside of Beta Sphere
  IAQ = Multiple of Default for Angular Quadrature Inside of Beta Sphere
  IRQ = Multiple of Default for Radial Quadrature Inside of Beta Sphere
  MIR = Maximum Integration Radius
------------------------------------------------------------------------------------------------------
Atom A     Time(sec)   NProc      BIM          OAQ                     ORQ      IAQ      IRQ      MIR
------------------------------------------------------------------------------------------------------
C1             74        4     Proaim(5)    4500(GS4)                  1.00     1.00     1.00    13.00
C2             58        4     Proaim(5)    4500(GS4)                  1.00     1.00     1.00    13.00
N3             48        4     Proaim(5)    4500(GS4)                  1.00     1.00     1.00    13.00
N4             51        4     Proaim(5)    4500(GS4)                  1.00     1.00     1.00    13.00
C5             35        4     Proaim(5)    4500(GS4)                  1.00     1.00     1.00    13.00
C6             45        4     Proaim(5)    4500(GS4)                  1.00     1.00     1.00    13.00
H7             10        4     Proaim(5)    1800(GS4)                  1.00     1.00     1.00    13.00
H8              9        4     Proaim(5)    1800(GS4)                  1.00     1.00     1.00    13.00
H9             12        4     Proaim(5)    1800(GS4)                  1.00     1.00     1.00    13.00
C10            52        4     Proaim(5)    5400(GS5)                  1.00     1.00     1.00    13.00
H11            12        4     Proaim(5)    1800(GS4)                  1.00     1.00     1.00    13.00
H12            11        4     Proaim(5)    1800(GS4)                  1.00     1.00     1.00    13.00
H13             9        4     Proaim(5)    1800(GS4)                  1.00     1.00     1.00    13.00
C14            54        4     Proaim(5)    4500(GS4)                  1.00     1.00     1.00    13.00
H15            11        4     Proaim(5)    1800(GS4)                  1.00     1.00     1.00    13.00
H16             9        4     Proaim(5)    1800(GS4)                  1.00     1.00     1.00    13.00
H17            34        4     Proaim(5)    4500(GS4)                  1.00     1.00     1.00    13.00
H18             9        4     Proaim(5)    1800(GS4)                  1.00     1.00     1.00    13.00
H19            14        4     Proaim(5)    1800(GS4)                  1.00     1.00     1.00    13.00
B20            68        4     Proaim(5)    6300(GS6)                  1.00     1.00     1.00    13.00
F21            55        4     Proaim(5)    4500(GS4)                  1.00     1.00     1.00    13.00
F22            23        4     Proaim(5)    2700(GS4)                  1.00     1.00     1.00    13.00
F23            30        4     Proaim(5)    4500(GS4)                  1.00     1.00     1.00    13.00
F24            22        4     Proaim(5)    2700(GS4)                  1.00     1.00     1.00    13.00
------------------------------------------------------------------------------------------------------
Total         755
Note:  Total wall clock time is less than total of atomic times if more than one atom
       was calculated at a time
 
Electron Density Critical Point Analysis of Molecular Structure:               
---------------------------------------------------------------                
  NACP = Nuclear Attractor Critical Point                                      
  NNACP = Non-Nuclear Attractor Critical Point                                 
  BCP = Bond Critical Point                                                    
  RCP = Ring Critical Point                                                    
  CCP = Cage Critical Point                                                    
  Rho = Electron Density                                                       
  GradRho = Gradient of Electron Density                                       
  HessRho_EigVals = Eigenvalues of the Hessian of Rho, Ascending Order         
  HessRho_EigVecs = Eigenvectors of the Hessian of Rho                         
  DelSqRho = Laplacian of Rho = Trace of Hessian of Rho                        
  Bond Ellipticity = (HessRho_EigVal(1) / HessRho_EigVal(2)) - 1               
  V = Virial Field = Potential Energy Density = Trace of Stress Tensor         
  G = Lagrangian Form of Kinetic Energy Density                                
  K = Hamiltonian Form of Kinetic Energy Density                               
  L = K - G = Lagrangian Density = (-1/4)DelSqRho                              
  Vnuc = Electrostatic Potential from Nuclei                                   
  Ven = Electron-nuclear attractive contribution to Virial Field V             
  Vrep = V - Ven = Repulsive contribution to Virial Field V                    
  DelSqV = Laplacian of V                                                      
  DelSqVen = Laplacian of Ven                                                  
  DelSqVrep = Laplacian of Vrep                                                
  DelSqG = Laplacian of G                                                      
  DelSqK = Laplacian of K                                                      
  Stress_EigVals = Eigenvalues of Stress Tensor, Ascending Order               
  Stress_EigVecs = Eigenvectors of Stress Tensor                               
  -DivStress = Ehrenfest Force Density = Minus Divergence of Stress Tensor     
  ESP = Total Electrostatic Potential                                          
  ESPe = Electrostatic Potential from Electrons                                
  ESPn = Electrostatic Potential from Nuclei                                   
  BP = Bond Path                                                               
  BPL = Bond Path Length                                                       
  GBL = Geometric Bond Length                                                  
  GBL_I = Distance Between Nuclear Attractors                                  
  GBL_II = Distance Between Nuclei                                             
  GBL_III = Sum of Distances Between BCP and Nuclear Attractors                
  GBL_IV = Sum of Distances Between BCP and Nuclei                             

CP# 1      Coords = -3.78277302162004E+00  7.52721995488222E-01 -2.46887079384094E+00
           Type = (3,-3) NACP C1
           Rho =  1.1951526288E+02     Rho at Nucleus =  1.1951526016E+02
           GradRho = -1.3999287840E-11 -2.8560227100E-12 -3.6044209284E-11
           HessRho_EigVals = -1.8122864724E+05 -1.8122850746E+05 -1.8122606117E+05
           HessRho_EigVec1 =  6.1445600098E-01 -5.0306333110E-01 -6.0775908695E-01
           HessRho_EigVec2 =  7.5517549536E-01  1.5204154597E-01  6.3764671999E-01
           HessRho_EigVec3 =  2.2837205186E-01  8.5077062314E-01 -4.7332394058E-01
           DelSqRho = -5.4368321587E+05
           Bond Ellipticity = NA
           V = -1.3593489034E+05
           G =  7.0431855486E+00
           K =  1.3592784715E+05
           L =  1.3592080397E+05
           Vnuc =  1.0963308110E+06
           Ven = -1.3102826507E+08
           Vrep =  1.3089233018E+08
           DelSqV =  4.6068610408E+09
           DelSqVen =  5.9605665946E+11
           DelSqVrep = -5.9144979842E+11
           DelSqG =  2.0612670695E+08
           DelSqK = -4.8129877478E+09
           Stress_EigVals = -4.5312208315E+04 -4.5311451074E+04 -4.5311230950E+04
           Stress_EigVec1 =  2.3985517847E-01  8.4636056295E-01 -4.7554525635E-01
           Stress_EigVec2 = -7.7771195480E-02  5.0502171693E-01  8.5959566459E-01
           Stress_EigVec3 =  9.6768855243E-01 -1.6919474845E-01  1.8695454684E-01
           -DivStress =  2.6108570437E+03 -4.7159858993E+03 -6.1828158024E+03
           ESP =  -1.4619691303E+01     ESP at Nucleus =  -1.4619691380E+01
           ESPe = -3.2516921399E+01     ESPe at Nucleus = -3.2516915312E+01
           ESPn =  1.7897230096E+01     ESPn at Nucleus =  1.7897223932E+01

CP# 2      Coords = -4.20291242160469E+00 -1.77110505049193E+00 -2.24968045237658E+00
           Type = (3,-3) NACP C2
           Rho =  1.1950493774E+02     Rho at Nucleus =  1.1950493480E+02
           GradRho =  2.9609405205E-12  1.5405876444E-11 -9.8075011654E-12
           HessRho_EigVals = -1.8121289271E+05 -1.8121247992E+05 -1.8121022073E+05
           HessRho_EigVec1 = -2.6575927699E-01 -2.6972813334E-01  9.2553700130E-01
           HessRho_EigVec2 =  9.6125369939E-01 -1.4707437293E-01  2.3315328483E-01
           HessRho_EigVec3 =  7.3234773789E-02  9.5163851483E-01  2.9836354501E-01
           DelSqRho = -5.4363559336E+05
           Bond Ellipticity = NA
           V = -1.3592299913E+05
           G =  7.0503944913E+00
           K =  1.3591594874E+05
           L =  1.3590889834E+05
           Vnuc =  1.0520867916E+06
           Ven = -1.2572956653E+08
           Vrep =  1.2559364353E+08
           DelSqV =  4.6064593055E+09
           DelSqVen =  5.7195182387E+11
           DelSqVrep = -5.6734536457E+11
           DelSqG =  2.0610842466E+08
           DelSqK = -4.8125677302E+09
           Stress_EigVals = -4.5308239317E+04 -4.5307441320E+04 -4.5307318493E+04
           Stress_EigVec1 =  5.8123897741E-02  9.5129947381E-01  3.0273903554E-01
           Stress_EigVec2 = -2.6408163781E-01 -2.7779779164E-01  9.2362832110E-01
           Stress_EigVec3 =  9.6274737137E-01 -1.3363269842E-01  2.3507403266E-01
           -DivStress =  3.1653294877E+03  2.9547121798E+03 -7.3687914773E+03
           ESP =  -1.4618933927E+01     ESP at Nucleus =  -1.4618934008E+01
           ESPe = -3.2030259399E+01     ESPe at Nucleus = -3.2030253943E+01
           ESPn =  1.7411325472E+01     ESPn at Nucleus =  1.7411319934E+01

CP# 3      Coords = -4.28367792753954E+00  1.83155045135936E+00 -1.50017912375189E-01
           Type = (3,-3) NACP N3
           Rho =  1.9378498250E+02     Rho at Nucleus =  1.9378498147E+02
           GradRho = -1.0418741564E-10  3.6780025206E-11 -2.7942561459E-12
           HessRho_EigVals = -4.0303098461E+05 -4.0302944137E+05 -4.0302495351E+05
           HessRho_EigVec1 = -3.1035277724E-01 -3.6250474737E-01  8.7878977110E-01
           HessRho_EigVec2 =  2.1878236193E-01  8.7238404905E-01  4.3712738311E-01
           HessRho_EigVec3 =  9.2510293037E-01 -3.2792739911E-01  1.9143716760E-01
           DelSqRho = -1.2090853795E+06
           Bond Ellipticity = NA
           V = -3.0231889278E+05
           G =  2.3773951528E+01
           K =  3.0229511882E+05
           L =  3.0227134487E+05
           Vnuc =  3.0945995290E+06
           Ven = -5.9968691559E+08
           Vrep =  5.9938459669E+08
           DelSqV =  1.4118394929E+10
           DelSqVen =  3.7416349204E+12
           DelSqVrep = -3.7275165091E+12
           DelSqG =  6.2875651065E+08
           DelSqK = -1.4747151439E+10
           Stress_EigVals = -1.0077356436E+05 -1.0077285891E+05 -1.0077246951E+05
           Stress_EigVec1 =  9.1135559168E-01 -3.7321456131E-01  1.7361416052E-01
           Stress_EigVec2 =  2.8049813047E-01  8.7178557506E-01  4.0163504568E-01
           Stress_EigVec3 = -3.0125036815E-01 -3.1733389725E-01  8.9919264529E-01
           -DivStress = -3.7779685694E+03  9.1810758381E+03 -3.0681294241E+03
           ESP =  -1.8199737771E+01     ESP at Nucleus =  -1.8199737787E+01
           ESPe = -3.6746431117E+01     ESPe at Nucleus = -3.6746428320E+01
           ESPn =  1.8546693346E+01     ESPn at Nucleus =  1.8546690533E+01

CP# 4      Coords = -4.86255061626839E+00 -2.21577861781389E+00  2.38580121945689E-01
           Type = (3,-3) NACP N4
           Rho =  1.9374021798E+02     Rho at Nucleus =  1.9374021780E+02
           GradRho =  1.1646597749E-10  1.1385774075E-09  6.0075289882E-10
           HessRho_EigVals = -4.0293616702E+05 -4.0293534779E+05 -4.0292989064E+05
           HessRho_EigVec1 = -1.2156193509E-01  7.3266058486E-01  6.6965003048E-01
           HessRho_EigVec2 = -1.4032193973E-01 -6.8056270106E-01  7.1912736226E-01
           HessRho_EigVec3 =  9.8261510734E-01 -6.5480774838E-03  1.8553887332E-01
           DelSqRho = -1.2088014055E+06
           Bond Ellipticity = NA
           V = -3.0224802105E+05
           G =  2.3834841377E+01
           K =  3.0222418621E+05
           L =  3.0220035136E+05
           Vnuc =  7.3146196310E+06
           Ven = -1.4171360018E+09
           Vrep =  1.4168337538E+09
           DelSqV =  1.4115096524E+10
           DelSqVen =  8.8419203809E+12
           DelSqVrep = -8.8278054155E+12
           DelSqG =  6.2860661984E+08
           DelSqK = -1.4743703144E+10
           Stress_EigVals = -1.0075003367E+05 -1.0074909891E+05 -1.0074888846E+05
           Stress_EigVec1 =  9.8470540487E-01  2.6055476837E-02  1.7226833068E-01
           Stress_EigVec2 =  9.0779542058E-02  7.6720488464E-01 -6.3494546202E-01
           Stress_EigVec3 = -1.4870891155E-01  6.4087266841E-01  7.5310549228E-01
           -DivStress = -1.0731060945E+02 -3.8226292479E+03 -2.1686626412E+03
           ESP =  -1.8190421581E+01     ESP at Nucleus =  -1.8190421584E+01
           ESPe = -3.5970837048E+01     ESPe at Nucleus = -3.5970836202E+01
           ESPn =  1.7780415466E+01     ESPn at Nucleus =  1.7780414618E+01

CP# 5      Coords = -4.87269360285228E+00 -1.12138649961075E-02  1.47331491056791E+00
           Type = (3,-3) NACP C5
           Rho =  1.1954697002E+02     Rho at Nucleus =  1.1954696881E+02
           GradRho =  2.1877007150E-11  1.5936037212E-14  1.8178734559E-11
           HessRho_EigVals = -1.8127878858E+05 -1.8127757836E+05 -1.8127601124E+05
           HessRho_EigVec1 =  9.4325840793E-01 -2.1168609058E-01  2.5583700851E-01
           HessRho_EigVec2 =  2.2764051057E-01  9.7314827568E-01 -3.4091516313E-02
           HessRho_EigVec3 = -2.4175064388E-01  9.0395976641E-02  9.6611862294E-01
           DelSqRho = -5.4383237818E+05
           Bond Ellipticity = NA
           V = -1.3597188594E+05
           G =  6.8956990834E+00
           K =  1.3596499024E+05
           L =  1.3595809454E+05
           Vnuc =  1.6432780225E+06
           Ven = -1.9644890849E+08
           Vrep =  1.9631293660E+08
           DelSqV =  4.6081170560E+09
           DelSqVen =  8.9366779904E+11
           DelSqVrep = -8.8905968198E+11
           DelSqG =  2.0618466265E+08
           DelSqK = -4.8143017187E+09
           Stress_EigVals = -4.5324445524E+04 -4.5324022029E+04 -4.5323418390E+04
           Stress_EigVec1 = -2.2937826491E-01  8.6692861049E-02  9.6946890586E-01
           Stress_EigVec2 =  1.8347245111E-01  9.8202139507E-01 -4.4405397220E-02
           Stress_EigVec3 =  9.5588883835E-01 -1.6768520346E-01  2.4116011541E-01
           -DivStress =  3.1926391578E+02  8.6195917884E+02  5.3954811980E+03
           ESP =  -1.4546821366E+01     ESP at Nucleus =  -1.4546821387E+01
           ESPe = -3.2748188675E+01     ESPe at Nucleus = -3.2748182244E+01
           ESPn =  1.8201367309E+01     ESPn at Nucleus =  1.8201360857E+01

CP# 6      Coords = -5.21349264446273E+00 -4.71401243708116E+00  1.37889361092416E+00
           Type = (3,-3) NACP C6
           Rho =  1.1937526072E+02     Rho at Nucleus =  1.1937525623E+02
           GradRho =  6.0017725382E-12 -6.9839196817E-12 -1.5261688668E-12
           HessRho_EigVals = -1.8101554922E+05 -1.8101214370E+05 -1.8101197853E+05
           HessRho_EigVec1 =  1.3896509698E-01  8.9595907254E-01 -4.2183651117E-01
           HessRho_EigVec2 =  1.4711798302E-01  4.0256487731E-01  9.0349201360E-01
           HessRho_EigVec3 =  9.7930842991E-01 -1.8761359198E-01 -7.5869224410E-02
           DelSqRho = -5.4303967144E+05
           Bond Ellipticity = NA
           V = -1.3577389082E+05
           G =  6.9864776876E+00
           K =  1.3576690434E+05
           L =  1.3575991786E+05
           Vnuc =  8.5114171382E+05
           Ven = -1.0160526400E+08
           Vrep =  1.0146949011E+08
           DelSqV =  4.6014283977E+09
           DelSqVen =  4.6220371763E+11
           DelSqVrep = -4.5760228923E+11
           DelSqG =  2.0587987635E+08
           DelSqK = -4.8073082741E+09
           Stress_EigVals = -4.5258297522E+04 -4.5258256054E+04 -4.5257337241E+04
           Stress_EigVec1 =  9.7957079321E-01 -1.8517932225E-01 -7.8419893584E-02
           Stress_EigVec2 =  1.4832700299E-01  4.0199163714E-01  9.0354956912E-01
           Stress_EigVec3 =  1.3579455542E-01  8.9672255591E-01 -4.2124636074E-01
           -DivStress = -4.1201591794E+02 -9.7632163266E+03  3.9799070265E+03
           ESP =  -1.4611687154E+01     ESP at Nucleus =  -1.4611687262E+01
           ESPe = -2.8921253427E+01     ESPe at Nucleus = -2.8921240938E+01
           ESPn =  1.4309566273E+01     ESPn at Nucleus =  1.4309553676E+01

CP# 7      Coords = -6.54435863743800E+00 -5.77486775547719E+00  2.77756742540053E-01
           Type = (3,-3) NACP H7
           Rho =  4.3074492518E-01     Rho at Nucleus =  4.2684623183E-01
           GradRho =  2.8322030485E-11  2.3341929992E-11  2.2768557005E-11
           HessRho_EigVals = -8.4370558247E+00 -8.4290497342E+00 -7.6818454209E+00
           HessRho_EigVec1 =  1.9014101440E-01 -7.9585280812E-01  5.7486059393E-01
           HessRho_EigVec2 = -7.3088221873E-01  2.7619646419E-01  6.2412073794E-01
           HessRho_EigVec3 =  6.5548270534E-01  5.3882633657E-01  5.2915839030E-01
           DelSqRho = -2.4547950980E+01
           Bond Ellipticity = NA
           V = -6.1478541765E+00
           G =  5.4332157934E-03
           K =  6.1424209607E+00
           L =  6.1369877450E+00
           Vnuc =  4.6263041382E+01
           Ven = -1.9927570299E+01
           Vrep =  1.3779716122E+01
           DelSqV =  1.5725672514E+03
           DelSqVen =  1.1356628721E+03
           DelSqVrep =  4.3690437929E+02
           DelSqG =  1.1702132947E+02
           DelSqK = -1.6895885809E+03
           Stress_EigVals = -2.1129059189E+00 -2.1124389271E+00 -1.9225093306E+00
           Stress_EigVec1 =  7.0969839104E-01 -6.7988220479E-01 -1.8463039121E-01
           Stress_EigVec2 = -2.5946475714E-01 -4.9589151579E-01  8.2871565954E-01
           Stress_EigVec3 =  6.5498567431E-01  5.4023309060E-01  5.2833888203E-01
           -DivStress = -1.0542302085E+01 -8.6947578827E+00 -8.4687585363E+00
           ESP =  -1.0284635888E+00     ESP at Nucleus =  -1.0298550512E+00
           ESPe = -1.5319065635E+01     ESPe at Nucleus = -1.5238726418E+01
           ESPn =  1.4290602046E+01     ESPn at Nucleus =  1.4208871367E+01

CP# 8      Coords = -5.92725505299901E+00 -4.48499238105382E+00  3.26036533718109E+00
           Type = (3,-3) NACP H8
           Rho =  4.3106219621E-01     Rho at Nucleus =  4.2717403375E-01
           GradRho =  3.8992485795E-14 -9.1516446588E-15 -1.1315018983E-13
           HessRho_EigVals = -8.4358014043E+00 -8.4293322022E+00 -7.6853599307E+00
           HessRho_EigVec1 = -4.9808883315E-02  9.9305988643E-01 -1.0654171533E-01
           HessRho_EigVec2 =  9.3474459233E-01  8.3926322069E-02  3.4526644723E-01
           HessRho_EigVec3 = -3.5181191319E-01  8.2391956080E-02  9.3243763508E-01
           DelSqRho = -2.4550493537E+01
           Bond Ellipticity = NA
           V = -6.1486989721E+00
           G =  5.5377938852E-03
           K =  6.1431611782E+00
           L =  6.1376233843E+00
           Vnuc =  4.6713229546E+01
           Ven = -2.0136307320E+01
           Vrep =  1.3987608348E+01
           DelSqV =  1.5727533839E+03
           DelSqVen =  1.1468328401E+03
           DelSqVrep =  4.2592054386E+02
           DelSqG =  1.1696104321E+02
           DelSqK = -1.6897144271E+03
           Stress_EigVals = -2.1130115436E+00 -2.1123357089E+00 -1.9233517196E+00
           Stress_EigVec1 = -9.2716858980E-01  1.0779445820E-01 -3.5880184066E-01
           Stress_EigVec2 =  1.2942235062E-01  9.9090874072E-01 -3.6738572647E-02
           Stress_EigVec3 = -3.5157966557E-01  8.0499828219E-02  9.3269047192E-01
           -DivStress = -5.6433563167E+00  1.1694292120E+00  1.4981924195E+01
           ESP =  -1.0218151723E+00     ESP at Nucleus =  -1.0232088201E+00
           ESPe = -1.5713946193E+01     ESPe at Nucleus = -1.5637366298E+01
           ESPn =  1.4692131021E+01     ESPn at Nucleus =  1.4614157478E+01

CP# 9      Coords = -3.42552689505151E+00 -5.67022143090824E+00  1.43922966570256E+00
           Type = (3,-3) NACP H9
           Rho =  4.2665673291E-01     Rho at Nucleus =  4.2263655402E-01
           GradRho = -7.9870734592E-14  4.4508559165E-14 -2.8296931313E-15
           HessRho_EigVals = -8.3586051731E+00 -8.3501835654E+00 -7.5868044437E+00
           HessRho_EigVec1 =  4.5783335992E-01  8.0820358218E-01 -3.7039922287E-01
           HessRho_EigVec2 =  1.4657815943E-01  3.4230662651E-01  9.2808459562E-01
           HessRho_EigVec3 =  8.7687140318E-01 -4.7920052505E-01  3.8254399415E-02
           DelSqRho = -2.4295593182E+01
           Bond Ellipticity = NA
           V = -6.0843886716E+00
           G =  5.2451880242E-03
           K =  6.0791434836E+00
           L =  6.0738982956E+00
           Vnuc =  4.6664161732E+01
           Ven = -1.9909578788E+01
           Vrep =  1.3825190117E+01
           DelSqV =  1.5544470972E+03
           DelSqVen =  1.1337334896E+03
           DelSqVrep =  4.2071360760E+02
           DelSqG =  1.1573531865E+02
           DelSqK = -1.6701824159E+03
           Stress_EigVals = -2.0929425453E+00 -2.0927279354E+00 -1.8987181909E+00
           Stress_EigVec1 =  4.5335778666E-01  8.4913909368E-01  2.7097881255E-01
           Stress_EigVec2 = -1.6296721689E-01 -2.1992524706E-01  9.6180797040E-01
           Stress_EigVec3 =  8.7630383058E-01 -4.8020379557E-01  3.8677011614E-02
           -DivStress =  1.4272334842E+01 -7.7374393695E+00  6.2976672461E-01
           ESP =  -1.0346635381E+00     ESP at Nucleus =  -1.0360901841E+00
           ESPe = -1.6382927608E+01     ESPe at Nucleus = -1.6315914794E+01
           ESPn =  1.5348264070E+01     ESPn at Nucleus =  1.5279824610E+01

CP# 10     Coords = -3.52073278648307E+00  4.42841278310304E+00  5.80666479275197E-01
           Type = (3,-3) NACP C10
           Rho =  1.1940296588E+02     Rho at Nucleus =  1.1940296074E+02
           GradRho = -1.9347313682E-11 -1.5530640914E-11 -8.5957090512E-13
           HessRho_EigVals = -1.8106212435E+05 -1.8105840364E+05 -1.8105830728E+05
           HessRho_EigVec1 =  2.3937809762E-01  9.3097983614E-01  2.7563503240E-01
           HessRho_EigVec2 = -2.9678352766E-01 -2.0014066720E-01  9.3373617850E-01
           HessRho_EigVec3 =  9.2445533375E-01 -3.0531992735E-01  2.2839018777E-01
           DelSqRho = -5.4317883527E+05
           Bond Ellipticity = NA
           V = -1.3580837615E+05
           G =  6.8336642779E+00
           K =  1.3580154248E+05
           L =  1.3579470882E+05
           Vnuc =  7.9665353080E+05
           Ven = -9.5122794353E+07
           Vrep =  9.4986985977E+07
           DelSqV =  4.6026033493E+09
           DelSqVen =  4.3272533862E+11
           DelSqVrep = -4.2812273553E+11
           DelSqG =  2.0593725962E+08
           DelSqK = -4.8085406090E+09
           Stress_EigVals = -4.5269816614E+04 -4.5269789557E+04 -4.5268769975E+04
           Stress_EigVec1 =  9.3683891616E-01 -3.0037778262E-01  1.7918156401E-01
           Stress_EigVec2 = -2.4917817295E-01 -2.1368728454E-01  9.4458879019E-01
           Stress_EigVec3 =  2.4544466443E-01  9.2957567316E-01  2.7503815111E-01
           -DivStress =  4.3551361754E+03  1.0086188308E+04  2.5461776819E+03
           ESP =  -1.4620688904E+01     ESP at Nucleus =  -1.4620689032E+01
           ESPe = -3.0930778201E+01     ESPe at Nucleus = -3.0930768460E+01
           ESPn =  1.6310089297E+01     ESPn at Nucleus =  1.6310079428E+01

CP# 11     Coords = -5.22865927804529E+00  2.28497157573326E-01  3.42617202784375E+00
           Type = (3,-3) NACP H11
           Rho =  4.2190376933E-01     Rho at Nucleus =  4.1728346910E-01
           GradRho = -2.9097275804E-15  4.1433463648E-17  1.2373592819E-15
           HessRho_EigVals = -8.2433480779E+00 -8.2309695617E+00 -7.3936354481E+00
           HessRho_EigVec1 =  1.2779000127E-01  9.8674642623E-01 -1.0000602932E-01
           HessRho_EigVec2 =  9.7670415193E-01 -1.0767704667E-01  1.8561964667E-01
           HessRho_EigVec3 = -1.7239116910E-01  1.2139663894E-01  9.7751938133E-01
           DelSqRho = -2.3867953088E+01
           Bond Ellipticity = NA
           V = -5.9764263057E+00
           G =  4.7190168761E-03
           K =  5.9717072888E+00
           L =  5.9669882719E+00
           Vnuc =  4.5807243617E+01
           Ven = -1.9326248744E+01
           Vrep =  1.3349822439E+01
           DelSqV =  1.5181241659E+03
           DelSqVen =  1.0933251417E+03
           DelSqVrep =  4.2479902421E+02
           DelSqG =  1.1299180668E+02
           DelSqK = -1.6311159726E+03
           Stress_EigVals = -2.0634278801E+00 -2.0633722086E+00 -1.8496262170E+00
           Stress_EigVec1 =  3.4464947962E-01  9.3708457312E-01 -5.5580923196E-02
           Stress_EigVec2 =  9.2275361053E-01 -3.2731139581E-01  2.0345275723E-01
           Stress_EigVec3 = -1.7246017061E-01  1.2140738446E-01  9.7750587546E-01
           -DivStress = -2.9468977172E+00  2.1057753110E+00  1.6886098888E+01
           ESP =  -9.5420473537E-01     ESP at Nucleus =  -9.5592750778E-01
           ESPe = -1.7825148487E+01     ESPe at Nucleus = -1.7721452550E+01
           ESPn =  1.6870943752E+01     ESPn at Nucleus =  1.6765525042E+01

CP# 12     Coords = -3.15225362966109E+00  1.83481650588535E+00 -4.02661145296392E+00
           Type = (3,-3) NACP H12
           Rho =  4.2210791741E-01     Rho at Nucleus =  4.1765159567E-01
           GradRho = -2.6199311817E-14 -4.4123697887E-14  6.9879899664E-14
           HessRho_EigVals = -8.2600829586E+00 -8.2486392632E+00 -7.4366674492E+00
           HessRho_EigVec1 =  2.9044759551E-02 -8.3629388269E-01 -5.4751159232E-01
           HessRho_EigVec2 =  9.4540463617E-01 -1.5489020185E-01  2.8673872998E-01
           HessRho_EigVec3 = -3.2460202686E-01 -5.2594825520E-01  7.8613736523E-01
           DelSqRho = -2.3945389671E+01
           Bond Ellipticity = NA
           V = -5.9970528501E+00
           G =  5.3527161970E-03
           K =  5.9917001339E+00
           L =  5.9863474177E+00
           Vnuc =  4.6481072186E+01
           Ven = -1.9620028580E+01
           Vrep =  1.3622975730E+01
           DelSqV =  1.5259265030E+03
           DelSqVen =  1.1130073858E+03
           DelSqVrep =  4.1291911717E+02
           DelSqG =  1.1367556810E+02
           DelSqK = -1.6396020711E+03
           Stress_EigVals = -2.0686618778E+00 -2.0680322083E+00 -1.8603587641E+00
           Stress_EigVec1 =  9.4529939644E-01 -1.5644038576E-01  2.8624370176E-01
           Stress_EigVec2 = -2.7303682428E-02  8.3647425613E-01  5.4732561402E-01
           Stress_EigVec3 = -3.2505931769E-01 -5.2520207972E-01  7.8644721084E-01
           -DivStress =  5.5804219752E+00  8.8840773652E+00 -1.3362022902E+01
           ESP =  -1.0037459900E+00     ESP at Nucleus =  -1.0053954522E+00
           ESPe = -1.7962763703E+01     ESPe at Nucleus = -1.7866690834E+01
           ESPn =  1.6959017713E+01     ESPn at Nucleus =  1.6861295382E+01

CP# 13     Coords = -3.98961255338304E+00 -3.25455032999052E+00 -3.57271714412916E+00
           Type = (3,-3) NACP H13
           Rho =  4.2180739624E-01     Rho at Nucleus =  4.1738218612E-01
           GradRho = -1.8914991101E-15  8.7291285311E-15  7.2231175034E-15
           HessRho_EigVals = -8.2542145898E+00 -8.2421621847E+00 -7.4358433810E+00
           HessRho_EigVec1 = -2.4866178170E-01 -6.7810408786E-01  6.9162284835E-01
           HessRho_EigVec2 =  9.6118883985E-01 -8.4650612703E-02  2.6258386834E-01
           HessRho_EigVec3 = -1.1951289666E-01  7.3007473576E-01  6.7283545368E-01
           DelSqRho = -2.3932220155E+01
           Bond Ellipticity = NA
           V = -5.9940138994E+00
           G =  5.4794302652E-03
           K =  5.9885344691E+00
           L =  5.9830550389E+00
           Vnuc =  4.5815287600E+01
           Ven = -1.9325227171E+01
           Vrep =  1.3331213271E+01
           DelSqV =  1.5255104852E+03
           DelSqVen =  1.0964615493E+03
           DelSqVrep =  4.2904893586E+02
           DelSqG =  1.1363293463E+02
           DelSqK = -1.6391434198E+03
           Stress_EigVals = -2.0673258529E+00 -2.0665362076E+00 -1.8601518389E+00
           Stress_EigVec1 =  9.5501510938E-01 -1.0087009632E-01  2.7887517732E-01
           Stress_EigVec2 = -2.7137585698E-01 -6.7646430253E-01  6.8465406715E-01
           Stress_EigVec3 = -1.1958798062E-01  7.2953496906E-01  6.7340733870E-01
           -DivStress =  2.0904702889E+00 -1.2318474618E+01 -1.1415053047E+01
           ESP =  -1.0006985983E+00     ESP at Nucleus =  -1.0023370593E+00
           ESPe = -1.7196442501E+01     ESPe at Nucleus = -1.7098109271E+01
           ESPn =  1.6195743902E+01     ESPn at Nucleus =  1.6095772212E+01

CP# 14     Coords = -6.46262150206983E-01  4.68060025847300E+00  6.56462316775485E-01
           Type = (3,-3) NACP C14
           Rho =  1.1937252486E+02     Rho at Nucleus =  1.1937252393E+02
           GradRho =  8.0985686907E-12 -5.2690583667E-11  2.2140648689E-12
           HessRho_EigVals = -1.8100719294E+05 -1.8100586911E+05 -1.8100562051E+05
           HessRho_EigVec1 =  9.8572184860E-01  1.6689487580E-01  2.2327955997E-02
           HessRho_EigVec2 = -1.3825154640E-01  7.2649406804E-01  6.7312174160E-01
           HessRho_EigVec3 =  9.6119441882E-02 -6.6659768191E-01  7.3919455042E-01
           DelSqRho = -5.4301868256E+05
           Bond Ellipticity = NA
           V = -1.3576891245E+05
           G =  7.1209056002E+00
           K =  1.3576179155E+05
           L =  1.3575467064E+05
           Vnuc =  1.8722781823E+06
           Ven = -2.2349857386E+08
           Vrep =  2.2336280494E+08
           DelSqV =  4.6012522891E+09
           DelSqVen =  1.0166820291E+12
           DelSqVrep = -1.0120807768E+12
           DelSqG =  2.0586907051E+08
           DelSqK = -4.8071213596E+09
           Stress_EigVals = -4.5256462890E+04 -4.5256399197E+04 -4.5256050365E+04
           Stress_EigVec1 =  9.7327656706E-02 -6.7741897880E-01  7.2913020401E-01
           Stress_EigVec2 = -1.3813619348E-01  7.1632286933E-01  6.8395901845E-01
           Stress_EigVec3 =  9.8561945968E-01  1.6728739948E-01  2.3858052807E-02
           -DivStress =  4.6829497833E+03 -9.5636646667E+02  3.7934400651E+02
           ESP =  -1.4715011641E+01     ESP at Nucleus =  -1.4715011662E+01
           ESPe = -3.0376510561E+01     ESPe at Nucleus = -3.0376509148E+01
           ESPn =  1.5661498920E+01     ESPn at Nucleus =  1.5661497487E+01

CP# 15     Coords = -4.36564493816536E+00  4.78685451259272E+00  2.39305142779230E+00
           Type = (3,-3) NACP H15
           Rho =  4.3627602312E-01     Rho at Nucleus =  4.3248025668E-01
           GradRho =  1.0818480985E-14 -9.3772578136E-15 -2.5257663384E-14
           HessRho_EigVals = -8.5405498536E+00 -8.5347258889E+00 -7.7991174325E+00
           HessRho_EigVec1 =  5.4070233807E-01  8.3943139697E-01  5.4734919257E-02
           HessRho_EigVec2 =  7.3521676490E-01 -5.0318782054E-01  4.5415671950E-01
           HessRho_EigVec3 = -4.0877535422E-01  2.0532156982E-01  8.8923886709E-01
           DelSqRho = -2.4874393175E+01
           Bond Ellipticity = NA
           V = -6.2297240940E+00
           G =  5.5629001476E-03
           K =  6.2241611939E+00
           L =  6.2185982937E+00
           Vnuc =  4.8694910989E+01
           Ven = -2.1244422112E+01
           Vrep =  1.5014698018E+01
           DelSqV =  1.5951594632E+03
           DelSqVen =  1.2112563616E+03
           DelSqVrep =  3.8390310161E+02
           DelSqG =  1.1862124285E+02
           DelSqK = -1.7137807060E+03
           Stress_EigVals = -2.1393088034E+00 -2.1383929532E+00 -1.9520223375E+00
           Stress_EigVec1 =  8.9991801075E-01 -7.3794333724E-02  4.2976967115E-01
           Stress_EigVec2 =  1.5466396329E-01  9.7551610529E-01 -1.5635660136E-01
