AIMSum (Version 17.11.14, Professional)
Copyright (c) 1997-2017 by Todd A. Keith
AIMSum is a component of the AIMAll package ( http://aim.tkgristmill.com )

TP:  64-bit Linux

Much of the Quantum Theory of Atoms in Molecules (QTAIM) is described in the book:
  "Atoms in Molecules - A Quantum Theory"
  R.F.W. Bader, Oxford University Press, Oxford, 1990

For additional references see:  http://aim.tkgristmill.com/references.html

Wfn File:  /home/localuser/Desktop/AIMAll/emimbf4/wfn/500.wfn
Sum File:  /home/localuser/Desktop/AIMAll/emimbf4/wfn/500.sum

SumViz File:  /home/localuser/Desktop/AIMAll/emimbf4/wfn/500.sumviz

Wfn Title:  B3LYP                                                                          
 
Total memory allocated for AIMSum =        1.306 Megabytes

Atomic units (a.u.) used throughout, except where stated otherwise

Model:  Restricted SCF
 
Restricted, closed-shell, single-determinant wavefunction.
  Number of electrons (from MO Occs)                   =         102.0000000000
  Number of Alpha electrons (from MO Occs)             =          51.0000000000
  Number of Beta electrons (from MO Occs)              =          51.0000000000
  Number of electron pairs (N*(N-1)/2)                 =        5151.0000000000
  Number of electron pairs (from Muller 2EDM)          =        5151.0000000000
 
Nuclear Charges and Cartesian Coordinates:
-------------------------------------------------------------------------------
Atom      Charge                X                  Y                  Z
-------------------------------------------------------------------------------
C1         6.0          -3.8566448400E+00   5.5194312000E-01  -2.6130164800E+00
C2         6.0          -4.2527979600E+00  -1.9520055700E+00  -2.1957645300E+00
N3         7.0          -4.3570389600E+00   1.8036574600E+00  -3.8335422000E-01
N4         7.0          -4.9201980100E+00  -2.2027116100E+00   3.1670044000E-01
C5         6.0          -4.9490340400E+00   9.1328280000E-02   1.3762305700E+00
C6         6.0          -5.2812453900E+00  -4.6050213500E+00   1.6449908700E+00
H7         1.0          -6.6487521600E+00  -5.7555768300E+00   6.2353265000E-01
H8         1.0          -5.9865671400E+00  -4.2239271500E+00   3.5386453300E+00
H9         1.0          -3.4719289300E+00  -5.5831478400E+00   1.7668137000E+00
C10        6.0          -3.5940523600E+00   4.4498244800E+00   1.4605494000E-01
H11        1.0          -5.3222297900E+00   4.8393420000E-01   3.3368193000E+00
H12        1.0          -3.2160029300E+00   1.5329328100E+00  -4.2745181600E+00
H13        1.0          -4.0285123600E+00  -3.5593653200E+00  -3.4199687500E+00
C14        6.0          -9.2895131000E-01   4.5515364200E+00   1.2524779100E+00
H15        1.0          -5.0112818900E+00   5.2579487500E+00   1.4089279800E+00
H16        1.0          -3.7186333300E+00   5.4438956300E+00  -1.6543410400E+00
H17        1.0          -8.9332883000E-01   3.7777870400E+00   3.1661456300E+00
H18        1.0          -3.0277004000E-01   6.5158034700E+00   1.3448984300E+00
H19        1.0           4.2303161000E-01   3.4627737200E+00   1.3223888000E-01
B20        5.0           5.1713110100E+00  -4.6003242000E-01  -1.3548500000E-03
F21        9.0           2.4077974800E+00  -4.7691945000E-01  -2.9437174000E-01
F22        9.0           6.2414747000E+00  -1.3664884000E+00  -2.2383639100E+00
F23        9.0           5.8783674800E+00   2.0645282100E+00   4.5046260000E-01
F24        9.0           5.7796311700E+00  -2.0007038000E+00   2.0612550300E+00
 
Some Atomic Properties:
----------------------
  q(A) = Net Charge of Atom A
  L(A) = Lagrangian of Atom A = -(1/4) Times Atomic Integral of the Laplacian of the Electron Density
  K(A) = Electronic Kinetic Energy of Atom A (Hamiltonian Form)
  K_Scaled(A) = K(A) * E(Mol)/K(Mol) = Approximation to Virial-Based Total Energy of Atom A.
  |Mu_Intra(A)| = Magnitude of Intraatomic Dipole Moment of Atom A
--------------------------------------------------------------------------------------------------
Atom A          q(A)              L(A)              K(A)          K_Scaled(A)      |Mu_Intra(A)|
--------------------------------------------------------------------------------------------------
C1        5.5420433430E-01 -7.5082777029E-05  3.7454882687E+01 -3.7498456949E+01  7.8021721158E-01
C2        5.2364648280E-01  2.0288644801E-05  3.7464629118E+01 -3.7508214718E+01  7.8272790606E-01
N3       -1.5497370629E+00 -2.1643303698E-04  5.5389910353E+01 -5.5454349867E+01  1.7096685294E-01
N4       -1.5589791039E+00  2.7513194624E-04  5.5387399990E+01 -5.5451836583E+01  1.6826245434E-01
C5        1.3343445453E+00 -3.7860250739E-04  3.6965349407E+01 -3.7008354155E+01  8.9046173120E-01
C6        5.1303196410E-01 -1.0288888568E-04  3.7442531577E+01 -3.7486091470E+01  6.1321994721E-01
H7        3.5806357370E-02  2.1890965545E-05  6.0778564969E-01 -6.0849273536E-01  1.2056033482E-01
H8        2.8604209290E-02  2.5307199395E-05  6.1063925172E-01 -6.1134965721E-01  1.1866226903E-01
H9        7.0830740830E-02  3.0907387839E-05  5.9265243943E-01 -5.9334191943E-01  1.1785559389E-01
C10       4.4989629990E-01 -8.2407519190E-05  3.7481107506E+01 -3.7524712277E+01  6.2466125104E-01
H11       1.4013383459E-01  2.1066328292E-05  5.5967430459E-01 -5.6032541848E-01  1.1138642073E-01
H12       1.1967321763E-01  2.0603642649E-05  5.6648431561E-01 -5.6714335213E-01  1.1368623552E-01
H13       1.1450866648E-01  2.1490754065E-05  5.6804048598E-01 -5.6870133292E-01  1.1409308339E-01
C14       1.3133101460E-01  9.4482226704E-05  3.7689565926E+01 -3.7733413213E+01  1.8697989196E-01
H15       1.0894740600E-03  2.4735836815E-05  6.2730385063E-01 -6.2803364339E-01  1.2299063221E-01
H16       1.6204951400E-02  3.2308267561E-05  6.2212564453E-01 -6.2284941306E-01  1.2068415766E-01
H17      -2.5662573200E-02  2.4544733769E-05  6.2828143578E-01 -6.2901236583E-01  1.2765379240E-01
H18      -6.5517207000E-03  2.2097860280E-05  6.1792143727E-01 -6.1864031471E-01  1.2529859512E-01
H19       1.0664772683E-01  2.8413128427E-05  5.7366794957E-01 -5.7433534339E-01  1.0142586926E-01
B20       2.5157467294E+00  9.5806993309E-05  2.3291237454E+01 -2.3318334014E+01  4.5960217358E-03
F21      -8.9035147040E-01  2.1459843360E-05  9.9791322273E+01 -9.9907417501E+01  2.1058714647E-01
F22      -8.7365944080E-01  2.2593073499E-05  9.9846474353E+01 -9.9962633744E+01  3.0328987101E-01
F23      -8.7639054210E-01  2.9104040154E-05  9.9839166870E+01 -9.9955317760E+01  2.8962872058E-01
F24      -8.7444874340E-01  2.4197130563E-05  9.9844084715E+01 -9.9960241326E+01  2.9882368529E-01
--------------------------------------------------------------------------------------------------
Total    -8.0108520002E-05  1.0152769980E-06  7.6446223899E+02 -7.6535159907E+02
 
1st Largest |L(A)| = 3.7860250739E-04, atom C5      
2nd Largest |L(A)| = 2.7513194624E-04, atom N4      
 
Molecular charge q(Mol) from the wfn file:   0.0000000000E+00
Molecular energy E(Mol) from the wfn file:  -7.6753478952E+02
Molecular virial ratio (-V(Mol)/T(Mol)) from the wfn file:   2.0011633800E+00
Note.  K_Scaled(A) = (1+V(Mol)/T(Mol))*K(A) = (E(Mol)/T(Mol))*K(A)
       Only use K_Scaled(A) data with caution.
 
N_AIMInt(SumA)     =        102.000080
N_Analytic(Mol)    =        102.000000
 
G_AIMInt(SumA)     =        764.462238
G_Analytic(Mol)    =        764.462169
 
K_AIMInt(SumA)     =        764.462239
K_Analytic(Mol)    =        764.462169
 
L_AIMInt(SumA)     =          0.000001
L_Analytic(Mol)    =          0.000000
 
VenT_AIMInt(SumA)  =      -3450.858678
VenT_Analytic(Mol) =      -3450.856566
 
Some Information About the Atomic Calculations:
----------------------------------------------
  Time(sec) = "Elapsed User Time", in Seconds, for Atom A by AIMInt and, if used, by TWOe
  NProc = Number of Processors Used for AIMInt Job
  BIM = Basin Integration Method
  OAQ = Angular Quadrature Outside of Beta Sphere
  ORQ = Multiple of Default for Radial Quadrature Outside of Beta Sphere
  IAQ = Multiple of Default for Angular Quadrature Inside of Beta Sphere
  IRQ = Multiple of Default for Radial Quadrature Inside of Beta Sphere
  MIR = Maximum Integration Radius
------------------------------------------------------------------------------------------------------
Atom A     Time(sec)   NProc      BIM          OAQ                     ORQ      IAQ      IRQ      MIR
------------------------------------------------------------------------------------------------------
C1             67        4     Proaim(5)    4500(GS4)                  1.00     1.00     1.00    13.00
C2             55        4     Proaim(5)    4500(GS4)                  1.00     1.00     1.00    13.00
N3             49        4     Proaim(5)    4500(GS4)                  1.00     1.00     1.00    13.00
N4             47        4     Proaim(5)    4500(GS4)                  1.00     1.00     1.00    13.00
C5             36        4     Proaim(5)    4500(GS4)                  1.00     1.00     1.00    13.00
C6             45        4     Proaim(5)    4500(GS4)                  1.00     1.00     1.00    13.00
H7              8        4     Proaim(5)    1800(GS4)                  1.00     1.00     1.00    13.00
H8             11        4     Proaim(5)    1800(GS4)                  1.00     1.00     1.00    13.00
H9             12        4     Proaim(5)    1800(GS4)                  1.00     1.00     1.00    13.00
C10            50        4     Proaim(5)    4500(GS4)                  1.00     1.00     1.00    13.00
H11            12        4     Proaim(5)    1800(GS4)                  1.00     1.00     1.00    13.00
H12            11        4     Proaim(5)    1800(GS4)                  1.00     1.00     1.00    13.00
H13             9        4     Proaim(5)    1800(GS4)                  1.00     1.00     1.00    13.00
C14            48        4     Proaim(5)    4500(GS4)                  1.00     1.00     1.00    13.00
H15             9        4     Proaim(5)    1800(GS4)                  1.00     1.00     1.00    13.00
H16            11        4     Proaim(5)    1800(GS4)                  1.00     1.00     1.00    13.00
H17            13        4     Proaim(5)    1800(GS4)                  1.00     1.00     1.00    13.00
H18            11        4     Proaim(5)    1800(GS4)                  1.00     1.00     1.00    13.00
H19            25        4     Proaim(5)    4500(GS4)                  1.00     1.00     1.00    13.00
B20            84        4     Proaim(5)    6300(GS6)                  1.00     1.00     1.00    13.00
F21            68        4     Proaim(5)    4500(GS4)                  1.00     1.00     1.00    13.00
F22            23        4     Proaim(5)    2700(GS4)                  1.00     1.00     1.00    13.00
F23            27        4     Proaim(5)    2700(GS4)                  1.00     1.00     1.00    13.00
F24            23        4     Proaim(5)    2700(GS4)                  1.00     1.00     1.00    13.00
------------------------------------------------------------------------------------------------------
Total         754
Note:  Total wall clock time is less than total of atomic times if more than one atom
       was calculated at a time
 
Electron Density Critical Point Analysis of Molecular Structure:               
---------------------------------------------------------------                
  NACP = Nuclear Attractor Critical Point                                      
  NNACP = Non-Nuclear Attractor Critical Point                                 
  BCP = Bond Critical Point                                                    
  RCP = Ring Critical Point                                                    
  CCP = Cage Critical Point                                                    
  Rho = Electron Density                                                       
  GradRho = Gradient of Electron Density                                       
  HessRho_EigVals = Eigenvalues of the Hessian of Rho, Ascending Order         
  HessRho_EigVecs = Eigenvectors of the Hessian of Rho                         
  DelSqRho = Laplacian of Rho = Trace of Hessian of Rho                        
  Bond Ellipticity = (HessRho_EigVal(1) / HessRho_EigVal(2)) - 1               
  V = Virial Field = Potential Energy Density = Trace of Stress Tensor         
  G = Lagrangian Form of Kinetic Energy Density                                
  K = Hamiltonian Form of Kinetic Energy Density                               
  L = K - G = Lagrangian Density = (-1/4)DelSqRho                              
  Vnuc = Electrostatic Potential from Nuclei                                   
  Ven = Electron-nuclear attractive contribution to Virial Field V             
  Vrep = V - Ven = Repulsive contribution to Virial Field V                    
  DelSqV = Laplacian of V                                                      
  DelSqVen = Laplacian of Ven                                                  
  DelSqVrep = Laplacian of Vrep                                                
  DelSqG = Laplacian of G                                                      
  DelSqK = Laplacian of K                                                      
  Stress_EigVals = Eigenvalues of Stress Tensor, Ascending Order               
  Stress_EigVecs = Eigenvectors of Stress Tensor                               
  -DivStress = Ehrenfest Force Density = Minus Divergence of Stress Tensor     
  ESP = Total Electrostatic Potential                                          
  ESPe = Electrostatic Potential from Electrons                                
  ESPn = Electrostatic Potential from Nuclei                                   
  BP = Bond Path                                                               
  BPL = Bond Path Length                                                       
  GBL = Geometric Bond Length                                                  
  GBL_I = Distance Between Nuclear Attractors                                  
  GBL_II = Distance Between Nuclei                                             
  GBL_III = Sum of Distances Between BCP and Nuclear Attractors                
  GBL_IV = Sum of Distances Between BCP and Nuclei                             

CP# 1      Coords = -3.85664648540128E+00  5.51946470561241E-01 -2.61301256779243E+00
           Type = (3,-3) NACP C1
           Rho =  1.1951859060E+02     Rho at Nucleus =  1.1951858795E+02
           GradRho = -3.8879982567E-11 -5.9317706996E-12 -1.2989161829E-11
           HessRho_EigVals = -1.8123386313E+05 -1.8123373256E+05 -1.8123125269E+05
           HessRho_EigVec1 =  6.6350078118E-01 -5.2869389759E-01 -5.2938594241E-01
           HessRho_EigVec2 =  7.1366288693E-01  2.3480641940E-01  6.5996305141E-01
           HessRho_EigVec3 =  2.2461522030E-01  8.1568910012E-01 -5.3310345595E-01
           DelSqRho = -5.4369884838E+05
           Bond Ellipticity = NA
           V = -1.3593877997E+05
           G =  7.0339396437E+00
           K =  1.3593174603E+05
           L =  1.3592471209E+05
           Vnuc =  1.1096272806E+06
           Ven = -1.3262108866E+08
           Vrep =  1.3248514988E+08
           DelSqV =  4.6069928077E+09
           DelSqVen =  6.0330307379E+11
           DelSqVrep = -5.9869608098E+11
           DelSqG =  2.0613279218E+08
           DelSqK = -4.8131255999E+09
           Stress_EigVals = -4.5313509147E+04 -4.5312747384E+04 -4.5312523442E+04
           Stress_EigVec1 =  2.3557645044E-01  8.1065784513E-01 -5.3603879909E-01
           Stress_EigVec2 = -8.5696895591E-02  5.6674084888E-01  8.1942714886E-01
           Stress_EigVec3 =  9.6807013077E-01 -1.4710087813E-01  2.0298165821E-01
           -DivStress =  2.4666659426E+03 -5.0233979860E+03 -5.8622262554E+03
           ESP =  -1.4617258889E+01     ESP at Nucleus =  -1.4617258964E+01
           ESPe = -3.2349906440E+01     ESPe at Nucleus = -3.2349900161E+01
           ESPn =  1.7732647551E+01     ESPn at Nucleus =  1.7732641197E+01

CP# 2      Coords = -4.25280008833246E+00 -1.95200714031130E+00 -2.19575948601924E+00
           Type = (3,-3) NACP C2
           Rho =  1.1950299231E+02     Rho at Nucleus =  1.1950298937E+02
           GradRho = -6.0468654389E-11  3.7295357774E-12  3.1610478991E-11
           HessRho_EigVals = -1.8120988005E+05 -1.8120944439E+05 -1.8120721321E+05
           HessRho_EigVec1 = -2.4551614924E-01 -2.0077053551E-01  9.4837387803E-01
           HessRho_EigVec2 =  9.6672079909E-01 -1.2329240884E-01  2.2416484676E-01
           HessRho_EigVec3 =  7.1921603579E-02  9.7184884318E-01  2.2435932997E-01
           DelSqRho = -5.4362653764E+05
           Bond Ellipticity = NA
           V = -1.3592074176E+05
           G =  7.0536759441E+00
           K =  1.3591368809E+05
           L =  1.3590663441E+05
           Vnuc =  1.0535016990E+06
           Ven = -1.2589660544E+08
           Vrep =  1.2576068470E+08
           DelSqV =  4.6063829540E+09
           DelSqVen =  5.7271148032E+11
           DelSqVrep = -5.6810509839E+11
           DelSqG =  2.0610492353E+08
           DelSqK = -4.8124878776E+09
           Stress_EigVals = -4.5307483752E+04 -4.5306687547E+04 -4.5306570464E+04
           Stress_EigVec1 =  5.4404675557E-02  9.7204832003E-01  2.2839044376E-01
           Stress_EigVec2 = -2.8205455269E-01 -2.0445381929E-01  9.3736005093E-01
           Stress_EigVec3 =  9.5785456129E-01 -1.1541533390E-01  2.6304741039E-01
           -DivStress =  3.1902533183E+03  2.3550165346E+03 -7.5581924850E+03
           ESP =  -1.4617281933E+01     ESP at Nucleus =  -1.4617282014E+01
           ESPe = -3.1919347282E+01     ESPe at Nucleus = -3.1919341691E+01
           ESPn =  1.7302065349E+01     ESPn at Nucleus =  1.7302059677E+01

CP# 3      Coords = -4.35703819304860E+00  1.80365548899585E+00 -3.83353375050128E-01
           Type = (3,-3) NACP N3
           Rho =  1.9378515214E+02     Rho at Nucleus =  1.9378515109E+02
           GradRho =  7.7610570748E-11  2.3720992184E-11 -5.7692045585E-13
           HessRho_EigVals = -4.0303128636E+05 -4.0302972458E+05 -4.0302520711E+05
           HessRho_EigVec1 = -3.0862483628E-01 -2.8572788950E-01  9.0725425521E-01
           HessRho_EigVec2 =  2.2498917501E-01  9.0482032664E-01  3.6149695384E-01
           HessRho_EigVec3 =  9.2419185322E-01 -3.1568932460E-01  2.1496434303E-01
           DelSqRho = -1.2090862180E+06
           Bond Ellipticity = NA
           V = -3.0231910697E+05
           G =  2.3776227814E+01
           K =  3.0229533074E+05
           L =  3.0227155451E+05
           Vnuc =  3.0735623071E+06
           Ven = -5.9561073928E+08
           Vrep =  5.9530842018E+08
           DelSqV =  1.4118404588E+10
           DelSqVen =  3.7162019144E+12
           DelSqVrep = -3.7020835098E+12
           DelSqG =  6.2875683867E+08
           DelSqK = -1.4747161426E+10
           Stress_EigVals = -1.0077364295E+05 -1.0077292998E+05 -1.0077253404E+05
           Stress_EigVec1 =  9.0994436686E-01 -3.6329101221E-01  2.0005221735E-01
           Stress_EigVec2 =  2.8478965861E-01  8.9800471842E-01  3.3538392337E-01
           Stress_EigVec3 = -3.0148980011E-01 -2.4820790912E-01  9.2059585828E-01
           -DivStress = -3.5229928644E+03  9.0540567161E+03 -3.8823376350E+03
           ESP =  -1.8198693140E+01     ESP at Nucleus =  -1.8198693157E+01
           ESPe = -3.6676827639E+01     ESPe at Nucleus = -3.6676824812E+01
           ESPn =  1.8478134499E+01     ESPn at Nucleus =  1.8478131655E+01

CP# 4      Coords = -4.92019804008294E+00 -2.20271075835058E+00  3.16700836652780E-01
           Type = (3,-3) NACP N4
           Rho =  1.9374367956E+02     Rho at Nucleus =  1.9374367938E+02
           GradRho = -1.2424814129E-10  1.0015603285E-09  4.9594228117E-10
           HessRho_EigVals = -4.0294351229E+05 -4.0294268241E+05 -4.0293734382E+05
           HessRho_EigVec1 = -1.3050312648E-01  7.7875949566E-01  6.1359806217E-01
           HessRho_EigVec2 = -1.4542754543E-01 -6.2723273146E-01  7.6513392920E-01
           HessRho_EigVec3 =  9.8072410137E-01  1.0618309876E-02  1.9510891442E-01
           DelSqRho = -1.2088235385E+06
           Bond Ellipticity = NA
           V = -3.0225353409E+05
           G =  2.3824728504E+01
           K =  3.0222970936E+05
           L =  3.0220588463E+05
           Vnuc =  7.4470573731E+06
           Ven = -1.4428202973E+09
           Vrep =  1.4425180438E+09
           DelSqV =  1.4115353542E+10
           DelSqVen =  9.0021797560E+12
           DelSqVrep = -8.9880646646E+12
           DelSqG =  6.2861836841E+08
           DelSqK = -1.4743971911E+10
           Stress_EigVals = -1.0075185245E+05 -1.0075094738E+05 -1.0075073426E+05
           Stress_EigVec1 =  9.8270459764E-01  4.3129978293E-02  1.8008741972E-01
           Stress_EigVec2 =  9.5148032737E-02  7.1670689333E-01 -6.9085315438E-01
           Stress_EigVec3 = -1.5886637667E-01  6.9603953482E-01  7.0020742665E-01
           -DivStress =  1.3980204771E+02 -3.9122305112E+03 -1.8228327291E+03
           ESP =  -1.8188017839E+01     ESP at Nucleus =  -1.8188017842E+01
           ESPe = -3.5914691880E+01     ESPe at Nucleus = -3.5914691074E+01
           ESPn =  1.7726674040E+01     ESPn at Nucleus =  1.7726673232E+01

CP# 5      Coords = -4.94903420768333E+00  9.13274187629240E-02  1.37622704735206E+00
           Type = (3,-3) NACP C5
           Rho =  1.1954336051E+02     Rho at Nucleus =  1.1954335931E+02
           GradRho = -2.3343459110E-11  7.1555088244E-13  1.2461249047E-11
           HessRho_EigVals = -1.8127315751E+05 -1.8127197224E+05 -1.8127039281E+05
           HessRho_EigVec1 =  9.4286155069E-01 -1.8994047479E-01  2.7374205427E-01
           HessRho_EigVec2 =  2.2257198405E-01  9.7044596140E-01 -9.3254211262E-02
           HessRho_EigVec3 = -2.4793912187E-01  1.4885312238E-01  9.5727161235E-01
           DelSqRho = -5.4381552256E+05
           Bond Ellipticity = NA
           V = -1.3596768579E+05
           G =  6.9025748775E+00
           K =  1.3596078321E+05
           L =  1.3595388064E+05
           Vnuc =  1.6527856174E+06
           Ven = -1.9757954691E+08
           Vrep =  1.9744357922E+08
           DelSqV =  4.6079749359E+09
           DelSqVen =  8.9881047450E+11
           DelSqVrep = -8.9420249956E+11
           DelSqG =  2.0617812429E+08
           DelSqK = -4.8141530602E+09
           Stress_EigVals = -4.5323045681E+04 -4.5322618953E+04 -4.5322021156E+04
           Stress_EigVec1 = -2.3581256955E-01  1.4645173915E-01  9.6069991160E-01
           Stress_EigVec2 =  1.7738628158E-01  9.7845746745E-01 -1.0561766656E-01
           Stress_EigVec3 =  9.5547189344E-01 -1.4550901169E-01  2.5671109904E-01
           -DivStress =  2.5130961670E+02  1.2910924527E+03  5.2802698591E+03
           ESP =  -1.4545743146E+01     ESP at Nucleus =  -1.4545743167E+01
           ESPe = -3.2744870218E+01     ESPe at Nucleus = -3.2744863938E+01
           ESPn =  1.8199127071E+01     ESPn at Nucleus =  1.8199120771E+01

CP# 6      Coords = -5.28124505543171E+00 -4.60501505549728E+00  1.64498770935344E+00
           Type = (3,-3) NACP C6
           Rho =  1.1937531220E+02     Rho at Nucleus =  1.1937530770E+02
           GradRho =  8.0027442030E-11 -1.9526839618E-11 -3.4358420243E-12
           HessRho_EigVals = -1.8101563263E+05 -1.8101222047E+05 -1.8101206541E+05
           HessRho_EigVec1 =  1.4133499187E-01  8.6035467544E-01 -4.8970833413E-01
           HessRho_EigVec2 =  1.6501088736E-01  4.6727963136E-01  8.6857420706E-01
           HessRho_EigVec3 =  9.7611260986E-01 -2.0356713526E-01 -7.5924925544E-02
           DelSqRho = -5.4303991851E+05
           Bond Ellipticity = NA
           V = -1.3577395318E+05
           G =  6.9867755322E+00
           K =  1.3576696640E+05
           L =  1.3575997963E+05
           Vnuc =  8.5090788554E+05
           Ven = -1.0157739449E+08
           Vrep =  1.0144162054E+08
           DelSqV =  4.6014304999E+09
           DelSqVen =  4.6207695040E+11
           DelSqVrep = -4.5747551990E+11
           DelSqG =  2.0587997641E+08
           DelSqK = -4.8073104763E+09
           Stress_EigVals = -4.5258317000E+04 -4.5258278392E+04 -4.5257357787E+04
           Stress_EigVec1 =  9.7603622262E-01 -2.0227374784E-01 -8.0241031050E-02
           Stress_EigVec2 =  1.6805597305E-01  4.6641170461E-01  8.6845685657E-01
           Stress_EigVec3 =  1.3824066715E-01  8.6113033435E-01 -4.8922802987E-01
           -DivStress = -5.0036613993E+02 -9.4213415543E+03  4.7306523343E+03
           ESP =  -1.4609926361E+01     ESP at Nucleus =  -1.4609926469E+01
           ESPe = -2.8879099409E+01     ESPe at Nucleus = -2.8879086928E+01
           ESPn =  1.4269173047E+01     ESPn at Nucleus =  1.4269160458E+01

CP# 7      Coords = -6.62799073690584E+00 -5.73758908865095E+00  6.38509679803037E-01
           Type = (3,-3) NACP H7
           Rho =  4.3063833790E-01     Rho at Nucleus =  4.2673802302E-01
           GradRho =  1.3162960245E-10  1.1398355996E-10  9.5048350294E-11
           HessRho_EigVals = -8.4350846595E+00 -8.4270545318E+00 -7.6796576541E+00
           HessRho_EigVec1 =  1.8728955125E-01 -7.4968337383E-01  6.3474204446E-01
           HessRho_EigVec2 = -7.2458312688E-01  3.3086190815E-01  6.0457397395E-01
           HessRho_EigVec3 =  6.6325102052E-01  5.7315376361E-01  4.8124094488E-01
           DelSqRho = -2.4541796845E+01
           Bond Ellipticity = NA
           V = -6.1463072850E+00
           G =  5.4290368387E-03
           K =  6.1408782482E+00
           L =  6.1354492113E+00
           Vnuc =  4.6209658485E+01
           Ven = -1.9899650525E+01
           Vrep =  1.3753343240E+01
           DelSqV =  1.5721453816E+03
           DelSqVen =  1.1340680512E+03
           DelSqVrep =  4.3807733031E+02
           DelSqG =  1.1699167189E+02
           DelSqK = -1.6891370534E+03
           Stress_EigVals = -2.1124002517E+00 -2.1119450916E+00 -1.9219619417E+00
           Stress_EigVec1 =  7.0347042532E-01 -6.9751573450E-01 -1.3638607272E-01
           Stress_EigVec2 = -2.5667144684E-01 -4.2827650908E-01  8.6642887772E-01
           Stress_EigVec3 =  6.6275872614E-01  5.7450068050E-01  4.8031223077E-01
           -DivStress = -1.0668197390E+01 -9.2436364544E+00 -7.6975453831E+00
           ESP =  -1.0268210087E+00     ESP at Nucleus =  -1.0282124833E+00
           ESPe = -1.5274821931E+01     ESPe at Nucleus = -1.5194494296E+01
           ESPn =  1.4248000922E+01     ESPn at Nucleus =  1.4166281813E+01

CP# 8      Coords = -5.97587831874159E+00 -4.22848188783544E+00  3.50962824057394E+00
           Type = (3,-3) NACP H8
           Rho =  4.3097455042E-01     Rho at Nucleus =  4.2708074345E-01
           GradRho =  3.8516098371E-14 -1.5517342897E-14 -1.0690671464E-13
           HessRho_EigVals = -8.4337159932E+00 -8.4272784361E+00 -7.6825122754E+00
           HessRho_EigVec1 = -3.5857675116E-02  9.8334460241E-01 -1.7817861835E-01
           HessRho_EigVec2 =  9.3891127046E-01  9.4215660010E-02  3.3101213815E-01
           HessRho_EigVec3 = -3.4228621551E-01  1.5542458722E-01  9.2665168448E-01
           DelSqRho = -2.4543506705E+01
           Bond Ellipticity = NA
           V = -6.1469458612E+00
           G =  5.5345925329E-03
           K =  6.1414112687E+00
           L =  6.1358766762E+00
           Vnuc =  4.6681624458E+01
           Ven = -2.0118592114E+01
           Vrep =  1.3971646253E+01
           DelSqV =  1.5722132432E+03
           DelSqVen =  1.1457307629E+03
           DelSqVrep =  4.2648248037E+02
           DelSqG =  1.1691877746E+02
           DelSqK = -1.6891320207E+03
           Stress_EigVals = -2.1124934556E+00 -2.1118145554E+00 -1.9226378502E+00
           Stress_EigVec1 =  9.3155443245E-01 -7.4009164451E-02  3.5599014448E-01
           Stress_EigVec2 = -1.2327146905E-01 -9.8536571763E-01  1.1772233191E-01
           Stress_EigVec3 = -3.4206795277E-01  1.5354818816E-01  9.2704502027E-01
           -DivStress = -5.4922238258E+00  2.3436609719E+00  1.4910382690E+01
           ESP =  -1.0200923186E+00     ESP at Nucleus =  -1.0214880582E+00
           ESPe = -1.5708686144E+01     ESPe at Nucleus = -1.5632480088E+01
           ESPn =  1.4688593825E+01     ESPn at Nucleus =  1.4610992030E+01

CP# 9      Coords = -3.49984896341917E+00 -5.56785052115445E+00  1.76460064758586E+00
           Type = (3,-3) NACP H9
           Rho =  4.2674481559E-01     Rho at Nucleus =  4.2272891258E-01
           GradRho = -7.4288502867E-14  3.7215781672E-14 -5.8518389245E-15
           HessRho_EigVals = -8.3596822272E+00 -8.3512718977E+00 -7.5884993185E+00
           HessRho_EigVec1 =  4.6188907258E-01  7.7521227775E-01 -4.3093434426E-01
           HessRho_EigVec2 =  1.5452605334E-01  4.0810142461E-01  8.9976381683E-01
           HessRho_EigVec3 =  8.7337287768E-01 -4.8218165836E-01  6.8707094757E-02
           DelSqRho = -2.4299453443E+01
           Bond Ellipticity = NA
           V = -6.0853733393E+00
           G =  5.2549892273E-03
           K =  6.0801183501E+00
           L =  6.0748633608E+00
           Vnuc =  4.6616983939E+01
           Ven = -1.9893556214E+01
           Vrep =  1.3808182875E+01
           DelSqV =  1.5547395793E+03
           DelSqVen =  1.1327672309E+03
           DelSqVrep =  4.2197234841E+02
           DelSqG =  1.1574821966E+02
           DelSqK = -1.6704877990E+03
           Stress_EigVals = -2.0932251108E+00 -2.0930029449E+00 -1.8991452836E+00
           Stress_EigVec1 =  4.5699553785E-01  8.5873121548E-01  2.3180978830E-01
           Stress_EigVec2 = -1.7144700744E-01 -1.7068593789E-01  9.7029492127E-01
           Stress_EigVec3 =  8.7278920824E-01 -4.8316354392E-01  6.9224185100E-02
           -DivStress =  1.4206640905E+01 -7.7857098351E+00  1.1261352084E+00
           ESP =  -1.0325978327E+00     ESP at Nucleus =  -1.0340226248E+00
           ESPe = -1.6314300943E+01     ESPe at Nucleus = -1.6246887815E+01
           ESPn =  1.5281703110E+01     ESPn at Nucleus =  1.5212865190E+01

CP# 10     Coords = -3.59405521934406E+00  4.44981765124423E+00  1.46053528859943E-01
           Type = (3,-3) NACP C10
           Rho =  1.1940305937E+02     Rho at Nucleus =  1.1940305423E+02
           GradRho = -9.0717017232E-13  4.4623433936E-11  3.8144227360E-13
           HessRho_EigVals = -1.8106222109E+05 -1.8105846968E+05 -1.8105837247E+05
           HessRho_EigVec1 =  2.4741954608E-01  9.5460698385E-01  1.6585859820E-01
           HessRho_EigVec2 = -8.0600899208E-01  1.0778417263E-01  5.8200693880E-01
           HessRho_EigVec3 =  5.3771095665E-01 -2.7768341418E-01  7.9608972396E-01
           DelSqRho = -5.4317906325E+05
           Bond Ellipticity = NA
           V = -1.3580843889E+05
           G =  6.8365385564E+00
           K =  1.3580160235E+05
           L =  1.3579476581E+05
           Vnuc =  7.9614011618E+05
           Ven = -9.5061565557E+07
           Vrep =  9.4925757118E+07
           DelSqV =  4.6026052539E+09
           DelSqVen =  4.3244664218E+11
           DelSqVrep = -4.2784403718E+11
           DelSqG =  2.0593727834E+08
           DelSqK = -4.8085425323E+09
           Stress_EigVals = -4.5269841056E+04 -4.5269812907E+04 -4.5268784925E+04
           Stress_EigVec1 =  5.6381237894E-01 -2.8597489335E-01  7.7481221062E-01
           Stress_EigVec2 = -7.8608521566E-01  1.0196569902E-01  6.0964992409E-01
           Stress_EigVec3 =  2.5334884069E-01  9.5279659770E-01  1.6731111238E-01
           -DivStress =  4.2842334293E+03  1.0223538680E+04  2.1138238381E+03
           ESP =  -1.4620237653E+01     ESP at Nucleus =  -1.4620237782E+01
           ESPe = -3.0881105876E+01     ESPe at Nucleus = -3.0881096088E+01
           ESPn =  1.6260868222E+01     ESPn at Nucleus =  1.6260858306E+01

CP# 11     Coords = -5.31613532211032E+00  4.77188580510112E-01  3.30346693599547E+00
           Type = (3,-3) NACP H11
           Rho =  4.2179531384E-01     Rho at Nucleus =  4.1717347717E-01
           GradRho = -1.0089856468E-15 -2.1946284850E-16 -1.6957193028E-15
           HessRho_EigVals = -8.2411501286E+00 -8.2289383482E+00 -7.3913973218E+00
           HessRho_EigVec1 = -1.2423811364E-01 -9.7687134436E-01  1.7403237537E-01
           HessRho_EigVec2 =  9.7613379382E-01 -8.8840276435E-02  1.9816715631E-01
           HessRho_EigVec3 = -1.7812273206E-01  1.9449879650E-01  9.6459447981E-01
           DelSqRho = -2.3861485799E+01
           Bond Ellipticity = NA
           V = -5.9748025839E+00
           G =  4.7155671397E-03
           K =  5.9700870168E+00
           L =  5.9653714496E+00
           Vnuc =  4.5850303989E+01
           Ven = -1.9339443361E+01
           Vrep =  1.3364640777E+01
           DelSqV =  1.5176816291E+03
           DelSqVen =  1.0940563775E+03
           DelSqVrep =  4.2362525160E+02
           DelSqG =  1.1295975771E+02
           DelSqK = -1.6306413868E+03
           Stress_EigVals = -2.0628919848E+00 -2.0628565493E+00 -1.8490540498E+00
           Stress_EigVec1 =  3.8096904460E-01  9.1745391152E-01 -1.1463379650E-01
           Stress_EigVec2 = -9.0724545611E-01  3.4703810958E-01 -2.3763466262E-01
           Stress_EigVec3 = -1.7823655470E-01  1.9453244137E-01  9.6456666945E-01
           -DivStress = -3.0460891516E+00  3.3700926257E+00  1.6662719451E+01
           ESP =  -9.5288407930E-01     ESP at Nucleus =  -9.5460866438E-01
           ESPe = -1.7875661334E+01     ESPe at Nucleus = -1.7772517963E+01
           ESPn =  1.6922777254E+01     ESPn at Nucleus =  1.6817909299E+01

CP# 12     Coords = -3.22712555296798E+00  1.51719423491000E+00 -4.24663784293505E+00
           Type = (3,-3) NACP H12
           Rho =  4.2182231488E-01     Rho at Nucleus =  4.1736413783E-01
           GradRho = -6.7680222863E-14 -9.3680075362E-14  1.6793679078E-13
           HessRho_EigVals = -8.2542837692E+00 -8.2426621342E+00 -7.4306354615E+00
           HessRho_EigVec1 =  3.8615446839E-02 -8.7529084371E-01 -4.8205267989E-01
           HessRho_EigVec2 =  9.4517979384E-01 -1.2454888181E-01  3.0186542259E-01
           HessRho_EigVec3 = -3.2425916268E-01 -4.6728312078E-01  8.2249770848E-01
           DelSqRho = -2.3927581365E+01
           Bond Ellipticity = NA
           V = -5.9925524229E+00
           G =  5.3285408500E-03
           K =  5.9872238821E+00
           L =  5.9818953412E+00
           Vnuc =  4.6257436461E+01
           Ven = -1.9512418928E+01
           Vrep =  1.3519866506E+01
           DelSqV =  1.5247187474E+03
           DelSqVen =  1.1068285747E+03
           DelSqVrep =  4.1789017273E+02
           DelSqG =  1.1358297298E+02
           DelSqK = -1.6383017204E+03
           Stress_EigVals = -2.0671473926E+00 -2.0665530737E+00 -1.8588519566E+00
           Stress_EigVec1 =  9.4561522137E-01 -1.4050723339E-01  2.9337615867E-01
           Stress_EigVec2 =  2.1272678253E-02 -8.7325617222E-01 -4.8679680653E-01
           Stress_EigVec3 = -3.2459101385E-01 -4.6656336660E-01  8.2277536344E-01
           -DivStress =  5.5728651510E+00  7.8865198307E+00 -1.3973737056E+01
           ESP =  -1.0017262691E+00     ESP at Nucleus =  -1.0033738772E+00
           ESPe = -1.7754444038E+01     ESPe at Nucleus = -1.7658052475E+01
           ESPn =  1.6752717768E+01     ESPn at Nucleus =  1.6654678598E+01

CP# 13     Coords = -4.03277670674698E+00 -3.53310403878545E+00 -3.39917858108809E+00
           Type = (3,-3) NACP H13
           Rho =  4.2166333600E-01     Rho at Nucleus =  4.1723877661E-01
           GradRho = -6.0212251851E-15  4.4523561812E-14  3.5677976415E-14
           HessRho_EigVals = -8.2512506929E+00 -8.2391198805E+00 -7.4331715452E+00
           HessRho_EigVec1 =  2.4456572149E-01  6.2323943029E-01 -7.4280564107E-01
           HessRho_EigVec2 =  9.6187723684E-01 -5.9242202877E-02  2.6698790731E-01
           HessRho_EigVec3 = -1.2239194876E-01  7.7978392772E-01  6.1396843319E-01
           DelSqRho = -2.3923542119E+01
           Bond Ellipticity = NA
           V = -5.9918804878E+00
           G =  5.4974790636E-03
           K =  5.9863830087E+00
           L =  5.9808855297E+00
           Vnuc =  4.5710903043E+01
           Ven = -1.9274611868E+01
           Vrep =  1.3282731381E+01
           DelSqV =  1.5249540551E+03
           DelSqVen =  1.0935667142E+03
           DelSqVrep =  4.3138734092E+02
           DelSqG =  1.1359004197E+02
           DelSqK = -1.6385440971E+03
           Stress_EigVals = -2.0666064040E+00 -2.0657938544E+00 -1.8594802294E+00
           Stress_EigVec1 =  9.5766623002E-01 -6.9711775903E-02  2.7931283570E-01
           Stress_EigVec2 = -2.6050919006E-01 -6.2276935033E-01  7.3776235888E-01
           Stress_EigVec3 = -1.2251674900E-01  7.7929365748E-01  6.1456573418E-01
           -DivStress =  2.1355464121E+00 -1.3158503149E+01 -1.0419547353E+01
           ESP =  -9.9865762741E-01     ESP at Nucleus =  -1.0002966508E+00
           ESPe = -1.7093034719E+01     ESPe at Nucleus = -1.6994952292E+01
           ESPn =  1.6094377092E+01     ESPn at Nucleus =  1.5994655641E+01

CP# 14     Coords = -9.28954543290223E-01  4.55153713694745E+00  1.25247784410375E+00
           Type = (3,-3) NACP C14
           Rho =  1.1937315132E+02     Rho at Nucleus =  1.1937315033E+02
           GradRho =  9.6079810774E-12 -7.0212812127E-11 -9.3918579511E-12
           HessRho_EigVals = -1.8100821136E+05 -1.8100701311E+05 -1.8100646788E+05
           HessRho_EigVec1 =  8.7101496384E-01  7.8183835304E-02  4.8499507282E-01
           HessRho_EigVec2 = -2.4925661800E-01 -7.8040053259E-01  5.7345108520E-01
           HessRho_EigVec3 = -4.2332501833E-01  6.2037270784E-01  6.6025270330E-01
           DelSqRho = -5.4302169236E+05
           Bond Ellipticity = NA
           V = -1.3576966381E+05
           G =  7.1203624528E+00
           K =  1.3576254345E+05
           L =  1.3575542309E+05
           Vnuc =  1.8113473994E+06
           Ven = -2.1622624721E+08
           Vrep =  2.1609047755E+08
           DelSqV =  4.6012776991E+09
           DelSqVen =  9.8360093491E+11
           DelSqVrep = -9.7899965721E+11
           DelSqG =  2.0587027233E+08
           DelSqK = -4.8071479715E+09
           Stress_EigVals = -4.5256754472E+04 -4.5256611858E+04 -4.5256297484E+04
           Stress_EigVec1 = -4.1659533406E-01  6.3246919319E-01  6.5301688134E-01
           Stress_EigVec2 = -2.5429543890E-01 -7.7071570787E-01  5.8423550679E-01
           Stress_EigVec3 =  8.7280132756E-01  7.7330571668E-02  4.8191059886E-01
           -DivStress =  4.8376635744E+03 -1.0736989624E+03  9.7185481472E+01
           ESP =  -1.4713786098E+01     ESP at Nucleus =  -1.4713786122E+01
           ESPe = -3.0247069990E+01     ESPe at Nucleus = -3.0247068740E+01
           ESPn =  1.5533283892E+01     ESPn at Nucleus =  1.5533282618E+01

CP# 15     Coords = -4.99053218006263E+00  5.24505452129759E+00  1.39047586408567E+00
           Type = (3,-3) NACP H15
           Rho =  4.3610074053E-01     Rho at Nucleus =  4.3231231106E-01
           GradRho =  1.1009393909E-10 -6.8188367848E-11 -9.7892956301E-11
           HessRho_EigVals = -8.5455857617E+00 -8.5387990801E+00 -7.8032368078E+00
           HessRho_EigVec1 =  6.1396701805E-01  7.7261737069E-01  1.6157629546E-01
           HessRho_EigVec2 =  4.0027971113E-01 -4.8118418971E-01  7.7989610105E-01
           HessRho_EigVec3 =  6.8030923381E-01 -4.1415477068E-01 -6.0469428004E-01
           DelSqRho = -2.4887621650E+01
           Bond Ellipticity = NA
           V = -6.2329484904E+00
           G =  5.5215390229E-03
           K =  6.2274269514E+00
           L =  6.2219054124E+00
           Vnuc =  4.8392599476E+01
           Ven = -2.1104048467E+01
           Vrep =  1.4871099977E+01
           DelSqV =  1.5963241392E+03
           DelSqVen =  1.2043767067E+03
           DelSqVrep =  3.9194743248E+02
           DelSqG =  1.1879338377E+02
           DelSqK = -1.7151175230E+03
           Stress_EigVals = -2.1404248659E+00 -2.1394652871E+00 -1.9530583374E+00
           Stress_EigVec1 =  6.9525683413E-01  1.0038319320E-01  7.1171704288E-01
           Stress_EigVec2 =  2.3522472563E-01  9.0389446492E-01 -3.5727317941E-01
