AIMSum (Version 17.11.14, Professional)
Copyright (c) 1997-2017 by Todd A. Keith
AIMSum is a component of the AIMAll package ( http://aim.tkgristmill.com )

TP:  64-bit Linux

Much of the Quantum Theory of Atoms in Molecules (QTAIM) is described in the book:
  "Atoms in Molecules - A Quantum Theory"
  R.F.W. Bader, Oxford University Press, Oxford, 1990

For additional references see:  http://aim.tkgristmill.com/references.html

Wfn File:  /home/localuser/Desktop/AIMAll/emimbf4/wfn/550.wfn
Sum File:  /home/localuser/Desktop/AIMAll/emimbf4/wfn/550.sum

SumViz File:  /home/localuser/Desktop/AIMAll/emimbf4/wfn/550.sumviz

Wfn Title:  B3LYP                                                                          
 
Total memory allocated for AIMSum =        1.279 Megabytes

Atomic units (a.u.) used throughout, except where stated otherwise

Model:  Restricted SCF
 
Restricted, closed-shell, single-determinant wavefunction.
  Number of electrons (from MO Occs)                   =         102.0000000000
  Number of Alpha electrons (from MO Occs)             =          51.0000000000
  Number of Beta electrons (from MO Occs)              =          51.0000000000
  Number of electron pairs (N*(N-1)/2)                 =        5151.0000000000
  Number of electron pairs (from Muller 2EDM)          =        5151.0000000000
 
Nuclear Charges and Cartesian Coordinates:
-------------------------------------------------------------------------------
Atom      Charge                X                  Y                  Z
-------------------------------------------------------------------------------
C1         6.0           4.3652660800E+00  -7.5953770000E-01  -2.4220421800E+00
C2         6.0           4.6945201700E+00   1.7844103300E+00  -2.2700433200E+00
N3         7.0           4.8175426300E+00  -1.7465433900E+00  -5.1336110000E-02
N4         7.0           5.2646148100E+00   2.3285775000E+00   2.2154800000E-01
C5         6.0           5.3015455900E+00   1.6449243000E-01   1.5261924200E+00
C6         6.0           5.5405362100E+00   4.8700674800E+00   1.2895863200E+00
H7         1.0           6.9528456400E+00   5.9164911600E+00   2.1826158000E-01
H8         1.0           6.1478804700E+00   4.7092667800E+00   3.2475869400E+00
H9         1.0           3.7226250200E+00   5.8360614800E+00   1.2104317600E+00
C10        6.0           4.1143172400E+00  -4.3436408500E+00   7.4606842000E-01
H11        1.0           5.6080362800E+00  -4.8216300000E-03   3.5301382800E+00
H12        1.0           3.8314379900E+00  -1.9298866500E+00  -3.9960983200E+00
H13        1.0           4.4999066500E+00   3.2399652000E+00  -3.6765849400E+00
C14        6.0           1.2746793500E+00  -4.7754658600E+00   4.5302706000E-01
H15        1.0           4.7219050900E+00  -4.5279527800E+00   2.7073481000E+00
H16        1.0           5.2294789600E+00  -5.6566519300E+00  -3.8865675000E-01
H17        1.0           1.4962129000E-01  -3.2823192600E+00   1.3326954000E+00
H18        1.0           7.7940453000E-01  -6.5847637500E+00   1.3132778600E+00
H19        1.0           7.2465040000E-01  -4.8499603100E+00  -1.5335288400E+00
B20        5.0          -5.6751765900E+00   4.2340047000E-01   1.6811370000E-02
F21        9.0          -2.9742109600E+00  -1.4381364000E-01   2.5772774000E-01
F22        9.0          -6.1287140000E+00   1.1286435000E+00  -2.5008695300E+00
F23        9.0          -7.0255490200E+00  -1.7642457400E+00   6.5199757000E-01
F24        9.0          -6.2360974500E+00   2.4161262500E+00   1.6733652700E+00
 
Some Atomic Properties:
----------------------
  q(A) = Net Charge of Atom A
  L(A) = Lagrangian of Atom A = -(1/4) Times Atomic Integral of the Laplacian of the Electron Density
  K(A) = Electronic Kinetic Energy of Atom A (Hamiltonian Form)
  K_Scaled(A) = K(A) * E(Mol)/K(Mol) = Approximation to Virial-Based Total Energy of Atom A.
  |Mu_Intra(A)| = Magnitude of Intraatomic Dipole Moment of Atom A
--------------------------------------------------------------------------------------------------
Atom A          q(A)              L(A)              K(A)          K_Scaled(A)      |Mu_Intra(A)|
--------------------------------------------------------------------------------------------------
C1        5.4568825710E-01  3.4472338809E-05  3.7458320989E+01 -3.7502132241E+01  7.7865431498E-01
C2        5.1841601500E-01 -2.2113655644E-04  3.7466241533E+01 -3.7510062049E+01  7.8272153943E-01
N3       -1.5508778887E+00 -6.1760546576E-05  5.5387721148E+01 -5.5452502627E+01  1.7531919083E-01
N4       -1.5614221287E+00  2.5884768456E-05  5.5387513600E+01 -5.5452294836E+01  1.6845398763E-01
C5        1.3383360702E+00 -1.4908088221E-04  3.6963254728E+01 -3.7006486951E+01  8.9444759371E-01
C6        5.1004180880E-01  1.6088341336E-06  3.7443991464E+01 -3.7487785957E+01  6.1199084095E-01
H7        3.8365936650E-02  2.4066188877E-05  6.0669597159E-01 -6.0740556319E-01  1.2031652364E-01
H8        3.1857853630E-02  2.3372774731E-05  6.0923993079E-01 -6.0995249781E-01  1.1830235659E-01
H9        7.0270216450E-02  1.5775466736E-05  5.9295984585E-01 -5.9365337169E-01  1.1756270218E-01
C10       4.4730541680E-01 -1.3313397339E-05  3.7481540309E+01 -3.7525378718E+01  6.2292722796E-01
H11       1.4389163919E-01  1.7789788355E-05  5.5799938877E-01 -5.5865202485E-01  1.1127628592E-01
H12       1.2142898124E-01  2.9809724336E-05  5.6623447919E-01 -5.6689674704E-01  1.1244811135E-01
H13       1.1712343374E-01  2.0721024732E-05  5.6687359704E-01 -5.6753661240E-01  1.1351644488E-01
C14       1.3341240240E-01  6.9368226636E-05  3.7687898331E+01 -3.7731978097E+01  1.8034776924E-01
H15       2.3573117500E-03  2.9571395698E-05  6.2784184910E-01 -6.2857617292E-01  1.2076262917E-01
H16       1.4495836120E-02  2.9981353275E-05  6.2187757569E-01 -6.2260492371E-01  1.2257327153E-01
H17       8.8599008530E-02  3.6342366865E-05  5.8003148805E-01 -5.8070989288E-01  1.0980043184E-01
H18      -3.8689825000E-03  1.5765867840E-05  6.1694450592E-01 -6.1766608422E-01  1.2486203128E-01
H19      -6.4650950000E-03  2.8483817671E-05  6.2138924514E-01 -6.2211602200E-01  1.2367724178E-01
B20       2.5156618775E+00  1.8042277008E-04  2.3290992981E+01 -2.3318234127E+01  5.2233215070E-03
F21      -8.8843093300E-01  2.3380604109E-05  9.9790441802E+01 -9.9907156703E+01  2.1324614624E-01
F22      -8.7562522790E-01  2.2281011965E-05  9.9840339545E+01 -9.9957112807E+01  2.9206090842E-01
F23      -8.7479743670E-01  2.4660264326E-05  9.9842746131E+01 -9.9959522207E+01  2.9715270515E-01
F24      -8.7540271870E-01  2.2408678509E-05  9.9841189272E+01 -9.9957963527E+01  2.9351564626E-01
--------------------------------------------------------------------------------------------------
Total     3.6165390000E-04  2.3087588357E-04  7.6445027971E+02 -7.6534438076E+02
 
1st Largest |L(A)| = 2.2113655644E-04, atom C2      
2nd Largest |L(A)| = 1.8042277008E-04, atom B20     
 
Molecular charge q(Mol) from the wfn file:   0.0000000000E+00
Molecular energy E(Mol) from the wfn file:  -7.6752624246E+02
Molecular virial ratio (-V(Mol)/T(Mol)) from the wfn file:   2.0011696000E+00
Note.  K_Scaled(A) = (1+V(Mol)/T(Mol))*K(A) = (E(Mol)/T(Mol))*K(A)
       Only use K_Scaled(A) data with caution.
 
N_AIMInt(SumA)     =        101.999638
N_Analytic(Mol)    =        102.000000
 
G_AIMInt(SumA)     =        764.450049
G_Analytic(Mol)    =        764.450265
 
K_AIMInt(SumA)     =        764.450280
K_Analytic(Mol)    =        764.450265
 
L_AIMInt(SumA)     =          0.000231
L_Analytic(Mol)    =          0.000000
 
VenT_AIMInt(SumA)  =      -3408.119965
VenT_Analytic(Mol) =      -3408.124771
 
Some Information About the Atomic Calculations:
----------------------------------------------
  Time(sec) = "Elapsed User Time", in Seconds, for Atom A by AIMInt and, if used, by TWOe
  NProc = Number of Processors Used for AIMInt Job
  BIM = Basin Integration Method
  OAQ = Angular Quadrature Outside of Beta Sphere
  ORQ = Multiple of Default for Radial Quadrature Outside of Beta Sphere
  IAQ = Multiple of Default for Angular Quadrature Inside of Beta Sphere
  IRQ = Multiple of Default for Radial Quadrature Inside of Beta Sphere
  MIR = Maximum Integration Radius
------------------------------------------------------------------------------------------------------
Atom A     Time(sec)   NProc      BIM          OAQ                     ORQ      IAQ      IRQ      MIR
------------------------------------------------------------------------------------------------------
C1             67        4     Proaim(5)    4500(GS4)                  1.00     1.00     1.00    13.00
C2             50        4     Proaim(5)    4500(GS4)                  1.00     1.00     1.00    13.00
N3             84        4     Proaim(5)    4500(GS4)                  1.00     1.00     1.00    13.00
N4             47        4     Proaim(5)    4500(GS4)                  1.00     1.00     1.00    13.00
C5             38        4     Proaim(5)    4500(GS4)                  1.00     1.00     1.00    13.00
C6             47        4     Proaim(5)    4500(GS4)                  1.00     1.00     1.00    13.00
H7              8        4     Proaim(5)    1800(GS4)                  1.00     1.00     1.00    13.00
H8             11        4     Proaim(5)    1800(GS4)                  1.00     1.00     1.00    13.00
H9             12        4     Proaim(5)    1800(GS4)                  1.00     1.00     1.00    13.00
C10            83        4     Proaim(5)    4500(GS4)                  1.00     1.00     1.00    13.00
H11             9        4     Proaim(5)    1800(GS4)                  1.00     1.00     1.00    13.00
H12            12        4     Proaim(5)    1800(GS4)                  1.00     1.00     1.00    13.00
H13            10        4     Proaim(5)    1800(GS4)                  1.00     1.00     1.00    13.00
C14            81        4     Proaim(5)    4500(GS4)                  1.00     1.00     1.00    13.00
H15            11        4     Proaim(5)    1800(GS4)                  1.00     1.00     1.00    13.00
H16            11        4     Proaim(5)    1800(GS4)                  1.00     1.00     1.00    13.00
H17            55        4     Proaim(5)    4500(GS4)                  1.00     1.00     1.00    13.00
H18            10        4     Proaim(5)    1800(GS4)                  1.00     1.00     1.00    13.00
H19            13        4     Proaim(5)    1800(GS4)                  1.00     1.00     1.00    13.00
B20            71        4     Proaim(5)    4500(GS4)                  1.00     1.00     1.00    13.00
F21            59        4     Proaim(5)    4500(GS4)                  1.00     1.00     1.00    13.00
F22            22        4     Proaim(5)    2700(GS4)                  1.00     1.00     1.00    13.00
F23            24        4     Proaim(5)    2700(GS4)                  1.00     1.00     1.00    13.00
F24            25        4     Proaim(5)    2700(GS4)                  1.00     1.00     1.00    13.00
------------------------------------------------------------------------------------------------------
Total         860
Note:  Total wall clock time is less than total of atomic times if more than one atom
       was calculated at a time
 
Electron Density Critical Point Analysis of Molecular Structure:               
---------------------------------------------------------------                
  NACP = Nuclear Attractor Critical Point                                      
  NNACP = Non-Nuclear Attractor Critical Point                                 
  BCP = Bond Critical Point                                                    
  RCP = Ring Critical Point                                                    
  CCP = Cage Critical Point                                                    
  Rho = Electron Density                                                       
  GradRho = Gradient of Electron Density                                       
  HessRho_EigVals = Eigenvalues of the Hessian of Rho, Ascending Order         
  HessRho_EigVecs = Eigenvectors of the Hessian of Rho                         
  DelSqRho = Laplacian of Rho = Trace of Hessian of Rho                        
  Bond Ellipticity = (HessRho_EigVal(1) / HessRho_EigVal(2)) - 1               
  V = Virial Field = Potential Energy Density = Trace of Stress Tensor         
  G = Lagrangian Form of Kinetic Energy Density                                
  K = Hamiltonian Form of Kinetic Energy Density                               
  L = K - G = Lagrangian Density = (-1/4)DelSqRho                              
  Vnuc = Electrostatic Potential from Nuclei                                   
  Ven = Electron-nuclear attractive contribution to Virial Field V             
  Vrep = V - Ven = Repulsive contribution to Virial Field V                    
  DelSqV = Laplacian of V                                                      
  DelSqVen = Laplacian of Ven                                                  
  DelSqVrep = Laplacian of Vrep                                                
  DelSqG = Laplacian of G                                                      
  DelSqK = Laplacian of K                                                      
  Stress_EigVals = Eigenvalues of Stress Tensor, Ascending Order               
  Stress_EigVecs = Eigenvectors of Stress Tensor                               
  -DivStress = Ehrenfest Force Density = Minus Divergence of Stress Tensor     
  ESP = Total Electrostatic Potential                                          
  ESPe = Electrostatic Potential from Electrons                                
  ESPn = Electrostatic Potential from Nuclei                                   
  BP = Bond Path                                                               
  BPL = Bond Path Length                                                       
  GBL = Geometric Bond Length                                                  
  GBL_I = Distance Between Nuclear Attractors                                  
  GBL_II = Distance Between Nuclei                                             
  GBL_III = Sum of Distances Between BCP and Nuclear Attractors                
  GBL_IV = Sum of Distances Between BCP and Nuclei                             

CP# 1      Coords =  4.36526762800618E+00 -7.59540562934405E-01 -2.42203784505242E+00
           Type = (3,-3) NACP C1
           Rho =  1.1951387175E+02     Rho at Nucleus =  1.1951386909E+02
           GradRho =  5.4007132100E-11  5.9643644190E-12 -2.4235799131E-11
           HessRho_EigVals = -1.8122645836E+05 -1.8122628700E+05 -1.8122386093E+05
           HessRho_EigVec1 =  6.7142908397E-01 -4.5693137595E-01  5.8343526022E-01
           HessRho_EigVec2 = -7.1471435579E-01 -1.9118000133E-01  6.7278049668E-01
           HessRho_EigVec3 =  1.9587336424E-01  8.6871394876E-01  4.5493922717E-01
           DelSqRho = -5.4367660630E+05
           Bond Ellipticity = NA
           V = -1.3593323472E+05
           G =  7.0415734084E+00
           K =  1.3592619315E+05
           L =  1.3591915157E+05
           Vnuc =  1.1068761184E+06
           Ven = -1.3228705046E+08
           Vrep =  1.3215111723E+08
           DelSqV =  4.6068050975E+09
           DelSqVen =  6.0178264781E+11
           DelSqVrep = -5.9717584322E+11
           DelSqG =  2.0612408513E+08
           DelSqK = -4.8129291827E+09
           Stress_EigVals = -4.5311654972E+04 -4.5310901499E+04 -4.5310678250E+04
           Stress_EigVec1 =  2.0180261884E-01  8.6536331027E-01  4.5871782642E-01
           Stress_EigVec2 =  4.2038126151E-02 -4.7557491428E-01  8.7867018662E-01
           Stress_EigVec3 =  9.7852363231E-01 -1.5803430690E-01 -1.3235051516E-01
           -DivStress = -2.3201718655E+03  4.2923553268E+03 -6.4958359196E+03
           ESP =  -1.4608361267E+01     ESP at Nucleus =  -1.4608361342E+01
           ESPe = -3.1999883798E+01     ESPe at Nucleus = -3.1999877395E+01
           ESPn =  1.7391522531E+01     ESPn at Nucleus =  1.7391516053E+01

CP# 2      Coords =  4.69452193304481E+00  1.78441248556549E+00 -2.27003838574578E+00
           Type = (3,-3) NACP C2
           Rho =  1.1950621168E+02     Rho at Nucleus =  1.1950620877E+02
           GradRho =  7.2404863355E-11 -8.5883407590E-12 -3.0933425960E-11
           HessRho_EigVals = -1.8121481747E+05 -1.8121444632E+05 -1.8121215275E+05
           HessRho_EigVec1 = -2.6156706592E-01 -3.0585138626E-01 -9.1544393578E-01
           HessRho_EigVec2 =  9.6399442844E-01 -1.2988500722E-01 -2.3204445012E-01
           HessRho_EigVec3 =  4.7931325460E-02  9.4317803962E-01 -3.2881267253E-01
           DelSqRho = -5.4364141654E+05
           Bond Ellipticity = NA
           V = -1.3592444310E+05
           G =  7.0444809691E+00
           K =  1.3591739862E+05
           L =  1.3591035413E+05
           Vnuc =  1.0589964017E+06
           Ven = -1.2655664816E+08
           Vrep =  1.2642072371E+08
           DelSqV =  4.6065082082E+09
           DelSqVen =  5.7571430298E+11
           DelSqVrep = -5.7110779477E+11
           DelSqG =  2.0611062350E+08
           DelSqK = -4.8126188317E+09
           Stress_EigVals = -4.5308722374E+04 -4.5307926711E+04 -4.5307794012E+04
           Stress_EigVec1 =  3.7002080379E-02  9.4186045030E-01 -3.3396068364E-01
           Stress_EigVec2 =  1.9893236976E-01  3.2055845991E-01  9.2610376635E-01
           Stress_EigVec3 =  9.7931443281E-01 -1.0070335620E-01 -1.7550520146E-01
           -DivStress = -2.6424506695E+03 -3.2320460637E+03 -7.3938427176E+03
           ESP =  -1.4607198875E+01     ESP at Nucleus =  -1.4607198955E+01
           ESPe = -3.1531568463E+01     ESPe at Nucleus = -3.1531562788E+01
           ESPn =  1.6924369588E+01     ESPn at Nucleus =  1.6924363833E+01

CP# 3      Coords =  4.81754174028295E+00 -1.74654132924762E+00 -5.13356011695214E-02
           Type = (3,-3) NACP N3
           Rho =  1.9378796954E+02     Rho at Nucleus =  1.9378796847E+02
           GradRho =  1.0043314791E-10  1.8221658557E-11  1.2558131618E-12
           HessRho_EigVals = -4.0303740011E+05 -4.0303580180E+05 -4.0303142487E+05
           HessRho_EigVec1 =  2.6756035957E-01  3.8095098379E-01  8.8503548061E-01
           HessRho_EigVec2 =  2.0517817268E-01  8.7493153118E-01 -4.3863052015E-01
           HessRho_EigVec3 =  9.4144217637E-01 -2.9895010236E-01 -1.5593416835E-01
           DelSqRho = -1.2091046268E+06
           Bond Ellipticity = NA
           V = -3.0232368792E+05
           G =  2.3765611977E+01
           K =  3.0229992230E+05
           L =  3.0227615669E+05
           Vnuc =  3.0414257861E+06
           Ven = -5.8939172759E+08
           Vrep =  5.8908940390E+08
           DelSqV =  1.4118618544E+10
           DelSqVen =  3.6774019072E+12
           DelSqVrep = -3.6632832887E+12
           DelSqG =  6.2876680847E+08
           DelSqK = -1.4747385352E+10
           Stress_EigVals = -1.0077514877E+05 -1.0077447167E+05 -1.0077406748E+05
           Stress_EigVec1 =  9.2898715321E-01 -3.4281729513E-01 -1.3949613376E-01
           Stress_EigVec2 =  2.6339039725E-01  8.7714569066E-01 -4.0154817394E-01
           Stress_EigVec3 =  2.6001609145E-01  3.3629115289E-01  9.0515186166E-01
           -DivStress =  4.0871847416E+03 -9.4667415481E+03 -2.3388175701E+03
           ESP =  -1.8189509504E+01     ESP at Nucleus =  -1.8189509521E+01
           ESPe = -3.6287993450E+01     ESPe at Nucleus = -3.6287990753E+01
           ESPn =  1.8098483946E+01     ESPn at Nucleus =  1.8098481232E+01

CP# 4      Coords =  5.26461478262140E+00  2.32857663107410E+00  2.21548437479981E-01
           Type = (3,-3) NACP N4
           Rho =  1.9374084935E+02     Rho at Nucleus =  1.9374084916E+02
           GradRho =  4.3816404498E-11 -1.1956099820E-09  5.7764542412E-10
           HessRho_EigVals = -4.0293758522E+05 -4.0293674227E+05 -4.0293132323E+05
           HessRho_EigVec1 =  1.2760683765E-01 -6.7828326227E-01  7.2363548221E-01
           HessRho_EigVec2 =  1.1267524851E-01  7.3479061636E-01  6.6886997128E-01
           HessRho_EigVec3 =  9.8540386815E-01  3.8165740483E-03 -1.7019004203E-01
           DelSqRho = -1.2088056507E+06
           Bond Ellipticity = NA
           V = -3.0224907782E+05
           G =  2.3832567981E+01
           K =  3.0222524525E+05
           L =  3.0220141268E+05
           Vnuc =  7.1925848897E+06
           Ven = -1.3934975056E+09
           Vrep =  1.3931952565E+09
           DelSqV =  1.4115145956E+10
           DelSqVen =  8.6944380355E+12
           DelSqVrep = -8.6803228895E+12
           DelSqG =  6.2860897940E+08
           DelSqK = -1.4743754935E+10
           Stress_EigVals = -1.0075038159E+05 -1.0074945917E+05 -1.0074923706E+05
           Stress_EigVec1 =  9.8616267894E-01  3.3818941770E-02 -1.6229433093E-01
           Stress_EigVec2 =  6.7993383156E-02  8.1033306771E-01  5.8201135662E-01
           Stress_EigVec3 =  1.5119547123E-01 -5.8499281924E-01  7.9682076461E-01
           -DivStress =  1.2424050007E+02  3.9913041221E+03 -2.0104832017E+03
           ESP =  -1.8180231133E+01     ESP at Nucleus =  -1.8180231136E+01
           ESPe = -3.5530690052E+01     ESPe at Nucleus = -3.5530689135E+01
           ESPn =  1.7350458919E+01     ESPn at Nucleus =  1.7350457999E+01

CP# 5      Coords =  5.30154582302522E+00  1.64492922897076E-01  1.52618874156793E+00
           Type = (3,-3) NACP C5
           Rho =  1.1955111874E+02     Rho at Nucleus =  1.1955111748E+02
           GradRho =  5.2630649838E-11 -2.3989144005E-13 -3.1290074698E-12
           HessRho_EigVals = -1.8128533190E+05 -1.8128407173E+05 -1.8128248430E+05
           HessRho_EigVec1 =  9.5873105603E-01 -1.8872596596E-01 -2.1264353266E-01
           HessRho_EigVec2 =  1.9571973791E-01  9.8058476713E-01  1.2136666454E-02
           HessRho_EigVec3 =  2.0622450486E-01 -5.3254335527E-02  9.7705446590E-01
           DelSqRho = -5.4385188793E+05
           Bond Ellipticity = NA
           V = -1.3597675088E+05
           G =  6.8894504462E+00
           K =  1.3596986143E+05
           L =  1.3596297198E+05
           Vnuc =  1.6135209656E+06
           Ven = -1.9289823654E+08
           Vrep =  1.9276225979E+08
           DelSqV =  4.6082816792E+09
           DelSqVen =  8.7751641498E+11
           DelSqVrep = -8.7290813330E+11
           DelSqG =  2.0619229213E+08
           DelSqK = -4.8144739713E+09
           Stress_EigVals = -4.5326074629E+04 -4.5325645894E+04 -4.5325030361E+04
           Stress_EigVec1 =  1.9652210300E-01 -4.8866619066E-02  9.7928091811E-01
           Stress_EigVec2 =  1.5297540833E-01  9.8805483953E-01  1.8605335987E-02
           Stress_EigVec3 =  9.6849243026E-01 -1.4614953856E-01 -2.0165000595E-01
           -DivStress = -3.4984427478E+02 -7.3887712389E+02  5.5141801393E+03
           ESP =  -1.4536682392E+01     ESP at Nucleus =  -1.4536682414E+01
           ESPe = -3.2321763087E+01     ESPe at Nucleus = -3.2321756544E+01
           ESPn =  1.7785080696E+01     ESPn at Nucleus =  1.7785074131E+01

CP# 6      Coords =  5.54053602354117E+00  4.87006080050538E+00  1.28958382196174E+00
           Type = (3,-3) NACP C6
           Rho =  1.1937582187E+02     Rho at Nucleus =  1.1937581726E+02
           GradRho =  6.6390969220E-11  4.2437978289E-11 -1.6781499205E-11
           HessRho_EigVals = -1.8101645547E+05 -1.8101299703E+05 -1.8101285680E+05
           HessRho_EigVec1 =  1.0952841805E-01  9.1122184887E-01  3.9708722943E-01
           HessRho_EigVec2 = -2.1397248585E-01 -3.6850992064E-01  9.0466359145E-01
           HessRho_EigVec3 =  9.7067981381E-01 -1.8405211361E-01  1.5461409552E-01
           DelSqRho = -5.4304230929E+05
           Bond Ellipticity = NA
           V = -1.3577454795E+05
           G =  6.9853134080E+00
           K =  1.3576756264E+05
           L =  1.3576057732E+05
           Vnuc =  8.4108452368E+05
           Ven = -1.0040515627E+08
           Vrep =  1.0026938173E+08
           DelSqV =  4.6014506048E+09
           DelSqVen =  4.5674448205E+11
           DelSqVrep = -4.5214303144E+11
           DelSqG =  2.0588090611E+08
           DelSqK = -4.8073315109E+09
           Stress_EigVals = -4.5258517211E+04 -4.5258482416E+04 -4.5257548323E+04
           Stress_EigVec1 =  9.6977204562E-01 -1.8346273498E-01  1.6088382268E-01
           Stress_EigVec2 = -2.1943896107E-01 -3.6734859652E-01  9.0382606236E-01
           Stress_EigVec3 =  1.0671795489E-01  9.1180942828E-01  3.9650327187E-01
           -DivStress =  2.7875499096E+02  9.9976457488E+03  3.7388796207E+03
           ESP =  -1.4603247033E+01     ESP at Nucleus =  -1.4603247144E+01
           ESPe = -2.8588676768E+01     ESPe at Nucleus = -2.8588664367E+01
           ESPn =  1.3985429735E+01     ESPn at Nucleus =  1.3985417224E+01

CP# 7      Coords =  6.93139601069235E+00  5.89998804499012E+00  2.34065948410313E-01
           Type = (3,-3) NACP H7
           Rho =  4.3037446187E-01     Rho at Nucleus =  4.2646396949E-01
           GradRho = -1.4978269761E-09 -1.1516185172E-09  1.1045344071E-09
           HessRho_EigVals = -8.4295943269E+00 -8.4214781664E+00 -7.6727462534E+00
           HessRho_EigVec1 = -2.2486127357E-01  8.1274444351E-01  5.3747918768E-01
           HessRho_EigVec2 = -6.9376202207E-01  2.5378792540E-01 -6.7400737804E-01
           HessRho_EigVec3 =  6.8420147938E-01  5.2444080549E-01 -5.0678415243E-01
           DelSqRho = -2.4523818747E+01
           Bond Ellipticity = NA
           V = -6.1417870671E+00
           G =  5.4161902290E-03
           K =  6.1363708769E+00
           L =  6.1309546867E+00
           Vnuc =  4.5936462293E+01
           Ven = -1.9769880239E+01
           Vrep =  1.3628093172E+01
           DelSqV =  1.5708227958E+03
           DelSqVen =  1.1265374796E+03
           DelSqVrep =  4.4428531618E+02
           DelSqG =  1.1689267749E+02
           DelSqK = -1.6877154732E+03
           Stress_EigVals = -2.1110016499E+00 -2.1105569954E+00 -1.9202284219E+00
           Stress_EigVec1 = -6.9788216340E-01  6.7389753194E-01 -2.4253371406E-01
           Stress_EigVec2 = -2.1346339303E-01 -5.1895453344E-01 -8.2771950083E-01
           Stress_EigVec3 =  6.8366209917E-01  5.2587860640E-01 -5.0602156623E-01
           -DivStress =  1.1013848436E+01  8.4743343560E+00 -8.1167901661E+00
           ESP =  -1.0206042456E+00     ESP at Nucleus =  -1.0219985354E+00
           ESPe = -1.5049317005E+01     ESPe at Nucleus = -1.4969713943E+01
           ESPn =  1.4028712759E+01     ESPn at Nucleus =  1.3947715408E+01

CP# 8      Coords =  6.13868668993542E+00  4.71042105146275E+00  3.21766355567271E+00
           Type = (3,-3) NACP H8
           Rho =  4.3063182124E-01     Rho at Nucleus =  4.2672486101E-01
           GradRho = -5.3177544121E-14  6.2544836592E-15 -1.7333183378E-13
           HessRho_EigVals = -8.4263970329E+00 -8.4199735095E+00 -7.6735595118E+00
           HessRho_EigVec1 = -4.7086743768E-02  9.9686195418E-01  6.3632404253E-02
           HessRho_EigVec2 =  9.5462459636E-01  6.3662374295E-02 -2.9092779537E-01
           HessRho_EigVec3 =  2.9406584056E-01 -4.7046215670E-02  9.5462659454E-01
           DelSqRho = -2.4519930054E+01
           Bond Ellipticity = NA
           V = -6.1410267526E+00
           G =  5.5221195574E-03
           K =  6.1355046331E+00
           L =  6.1299825135E+00
           Vnuc =  4.6380401557E+01
           Ven = -1.9972876792E+01
           Vrep =  1.3831850040E+01
           DelSqV =  1.5704815664E+03
           DelSqVen =  1.1372442021E+03
           DelSqVrep =  4.3323736432E+02
           DelSqG =  1.1678823204E+02
           DelSqK = -1.6872697984E+03
           Stress_EigVals = -2.1106626766E+00 -2.1099746589E+00 -1.9203894171E+00
           Stress_EigVec1 =  9.5081980852E-01 -8.8613377099E-02 -2.9679851941E-01
           Stress_EigVec2 =  9.8000740190E-02  9.9504335037E-01  1.6869671037E-02
           Stress_EigVec3 =  2.9383251462E-01 -4.5126491974E-02  9.5479110442E-01
           -DivStress =  4.7195295217E+00 -5.9592451409E-01  1.5361655464E+01
           ESP =  -1.0136490316E+00     ESP at Nucleus =  -1.0150480995E+00
           ESPe = -1.5470849530E+01     ESPe at Nucleus = -1.5395241684E+01
           ESPn =  1.4457200498E+01     ESPn at Nucleus =  1.4380193585E+01

CP# 9      Coords =  3.75066464899551E+00  5.82084169546119E+00  1.21129801331807E+00
           Type = (3,-3) NACP H9
           Rho =  4.2684940757E-01     Rho at Nucleus =  4.2283219034E-01
           GradRho =  7.9614537619E-14 -4.1313794833E-14  2.1835221890E-15
           HessRho_EigVals = -8.3608825701E+00 -8.3524592105E+00 -7.5896038866E+00
           HessRho_EigVec1 =  4.3747039590E-01  8.2323820915E-01  3.6179898246E-01
           HessRho_EigVec2 = -1.9675257758E-01 -3.0496344233E-01  9.3181850274E-01
           HessRho_EigVec3 =  8.7744405857E-01 -4.7882789167E-01  2.8561761765E-02
           DelSqRho = -2.4302945667E+01
           Bond Ellipticity = NA
           V = -6.0862565940E+00
           G =  5.2600886054E-03
           K =  6.0809965054E+00
           L =  6.0757364168E+00
           Vnuc =  4.6292182071E+01
           Ven = -1.9759790492E+01
           Vrep =  1.3673533898E+01
           DelSqV =  1.5549315683E+03
           DelSqVen =  1.1250363857E+03
           DelSqVrep =  4.2989518266E+02
           DelSqG =  1.1575318458E+02
           DelSqK = -1.6706847529E+03
           Stress_EigVals = -2.0935346177E+00 -2.0933043181E+00 -1.8994176582E+00
           Stress_EigVec1 =  4.5734016556E-01  8.1473825920E-01 -3.5642887364E-01
           Stress_EigVec2 =  1.4815900855E-01  3.2539253167E-01  9.3389967797E-01
           Stress_EigVec3 =  8.7686309145E-01 -4.7991798188E-01  2.8104261596E-02
           -DivStress = -1.4269489243E+01  7.7469720195E+00 -4.4117022925E-01
           ESP =  -1.0257637250E+00     ESP at Nucleus =  -1.0271901661E+00
           ESPe = -1.5985421417E+01     ESPe at Nucleus = -1.5917554423E+01
           ESPn =  1.4959657692E+01     ESPn at Nucleus =  1.4890364257E+01

CP# 10     Coords =  4.11431991644302E+00 -4.34363397041440E+00  7.46066584593949E-01
           Type = (3,-3) NACP C10
           Rho =  1.1940384373E+02     Rho at Nucleus =  1.1940383849E+02
           GradRho = -5.5049866575E-12 -5.8376627656E-11  3.7826008059E-12
           HessRho_EigVals = -1.8106355339E+05 -1.8105977070E+05 -1.8105969943E+05
           HessRho_EigVec1 =  2.2449965776E-01  9.2405647485E-01 -3.0938573813E-01
           HessRho_EigVec2 =  1.8302499509E-01  2.7185597031E-01  9.4477308523E-01
           HessRho_EigVec3 =  9.5713204671E-01 -2.6872655749E-01 -1.0809385948E-01
           DelSqRho = -5.4318302352E+05
           Bond Ellipticity = NA
           V = -1.3580941874E+05
           G =  6.8314314914E+00
           K =  1.3580258731E+05
           L =  1.3579575588E+05
           Vnuc =  7.8880191242E+05
           Ven = -9.4185980283E+07
           Vrep =  9.4050170864E+07
           DelSqV =  4.6026386527E+09
           DelSqVen =  4.2846380800E+11
           DelSqVrep = -4.2386116909E+11
           DelSqG =  2.0593891684E+08
           DelSqK = -4.8085775695E+09
           Stress_EigVals = -4.5270165762E+04 -4.5270145433E+04 -4.5269107548E+04
           Stress_EigVec1 =  9.6861256641E-01 -2.4788704788E-01 -1.8485337288E-02
           Stress_EigVec2 =  9.3455273395E-02  2.9424542308E-01  9.5114969530E-01
           Stress_EigVec3 =  2.3033846417E-01  9.2302309965E-01 -3.0817616623E-01
           -DivStress = -4.0106733601E+03 -1.0300161695E+04  2.7473479604E+03
           ESP =  -1.4612373439E+01     ESP at Nucleus =  -1.4612373569E+01
           ESPe = -3.0547574968E+01     ESPe at Nucleus = -3.0547565246E+01
           ESPn =  1.5935201529E+01     ESPn at Nucleus =  1.5935191677E+01

CP# 11     Coords =  5.60304666310801E+00 -1.85797620161536E-03  3.49596597445943E+00
           Type = (3,-3) NACP H11
           Rho =  4.2138511938E-01     Rho at Nucleus =  4.1674469521E-01
           GradRho = -3.6609712657E-15  5.1299703418E-17 -1.7186637313E-16
           HessRho_EigVals = -8.2321404736E+00 -8.2198208569E+00 -7.3797039750E+00
           HessRho_EigVec1 =  9.6746859378E-02  9.9275643332E-01  7.1236993927E-02
           HessRho_EigVec2 =  9.8459145797E-01 -8.4984505886E-02 -1.5283093486E-01
           HessRho_EigVec3 =  1.4566985306E-01 -8.4925248675E-02  9.8568148813E-01
           DelSqRho = -2.3831665305E+01
           Bond Ellipticity = NA
           V = -5.9672676756E+00
           G =  4.6756746415E-03
           K =  5.9625920010E+00
           L =  5.9579163264E+00
           Vnuc =  4.5390775834E+01
           Ven = -1.9126997493E+01
           Vrep =  1.3159729818E+01
           DelSqV =  1.5154436395E+03
           DelSqVen =  1.0817377776E+03
           DelSqVrep =  4.3370586187E+02
           DelSqG =  1.1278828102E+02
           DelSqK = -1.6282319205E+03
           Stress_EigVals = -2.0606105194E+00 -2.0605165058E+00 -1.8461406505E+00
           Stress_EigVec1 =  1.8716655079E-01  9.8068363180E-01  5.6818100886E-02
           Stress_EigVec2 =  9.7145918651E-01 -1.7620537021E-01 -1.5880401903E-01
           Stress_EigVec3 =  1.4572484763E-01 -8.4919266559E-02  9.8567387454E-01
           -DivStress =  2.4907565742E+00 -1.4787272294E+00  1.7050737988E+01
           ESP =  -9.4489359024E-01     ESP at Nucleus =  -9.4662224722E-01
           ESPe = -1.7485292645E+01     ESPe at Nucleus = -1.7382768817E+01
           ESPn =  1.6540399055E+01     ESPn at Nucleus =  1.6436146570E+01

CP# 12     Coords =  3.84069697697536E+00 -1.91091112783884E+00 -3.96955494643617E+00
           Type = (3,-3) NACP H12
           Rho =  4.2179162149E-01     Rho at Nucleus =  4.1732743385E-01
           GradRho =  2.0583578245E-14  4.5076464263E-14  6.3772216132E-14
           HessRho_EigVals = -8.2540388158E+00 -8.2425051814E+00 -7.4296782408E+00
           HessRho_EigVec1 =  3.8330922122E-02 -8.1773319435E-01  5.7431973957E-01
           HessRho_EigVec2 =  9.6216876013E-01 -1.2494441657E-01 -2.4211602547E-01
           HessRho_EigVec3 =  2.6974435570E-01  5.6187304226E-01  7.8200809903E-01
           DelSqRho = -2.3926222238E+01
           Bond Ellipticity = NA
           V = -5.9922656290E+00
           G =  5.3550347597E-03
           K =  5.9869105943E+00
           L =  5.9815555595E+00
           Vnuc =  4.5989398482E+01
           Ven = -1.9397942957E+01
           Vrep =  1.3405677328E+01
           DelSqV =  1.5245761562E+03
           DelSqVen =  1.1003525687E+03
           DelSqVrep =  4.2422358749E+02
           DelSqG =  1.1358022129E+02
           DelSqK = -1.6381563775E+03
           Stress_EigVals = -2.0671287820E+00 -2.0665263303E+00 -1.8586105167E+00
           Stress_EigVec1 =  9.6120666864E-01 -1.1004031381E-01 -2.5292858578E-01
           Stress_EigVec2 = -5.5834283044E-02  8.2036952675E-01 -5.6910137271E-01
           Stress_EigVec3 =  2.7011899786E-01  5.6114612083E-01  7.8240063783E-01
           -DivStress = -4.6388782398E+00 -9.5083116012E+00 -1.3303348326E+01
           ESP =  -9.9259260514E-01     ESP at Nucleus =  -9.9424260125E-01
           ESPe = -1.7498085699E+01     ESPe at Nucleus = -1.7403100890E+01
           ESPn =  1.6505493094E+01     ESPn at Nucleus =  1.6408858289E+01

CP# 13     Coords =  4.50357820125471E+00  3.21624859829345E+00 -3.65276235670570E+00
           Type = (3,-3) NACP H13
           Rho =  4.2132345657E-01     Rho at Nucleus =  4.1689008654E-01
           GradRho =  1.9646827568E-15 -2.2165632502E-15  1.8545820261E-15
           HessRho_EigVals = -8.2439998324E+00 -8.2319068192E+00 -7.4248143011E+00
           HessRho_EigVec1 =  2.1062759796E-01  7.0647154427E-01  6.7567297720E-01
           HessRho_EigVec2 =  9.7186582202E-01 -7.6795188753E-02 -2.2266414837E-01
           HessRho_EigVec3 = -1.0541745093E-01  7.0356268813E-01 -7.0277073425E-01
           DelSqRho = -2.3900720953E+01
           Bond Ellipticity = NA
           V = -5.9860975868E+00
           G =  5.4586743280E-03
           K =  5.9806389125E+00
           L =  5.9751802382E+00
           Vnuc =  4.5339014823E+01
           Ven = -1.9102390442E+01
           Vrep =  1.3116292856E+01
           DelSqV =  1.5233168108E+03
           DelSqVen =  1.0836351415E+03
           DelSqVrep =  4.3968166928E+02
           DelSqG =  1.1346483366E+02
           DelSqK = -1.6367816445E+03
           Stress_EigVals = -2.0647248682E+00 -2.0639801110E+00 -1.8573926076E+00
           Stress_EigVec1 =  9.6755260064E-01 -9.0753719516E-02 -2.3580866691E-01
           Stress_EigVec2 =  2.2960525432E-01  7.0535980862E-01  6.7063325863E-01
           Stress_EigVec3 = -1.0546749351E-01  7.0301586240E-01 -7.0331024806E-01
           -DivStress = -1.8366927060E+00  1.1871824572E+01 -1.1927373594E+01
           ESP =  -9.8932164236E-01     ESP at Nucleus =  -9.9096291429E-01
           ESPe = -1.6755903881E+01     ESPe at Nucleus = -1.6658736720E+01
           ESPn =  1.5766582238E+01     ESPn at Nucleus =  1.5667773806E+01

CP# 14     Coords =  1.27468258995005E+00 -4.77546641513934E+00  4.53026932307769E-01
           Type = (3,-3) NACP C14
           Rho =  1.1937057576E+02     Rho at Nucleus =  1.1937057478E+02
           GradRho =  1.5903296041E-11  9.1839105765E-12 -4.0112531352E-13
           HessRho_EigVals = -1.8100418965E+05 -1.8100290956E+05 -1.8100252123E+05
           HessRho_EigVec1 =  9.6457409821E-01  2.2879178288E-01  1.3134355389E-01
           HessRho_EigVec2 =  6.5512277250E-04 -4.9994368269E-01  8.6605766838E-01
           HessRho_EigVec3 = -2.6381125805E-01  8.3529074832E-01  4.8238261359E-01
           DelSqRho = -5.4300962043E+05
           Bond Ellipticity = NA
           V = -1.3576664867E+05
           G =  7.1217790738E+00
           K =  1.3575952689E+05
           L =  1.3575240511E+05
           Vnuc =  1.8239203814E+06
           Ven = -2.1772242607E+08
           Vrep =  2.1758665942E+08
           DelSqV =  4.6011757779E+09
           DelSqVen =  9.9040631194E+11
           DelSqVrep = -9.8580514025E+11
           DelSqG =  2.0586556136E+08
           DelSqK = -4.8070413392E+09
           Stress_EigVals = -4.5255729074E+04 -4.5255627813E+04 -4.5255291780E+04
           Stress_EigVec1 = -2.6163496340E-01  8.4458589672E-01  4.6714217214E-01
           Stress_EigVec2 = -2.4996925307E-03 -4.8459277375E-01  8.7473630036E-01
           Stress_EigVec3 =  9.6516366356E-01  2.2769388813E-01  1.2889761768E-01
           -DivStress = -4.8473256492E+03  8.3187991756E+02  1.9173900032E+02
           ESP =  -1.4706442627E+01     ESP at Nucleus =  -1.4706442650E+01
           ESPe = -2.9832526926E+01     ESPe at Nucleus = -2.9832525294E+01
           ESPn =  1.5126084299E+01     ESPn at Nucleus =  1.5126082644E+01

CP# 15     Coords =  4.71320413478298E+00 -4.52392682591893E+00  2.67813907311483E+00
           Type = (3,-3) NACP H15
           Rho =  4.3616268933E-01     Rho at Nucleus =  4.3234647241E-01
           GradRho = -2.7284710000E-14  1.3035567278E-14 -9.4229237844E-14
           HessRho_EigVals = -8.5373420991E+00 -8.5317439973E+00 -7.7933138170E+00
           HessRho_EigVec1 =  4.5753887122E-01  8.8877938279E-01 -2.7007222199E-02
           HessRho_EigVec2 =  8.4125880255E-01 -4.4251335917E-01 -3.1058904373E-01
           HessRho_EigVec3 =  2.8799619521E-01 -1.1938649707E-01  9.5016054215E-01
           DelSqRho = -2.4862399913E+01
           Bond Ellipticity = NA
           V = -6.2267218892E+00
           G =  5.5609554492E-03
           K =  6.2211609338E+00
           L =  6.2155999783E+00
           Vnuc =  4.8406038840E+01
           Ven = -2.1112908080E+01
           Vrep =  1.4886186191E+01
           DelSqV =  1.5940876973E+03
           DelSqVen =  1.2034902959E+03
           DelSqVrep =  3.9059740147E+02
           DelSqG =  1.1853935208E+02
           DelSqK = -1.7126270494E+03
           Stress_EigVals = -2.1385178830E+00 -2.1376390096E+00 -1.9505649966E+00
           Stress_EigVec1 =  9.4908239852E-01 -9.8369810438E-02 -2.9927576117E-01
           Stress_EigVec2 =  1.2978671646E-01  9.8772393195E-01  8.6930101189E-02
