AIMSum (Version 17.11.14, Professional)
Copyright (c) 1997-2017 by Todd A. Keith
AIMSum is a component of the AIMAll package ( http://aim.tkgristmill.com )

TP:  64-bit Linux

Much of the Quantum Theory of Atoms in Molecules (QTAIM) is described in the book:
  "Atoms in Molecules - A Quantum Theory"
  R.F.W. Bader, Oxford University Press, Oxford, 1990

For additional references see:  http://aim.tkgristmill.com/references.html

Wfn File:  /home/localuser/Desktop/AIMAll/emimbf4/wfn/750.wfn
Sum File:  /home/localuser/Desktop/AIMAll/emimbf4/wfn/750.sum

SumViz File:  /home/localuser/Desktop/AIMAll/emimbf4/wfn/750.sumviz

Wfn Title:  B3LYP                                                                          
 
Total memory allocated for AIMSum =        1.279 Megabytes

Atomic units (a.u.) used throughout, except where stated otherwise

Model:  Restricted SCF
 
Restricted, closed-shell, single-determinant wavefunction.
  Number of electrons (from MO Occs)                   =         102.0000000000
  Number of Alpha electrons (from MO Occs)             =          51.0000000000
  Number of Beta electrons (from MO Occs)              =          51.0000000000
  Number of electron pairs (N*(N-1)/2)                 =        5151.0000000000
  Number of electron pairs (from Muller 2EDM)          =        5151.0000000000
 
Nuclear Charges and Cartesian Coordinates:
-------------------------------------------------------------------------------
Atom      Charge                X                  Y                  Z
-------------------------------------------------------------------------------
C1         6.0           6.1478146200E+00  -5.7156443000E-01  -2.4642565200E+00
C2         6.0           6.3259944100E+00   1.9863177900E+00  -2.2641567700E+00
N3         7.0           6.4978358500E+00  -1.5602666100E+00  -7.4455610000E-02
N4         7.0           6.7281192600E+00   2.5269416500E+00   2.6040863000E-01
C5         6.0           6.8107641300E+00   3.5129699000E-01   1.5452638500E+00
C6         6.0           6.9009561400E+00   5.0698532200E+00   1.3575919800E+00
H7         1.0           8.3871789300E+00   6.1265037400E+00   4.0296381000E-01
H8         1.0           7.3524564100E+00   4.9019827900E+00   3.3563224100E+00
H9         1.0           5.0912591900E+00   6.0288109900E+00   1.1392375300E+00
C10        6.0           6.1106719600E+00  -4.2435412700E+00   6.3066642000E-01
H11        1.0           7.0566347100E+00   1.7138355000E-01   3.5573830700E+00
H12        1.0           5.8013922800E+00  -1.7539716600E+00  -4.0824775400E+00
H13        1.0           6.1605447700E+00   3.4476686100E+00  -3.6694280000E+00
C14        6.0           3.3148117300E+00  -4.9495794900E+00   5.9199835000E-01
H15        1.0           6.9337742100E+00  -4.4871224800E+00   2.5045393300E+00
H16        1.0           7.2134351800E+00  -5.3746002900E+00  -6.9403103000E-01
H17        1.0           2.2219292200E+00  -3.7925726500E+00   1.9045709200E+00
H18        1.0           3.1094941000E+00  -6.9261508200E+00   1.1458327900E+00
H19        1.0           2.4982702900E+00  -4.7267039100E+00  -1.2886444100E+00
B20        5.0          -7.7941789200E+00   2.4625710000E-01   3.7375900000E-03
F21        9.0          -5.1160493900E+00  -2.2514098000E-01  -9.3334450000E-02
F22        9.0          -8.5873480500E+00   1.1354860000E-01   2.5442107500E+00
F23        9.0          -8.2590547100E+00   2.6802824300E+00  -9.8157734000E-01
F24        9.0          -9.0421461200E+00  -1.5963028900E+00  -1.4545650700E+00
 
Some Atomic Properties:
----------------------
  q(A) = Net Charge of Atom A
  L(A) = Lagrangian of Atom A = -(1/4) Times Atomic Integral of the Laplacian of the Electron Density
  K(A) = Electronic Kinetic Energy of Atom A (Hamiltonian Form)
  K_Scaled(A) = K(A) * E(Mol)/K(Mol) = Approximation to Virial-Based Total Energy of Atom A.
  |Mu_Intra(A)| = Magnitude of Intraatomic Dipole Moment of Atom A
--------------------------------------------------------------------------------------------------
Atom A          q(A)              L(A)              K(A)          K_Scaled(A)      |Mu_Intra(A)|
--------------------------------------------------------------------------------------------------
C1        5.3227311020E-01  1.4294572360E-05  3.7460740962E+01 -3.7504132488E+01  7.8177752362E-01
C2        5.1941797040E-01 -1.4447516111E-04  3.7464352070E+01 -3.7507747779E+01  7.8448829693E-01
N3       -1.5545196195E+00  4.3362517660E-05  5.5390001734E+01 -5.5454161081E+01  1.7448374054E-01
N4       -1.5599050762E+00  1.5396501853E-05  5.5383530082E+01 -5.5447681932E+01  1.6696373486E-01
C5        1.3335381696E+00 -1.5166143353E-04  3.6964372707E+01 -3.7007189279E+01  9.0070575897E-01
C6        5.0202713110E-01 -1.1494059954E-04  3.7448372333E+01 -3.7491749532E+01  6.0943874767E-01
H7        4.6221617490E-02  2.3743850949E-05  6.0340195102E-01 -6.0410088357E-01  1.1949475826E-01
H8        3.8452910950E-02  2.3420598769E-05  6.0644080639E-01 -6.0714325890E-01  1.1757962885E-01
H9        6.8866888370E-02  1.6909714030E-05  5.9355183700E-01 -5.9423935997E-01  1.1727265121E-01
C10       4.5429721010E-01 -1.5451556993E-04  3.7479838002E+01 -3.7523251648E+01  6.1422204493E-01
H11       1.5077665084E-01  2.0148640630E-05  5.5455922025E-01 -5.5520157729E-01  1.1065498534E-01
H12       1.2439241319E-01  2.7035933392E-05  5.6406940940E-01 -5.6472278228E-01  1.1239323734E-01
H13       1.2393678409E-01  2.1096845489E-05  5.6364466473E-01 -5.6429754561E-01  1.1298882585E-01
C14       1.4471132760E-01 -1.6791857866E-04  3.7683025642E+01 -3.7726674644E+01  1.3954697345E-01
H15       1.2890999920E-02  2.8870383898E-05  6.2297876700E-01 -6.2370037576E-01  1.2003571792E-01
H16       2.5771424630E-02  2.6292036433E-05  6.1721404989E-01 -6.1792898127E-01  1.2107630075E-01
H17       1.7376737610E-02  2.4911720622E-05  6.0980364282E-01 -6.1050999057E-01  1.2243325322E-01
H18       1.2107054820E-02  1.6673715853E-05  6.1066514326E-01 -6.1137248890E-01  1.2256977244E-01
H19       6.8189515200E-03  2.4176359250E-05  6.1515450541E-01 -6.1586705118E-01  1.2132268590E-01
B20       2.5148697758E+00  1.1282593831E-05  2.3291659292E+01 -2.3318638487E+01  2.1939418552E-03
F21      -8.8352895600E-01  2.3324849895E-05  9.9805776828E+01 -9.9921383855E+01  2.3719125313E-01
F22      -8.7713411310E-01  2.0519017827E-05  9.9834422368E+01 -9.9950062576E+01  2.8261496699E-01
F23      -8.7732855990E-01  2.0826623352E-05  9.9833373841E+01 -9.9949012835E+01  2.8093928316E-01
F24      -8.7653581120E-01  2.4807323545E-05  9.9836223254E+01 -9.9951865548E+01  2.8578525885E-01
--------------------------------------------------------------------------------------------------
Total    -2.0500767000E-04 -3.0641754313E-04  7.6443717311E+02 -7.6532263598E+02
 
1st Largest |L(A)| = 1.6791857866E-04, atom C14     
2nd Largest |L(A)| = 1.5451556993E-04, atom C10     
 
Molecular charge q(Mol) from the wfn file:   0.0000000000E+00
Molecular energy E(Mol) from the wfn file:  -7.6750146654E+02
Molecular virial ratio (-V(Mol)/T(Mol)) from the wfn file:   2.0011583200E+00
Note.  K_Scaled(A) = (1+V(Mol)/T(Mol))*K(A) = (E(Mol)/T(Mol))*K(A)
       Only use K_Scaled(A) data with caution.
 
N_AIMInt(SumA)     =        102.000205
N_Analytic(Mol)    =        102.000000
 
G_AIMInt(SumA)     =        764.437480
G_Analytic(Mol)    =        764.437137
 
K_AIMInt(SumA)     =        764.437173
K_Analytic(Mol)    =        764.437137
 
L_AIMInt(SumA)     =         -0.000306
L_Analytic(Mol)    =          0.000000
 
VenT_AIMInt(SumA)  =      -3281.950956
VenT_Analytic(Mol) =      -3281.945294
 
Some Information About the Atomic Calculations:
----------------------------------------------
  Time(sec) = "Elapsed User Time", in Seconds, for Atom A by AIMInt and, if used, by TWOe
  NProc = Number of Processors Used for AIMInt Job
  BIM = Basin Integration Method
  OAQ = Angular Quadrature Outside of Beta Sphere
  ORQ = Multiple of Default for Radial Quadrature Outside of Beta Sphere
  IAQ = Multiple of Default for Angular Quadrature Inside of Beta Sphere
  IRQ = Multiple of Default for Radial Quadrature Inside of Beta Sphere
  MIR = Maximum Integration Radius
------------------------------------------------------------------------------------------------------
Atom A     Time(sec)   NProc      BIM          OAQ                     ORQ      IAQ      IRQ      MIR
------------------------------------------------------------------------------------------------------
C1             56        4     Proaim(5)    4500(GS4)                  1.00     1.00     1.00    13.00
C2             49        4     Proaim(5)    4500(GS4)                  1.00     1.00     1.00    13.00
N3             60        4     Proaim(5)    4500(GS4)                  1.00     1.00     1.00    13.00
N4             44        4     Proaim(5)    4500(GS4)                  1.00     1.00     1.00    13.00
C5             35        4     Proaim(5)    4500(GS4)                  1.00     1.00     1.00    13.00
C6             43        4     Proaim(5)    4500(GS4)                  1.00     1.00     1.00    13.00
H7              9        4     Proaim(5)    1800(GS4)                  1.00     1.00     1.00    13.00
H8              9        4     Proaim(5)    1800(GS4)                  1.00     1.00     1.00    13.00
H9             11        4     Proaim(5)    1800(GS4)                  1.00     1.00     1.00    13.00
C10            62        4     Proaim(5)    4500(GS4)                  1.00     1.00     1.00    13.00
H11            10        4     Proaim(5)    1800(GS4)                  1.00     1.00     1.00    13.00
H12            10        4     Proaim(5)    1800(GS4)                  1.00     1.00     1.00    13.00
H13             8        4     Proaim(5)    1800(GS4)                  1.00     1.00     1.00    13.00
C14            67        4     Proaim(5)    4500(GS4)                  1.00     1.00     1.00    13.00
H15             9        4     Proaim(5)    1800(GS4)                  1.00     1.00     1.00    13.00
H16            11        4     Proaim(5)    1800(GS4)                  1.00     1.00     1.00    13.00
H17            42        4     Proaim(5)    4500(GS4)                  1.00     1.00     1.00    13.00
H18            10        4     Proaim(5)    1800(GS4)                  1.00     1.00     1.00    13.00
H19            18        4     Proaim(5)    1800(GS4)                  1.00     1.00     1.00    13.00
B20            56        4     Proaim(5)    5400(GS5)                  1.00     1.00     1.00    13.00
F21            48        4     Proaim(5)    4500(GS4)                  1.00     1.00     1.00    13.00
F22            19        4     Proaim(5)    2700(GS4)                  1.00     1.00     1.00    13.00
F23            20        4     Proaim(5)    2700(GS4)                  1.00     1.00     1.00    13.00
F24            22        4     Proaim(5)    2700(GS4)                  1.00     1.00     1.00    13.00
------------------------------------------------------------------------------------------------------
Total         728
Note:  Total wall clock time is less than total of atomic times if more than one atom
       was calculated at a time
 
Electron Density Critical Point Analysis of Molecular Structure:               
---------------------------------------------------------------                
  NACP = Nuclear Attractor Critical Point                                      
  NNACP = Non-Nuclear Attractor Critical Point                                 
  BCP = Bond Critical Point                                                    
  RCP = Ring Critical Point                                                    
  CCP = Cage Critical Point                                                    
  Rho = Electron Density                                                       
  GradRho = Gradient of Electron Density                                       
  HessRho_EigVals = Eigenvalues of the Hessian of Rho, Ascending Order         
  HessRho_EigVecs = Eigenvectors of the Hessian of Rho                         
  DelSqRho = Laplacian of Rho = Trace of Hessian of Rho                        
  Bond Ellipticity = (HessRho_EigVal(1) / HessRho_EigVal(2)) - 1               
  V = Virial Field = Potential Energy Density = Trace of Stress Tensor         
  G = Lagrangian Form of Kinetic Energy Density                                
  K = Hamiltonian Form of Kinetic Energy Density                               
  L = K - G = Lagrangian Density = (-1/4)DelSqRho                              
  Vnuc = Electrostatic Potential from Nuclei                                   
  Ven = Electron-nuclear attractive contribution to Virial Field V             
  Vrep = V - Ven = Repulsive contribution to Virial Field V                    
  DelSqV = Laplacian of V                                                      
  DelSqVen = Laplacian of Ven                                                  
  DelSqVrep = Laplacian of Vrep                                                
  DelSqG = Laplacian of G                                                      
  DelSqK = Laplacian of K                                                      
  Stress_EigVals = Eigenvalues of Stress Tensor, Ascending Order               
  Stress_EigVecs = Eigenvectors of Stress Tensor                               
  -DivStress = Ehrenfest Force Density = Minus Divergence of Stress Tensor     
  ESP = Total Electrostatic Potential                                          
  ESPe = Electrostatic Potential from Electrons                                
  ESPn = Electrostatic Potential from Nuclei                                   
  BP = Bond Path                                                               
  BPL = Bond Path Length                                                       
  GBL = Geometric Bond Length                                                  
  GBL_I = Distance Between Nuclear Attractors                                  
  GBL_II = Distance Between Nuclei                                             
  GBL_III = Sum of Distances Between BCP and Nuclear Attractors                
  GBL_IV = Sum of Distances Between BCP and Nuclei                             

CP# 1      Coords =  6.14781565934573E+00 -5.71567248707544E-01 -2.46425198001181E+00
           Type = (3,-3) NACP C1
           Rho =  1.1951150471E+02     Rho at Nucleus =  1.1951150203E+02
           GradRho =  5.9740289104E-11 -1.3585291746E-12 -3.7519539559E-11
           HessRho_EigVals = -1.8122290979E+05 -1.8122275081E+05 -1.8122032039E+05
           HessRho_EigVec1 =  4.1661323575E-01 -4.7635500166E-01  7.7428633218E-01
           HessRho_EigVec2 = -9.0116246209E-01 -1.0420867422E-01  4.2076925879E-01
           HessRho_EigVec3 =  1.1974818883E-01  8.7305581987E-01  4.7268795908E-01
           DelSqRho = -5.4366598099E+05
           Bond Ellipticity = NA
           V = -1.3593056867E+05
           G =  7.0367117720E+00
           K =  1.3592353196E+05
           L =  1.3591649525E+05
           Vnuc =  1.1021524463E+06
           Ven = -1.3171989728E+08
           Vrep =  1.3158396671E+08
           DelSqV =  4.6067154019E+09
           DelSqVen =  5.9920278733E+11
           DelSqVrep = -5.9459607193E+11
           DelSqG =  2.0612009747E+08
           DelSqK = -4.8128354994E+09
           Stress_EigVals = -4.5310766514E+04 -4.5310000579E+04 -4.5309801578E+04
           Stress_EigVec1 =  1.2389004783E-01  8.7000357614E-01  4.7722639653E-01
           Stress_EigVec2 =  4.6632467001E-02 -4.8550477758E-01  8.7298941801E-01
           Stress_EigVec3 =  9.9119961111E-01 -8.5900456560E-02 -1.0071962317E-01
           -DivStress = -1.5577617068E+03  4.2258884788E+03 -6.8030772438E+03
           ESP =  -1.4582248089E+01     ESP at Nucleus =  -1.4582248164E+01
           ESPe = -3.0822548617E+01     ESPe at Nucleus = -3.0822541774E+01
           ESPn =  1.6240300527E+01     ESPn at Nucleus =  1.6240293610E+01

CP# 2      Coords =  6.32599553950395E+00  1.98631982370559E+00 -2.26415167027979E+00
           Type = (3,-3) NACP C2
           Rho =  1.1950819053E+02     Rho at Nucleus =  1.1950818769E+02
           GradRho = -4.1990409413E-11 -3.3189103592E-13 -1.9531065567E-11
           HessRho_EigVals = -1.8121792660E+05 -1.8121763676E+05 -1.8121527408E+05
           HessRho_EigVec1 =  1.8481383954E-01  3.1484968620E-01  9.3097450009E-01
           HessRho_EigVec2 = -9.8273528497E-01  6.7565191859E-02  1.7223909119E-01
           HessRho_EigVec3 =  8.6720469041E-03  9.4673365840E-01 -3.2190087861E-01
           DelSqRho = -5.4365083744E+05
           Bond Ellipticity = NA
           V = -1.3592678323E+05
           G =  7.0369367829E+00
           K =  1.3591974630E+05
           L =  1.3591270936E+05
           Vnuc =  1.0704399698E+06
           Ven = -1.2792634387E+08
           Vrep =  1.2779041709E+08
           DelSqV =  4.6065876287E+09
           DelSqVen =  5.8194558771E+11
           DelSqVrep = -5.7733899906E+11
           DelSqG =  2.0611433319E+08
           DelSqK = -4.8127019619E+09
           Stress_EigVals = -4.5309506296E+04 -4.5308714856E+04 -4.5308562081E+04
           Stress_EigVec1 =  3.1269542010E-03  9.4493860933E-01 -3.2723271041E-01
           Stress_EigVec2 =  1.4281247758E-01  3.2345806497E-01  9.3540337633E-01
           Stress_EigVec3 =  9.8974482489E-01 -4.9657877637E-02 -1.3393758541E-01
           -DivStress = -1.6928575336E+03 -3.0495312266E+03 -7.6420071206E+03
           ESP =  -1.4581738668E+01     ESP at Nucleus =  -1.4581738746E+01
           ESPe = -3.0462747914E+01     ESPe at Nucleus = -3.0462741756E+01
           ESPn =  1.5881009246E+01     ESPn at Nucleus =  1.5881003010E+01

CP# 3      Coords =  6.49783520833396E+00 -1.56026480609627E+00 -7.44551704314609E-02
           Type = (3,-3) NACP N3
           Rho =  1.9378292769E+02     Rho at Nucleus =  1.9378292691E+02
           GradRho = -1.0488119401E-10  2.8252538330E-11 -1.7649614409E-12
           HessRho_EigVals = -4.0302634653E+05 -4.0302480761E+05 -4.0302047270E+05
           HessRho_EigVec1 =  1.7925872865E-01  3.7742047023E-01  9.0852633250E-01
           HessRho_EigVec2 =  1.0266902286E-01  9.1126563545E-01 -3.9881576371E-01
           HessRho_EigVec3 =  9.7843005879E-01 -1.6476871757E-01 -1.2460292839E-01
           DelSqRho = -1.2090716268E+06
           Bond Ellipticity = NA
           V = -3.0231546273E+05
           G =  2.3778008723E+01
           K =  3.0229168472E+05
           L =  3.0226790671E+05
           Vnuc =  3.5633735718E+06
           Ven = -6.9052096319E+08
           Vrep =  6.9021864773E+08
           DelSqV =  1.4118234807E+10
           DelSqVen =  4.3083740611E+12
           DelSqVrep = -4.2942558262E+12
           DelSqG =  6.2874887847E+08
           DelSqK = -1.4746983685E+10
           Stress_EigVals = -1.0077239051E+05 -1.0077173539E+05 -1.0077133683E+05
           Stress_EigVec1 =  9.7537826913E-01 -1.8714379482E-01 -1.1668089894E-01
           Stress_EigVec2 =  1.3538086639E-01  9.2574148242E-01 -3.5309308793E-01
           Stress_EigVec3 =  1.7409552875E-01  3.2860296375E-01  9.2828381386E-01
           -DivStress =  2.9479027310E+03 -8.2864931703E+03 -2.0206154493E+03
           ESP =  -1.8162677184E+01     ESP at Nucleus =  -1.8162677197E+01
           ESPe = -3.5236043871E+01     ESPe at Nucleus = -3.5236041951E+01
           ESPn =  1.7073366688E+01     ESPn at Nucleus =  1.7073364754E+01

CP# 4      Coords =  6.72811926481319E+00  2.52694064660911E+00  2.60408984422798E-01
           Type = (3,-3) NACP N4
           Rho =  1.9374545763E+02     Rho at Nucleus =  1.9374545741E+02
           GradRho = -1.2914160366E-10 -1.6183039820E-09  5.5046395090E-10
           HessRho_EigVals = -4.0294739407E+05 -4.0294643511E+05 -4.0294125307E+05
           HessRho_EigVec1 =  1.0722241145E-01 -6.3854325699E-01  7.6207995869E-01
           HessRho_EigVec2 =  7.0101957344E-02  7.6944653533E-01  6.3485253788E-01
           HessRho_EigVec3 =  9.9176059110E-01  1.4647123273E-02 -1.2726504517E-01
           DelSqRho = -1.2088350822E+06
           Bond Ellipticity = NA
           V = -3.0225640195E+05
           G =  2.3815693276E+01
           K =  3.0223258625E+05
           L =  3.0220877056E+05
           Vnuc =  6.5779878115E+06
           Ven = -1.2744552589E+09
           Vrep =  1.2741530025E+09
           DelSqV =  1.4115487464E+10
           DelSqVen =  7.9517024256E+12
           DelSqVrep = -7.9375870692E+12
           DelSqG =  6.2862457019E+08
           DelSqK = -1.4744112034E+10
           Stress_EigVals = -1.0075279240E+05 -1.0075193316E+05 -1.0075167638E+05
           Stress_EigVec1 =  9.9201624565E-01  3.4668324467E-02 -1.2125129128E-01
           Stress_EigVec2 =  3.8967439405E-02  8.3015417327E-01  5.5617046602E-01
           Stress_EigVec3 =  1.1993876365E-01 -5.5645498999E-01  8.2217549044E-01
           -DivStress = -2.2915939845E+01  4.6089129724E+03 -1.6291740946E+03
           ESP =  -1.8156080878E+01     ESP at Nucleus =  -1.8156080882E+01
           ESPe = -3.4558231557E+01     ESPe at Nucleus = -3.4558230515E+01
           ESPn =  1.6402150679E+01     ESPn at Nucleus =  1.6402149633E+01

CP# 5      Coords =  6.81076409500534E+00  3.51297467292881E-01  1.54526011109172E+00
           Type = (3,-3) NACP C5
           Rho =  1.1954991567E+02     Rho at Nucleus =  1.1954991438E+02
           GradRho = -2.5558773847E-11 -1.0014771130E-12  1.1327051276E-11
           HessRho_EigVals = -1.8128358830E+05 -1.8128236175E+05 -1.8128072752E+05
           HessRho_EigVec1 =  9.8124564891E-01 -1.0664546709E-01 -1.6057310128E-01
           HessRho_EigVec2 =  1.1529228612E-01  9.9228873764E-01  4.5505493337E-02
           HessRho_EigVec3 =  1.5448192537E-01 -6.3164907273E-02  9.8597440597E-01
           DelSqRho = -5.4384667756E+05
           Bond Ellipticity = NA
           V = -1.3597544569E+05
           G =  6.8881483412E+00
           K =  1.3596855754E+05
           L =  1.3596166939E+05
           Vnuc =  1.5917769568E+06
           Ven = -1.9029680094E+08
           Vrep =  1.9016082549E+08
           DelSqV =  4.6082378478E+09
           DelSqVen =  8.6568259994E+11
           DelSqVrep = -8.6107436209E+11
           DelSqG =  2.0619041615E+08
           DelSqK = -4.8144282640E+09
           Stress_EigVals = -4.5325644235E+04 -4.5325204346E+04 -4.5324597107E+04
           Stress_EigVec1 =  1.4785354362E-01 -6.0744583223E-02  9.8714204917E-01
           Stress_EigVec2 =  8.6546474287E-02  9.9507774151E-01  4.8270033489E-02
           Stress_EigVec3 =  9.8521522391E-01 -7.8296768475E-02 -1.5238299977E-01
           -DivStress =  5.2013505203E+01 -7.1549649930E+02  5.6049102571E+03
           ESP =  -1.4512256952E+01     ESP at Nucleus =  -1.4512256975E+01
           ESPe = -3.1350173436E+01     ESPe at Nucleus = -3.1350166616E+01
           ESPn =  1.6837916483E+01     ESPn at Nucleus =  1.6837909641E+01

CP# 6      Coords =  6.90095604437722E+00  5.06984640326686E+00  1.35758936533715E+00
           Type = (3,-3) NACP C6
           Rho =  1.1937804774E+02     Rho at Nucleus =  1.1937804292E+02
           GradRho = -1.0973158471E-11  1.4728682737E-11 -1.1454444808E-11
           HessRho_EigVals = -1.8101995630E+05 -1.8101639079E+05 -1.8101628999E+05
           HessRho_EigVec1 =  7.0740159673E-02  9.1057591415E-01  4.0724358115E-01
           HessRho_EigVec2 = -2.5825785389E-01 -3.7762631352E-01  8.8921383718E-01
           HessRho_EigVec3 =  9.6348259492E-01 -1.6807698210E-01  2.0845003567E-01
           DelSqRho = -5.4305263708E+05
           Bond Ellipticity = NA
           V = -1.3577712548E+05
           G =  6.9831037342E+00
           K =  1.3577014237E+05
           L =  1.3576315927E+05
           Vnuc =  8.2175019321E+05
           Ven = -9.8098933798E+07
           Vrep =  9.7963156673E+07
           DelSqV =  4.6015376341E+09
           DelSqVen =  4.4625360781E+11
           DelSqVrep = -4.4165207017E+11
           DelSqG =  2.0588489376E+08
           DelSqK = -4.8074225279E+09
           Stress_EigVals = -4.5259380101E+04 -4.5259355608E+04 -4.5258389768E+04
           Stress_EigVec1 =  9.5931798609E-01 -1.7232784430E-01  2.2363388751E-01
           Stress_EigVec2 = -2.7379219492E-01 -3.7454730873E-01  8.8586237505E-01
           Stress_EigVec3 =  6.8897282727E-02  9.1105292250E-01  4.0649198864E-01
           -DivStress =  1.4291561958E+02  1.0203292477E+04  3.9134883707E+03
           ESP =  -1.4583162926E+01     ESP at Nucleus =  -1.4583163042E+01
           ESPe = -2.7797513078E+01     ESPe at Nucleus = -2.7797500829E+01
           ESPn =  1.3214350151E+01     ESPn at Nucleus =  1.3214337787E+01

CP# 7      Coords =  8.36452736751911E+00  6.10973575539030E+00  4.17037983660148E-01
           Type = (3,-3) NACP H7
           Rho =  4.2960647633E-01     Rho at Nucleus =  4.2566451244E-01
           GradRho =  4.7093405564E-15 -1.1524391467E-15  2.7327315757E-16
           HessRho_EigVals = -8.4137186519E+00 -8.4054614458E+00 -7.6525384096E+00
           HessRho_EigVec1 = -2.6738528254E-01  8.0804955370E-01  5.2493907212E-01
           HessRho_EigVec2 = -6.4147780324E-01  2.5724308183E-01 -7.2272555289E-01
           HessRho_EigVec3 =  7.1903500515E-01  5.2998293898E-01 -4.4956283850E-01
           DelSqRho = -2.4471718507E+01
           Bond Ellipticity = NA
           V = -6.1286986864E+00
           G =  5.3845297703E-03
           K =  6.1233141566E+00
           L =  6.1179296268E+00
           Vnuc =  4.5172054978E+01
           Ven = -1.9406207368E+01
           Vrep =  1.3277508681E+01
           DelSqV =  1.5669724558E+03
           DelSqVen =  1.1054378138E+03
           DelSqVrep =  4.6153464194E+02
           DelSqG =  1.1660736406E+02
           DelSqK = -1.6835798198E+03
           Stress_EigVals = -2.1069763400E+00 -2.1065607237E+00 -1.9151616226E+00
           Stress_EigVec1 = -6.7754734859E-01  6.8061059201E-01 -2.7874506714E-01
           Stress_EigVec2 =  1.5736171578E-01  5.0437325952E-01  8.4902585679E-01
           Stress_EigVec3 =  7.1844754911E-01  5.3139141612E-01 -4.4883881523E-01
           -DivStress =  1.1606492175E+01  8.5919872152E+00 -7.2132316426E+00
           ESP =  -1.0012628282E+00     ESP at Nucleus =  -1.0026681861E+00
           ESPe = -1.4428740966E+01     ESPe at Nucleus = -1.4350901406E+01
           ESPn =  1.3427478137E+01     ESPn at Nucleus =  1.3348233219E+01

CP# 8      Coords =  7.34561151901400E+00  4.90317582346390E+00  3.32561789451245E+00
           Type = (3,-3) NACP H8
           Rho =  4.2998749570E-01     Rho at Nucleus =  4.2604952296E-01
           GradRho = -7.0513852385E-12  1.2873241588E-12 -3.1611847620E-11
           HessRho_EigVals = -8.4120001427E+00 -8.4056143771E+00 -7.6552285359E+00
           HessRho_EigVec1 = -4.7179353744E-02  9.9704702249E-01  6.0591612635E-02
           HessRho_EigVec2 =  9.7478537905E-01  5.9200737585E-02 -2.1514817561E-01
           HessRho_EigVec3 =  2.1809991605E-01 -4.8913266205E-02  9.7469991229E-01
           DelSqRho = -2.4472843056E+01
           Bond Ellipticity = NA
           V = -6.1291959781E+00
           G =  5.4926070695E-03
           K =  6.1237033710E+00
           L =  6.1182107639E+00
           Vnuc =  4.5583932664E+01
           Ven = -1.9600521051E+01
           Vrep =  1.3471325073E+01
           DelSqV =  1.5669469236E+03
           DelSqVen =  1.1155684300E+03
           DelSqVrep =  4.5137849356E+02
           DelSqG =  1.1651687813E+02
           DelSqK = -1.6834638017E+03
           Stress_EigVals = -2.1070585403E+00 -2.1063523239E+00 -1.9157851138E+00
           Stress_EigVec1 =  9.7402243530E-01 -5.2613077955E-02 -2.2025476057E-01
           Stress_EigVec2 =  6.1638068798E-02  9.9750901049E-01  3.4300473363E-02
           Stress_EigVec3 =  2.1790145479E-01 -4.6985508682E-02  9.7483912415E-01
           -DivStress =  3.5070592525E+00 -6.1500158250E-01  1.5732163432E+01
           ESP =  -9.9388518619E-01     ESP at Nucleus =  -9.9529636816E-01
           ESPe = -1.4812462229E+01     ESPe at Nucleus = -1.4738498522E+01
           ESPn =  1.3818577043E+01     ESPn at Nucleus =  1.3743202154E+01

CP# 9      Coords =  5.11912309033969E+00  6.01354670246150E+00  1.14218553368454E+00
           Type = (3,-3) NACP H9
           Rho =  4.2703909611E-01     Rho at Nucleus =  4.2302238176E-01
           GradRho =  6.8388383064E-14 -3.5882592470E-14  7.4906105082E-15
           HessRho_EigVals = -8.3638777493E+00 -8.3554493364E+00 -7.5927481101E+00
           HessRho_EigVec1 =  4.0888726184E-01  8.2342836835E-01  3.9341699163E-01
           HessRho_EigVec2 = -2.6606871490E-01 -3.0480576741E-01  9.1449487866E-01
           HessRho_EigVec3 =  8.7293679385E-01 -4.7860126029E-01  9.4457332151E-02
           DelSqRho = -2.4312075196E+01
           Bond Ellipticity = NA
           V = -6.0885591590E+00
           G =  5.2701800404E-03
           K =  6.0832889790E+00
           L =  6.0780187990E+00
           Vnuc =  4.5383040327E+01
           Ven = -1.9380332520E+01
           Vrep =  1.3291773361E+01
           DelSqV =  1.5555247442E+03
           DelSqVen =  1.1033558890E+03
           DelSqVrep =  4.5216885514E+02
           DelSqG =  1.1578871398E+02
           DelSqK = -1.6713134582E+03
           Stress_EigVals = -2.0943133229E+00 -2.0940515716E+00 -1.9001942646E+00
           Stress_EigVec1 =  4.7222385562E-01  7.7705629745E-01 -4.1615879274E-01
           Stress_EigVec2 =  1.2668903760E-01  4.0738332829E-01  9.0442728375E-01
           Stress_EigVec3 =  8.7232707050E-01 -4.7981489600E-01  9.3931611516E-02
           -DivStress = -1.4185435079E+01  7.7718073247E+00 -1.5015509037E+00
           ESP =  -1.0048641405E+00     ESP at Nucleus =  -1.0062904064E+00
           ESPe = -1.5047273402E+01     ESPe at Nucleus = -1.4977363849E+01
           ESPn =  1.4042409262E+01     ESPn at Nucleus =  1.3971073443E+01

CP# 10     Coords =  6.11067334655753E+00 -4.24353407732902E+00  6.30664770932390E-01
           Type = (3,-3) NACP C10
           Rho =  1.1939817856E+02     Rho at Nucleus =  1.1939817345E+02
           GradRho = -3.1130499220E-11  4.1451501953E-11  8.5235401094E-12
           HessRho_EigVals = -1.8105470959E+05 -1.8105097823E+05 -1.8105087822E+05
           HessRho_EigVec1 =  1.1181654676E-01  9.5823056938E-01 -2.6323228483E-01
           HessRho_EigVec2 =  9.3544375989E-01 -1.2112487304E-02  3.5326797157E-01
           HessRho_EigVec3 = -3.3532377183E-01  2.8574020291E-01  8.9772518316E-01
           DelSqRho = -5.4315656604E+05
           Bond Ellipticity = NA
           V = -1.3580283189E+05
           G =  6.8451887106E+00
           K =  1.3579598670E+05
           L =  1.3578914151E+05
           Vnuc =  7.9911702868E+05
           Ven = -9.5413117677E+07
           Vrep =  9.5277314845E+07
           DelSqV =  4.6024157636E+09
           DelSqVen =  4.3404566195E+11
           DelSqVrep = -4.2944324619E+11
           DelSqG =  2.0592866162E+08
           DelSqK = -4.8083444253E+09
           Stress_EigVals = -4.5267967661E+04 -4.5267944486E+04 -4.5266919740E+04
           Stress_EigVec1 = -3.5206802410E-01  2.8645234132E-01  8.9106293973E-01
           Stress_EigVec2 =  9.2888119762E-01 -1.0050660559E-02  3.7024141440E-01
           Stress_EigVec3 =  1.1501229115E-01  9.5804177381E-01 -2.6254167766E-01
           -DivStress = -2.0790294769E+03 -1.0768651445E+04  2.4686586635E+03
           ESP =  -1.4585586358E+01     ESP at Nucleus =  -1.4585586485E+01
           ESPe = -2.9524826417E+01     ESPe at Nucleus = -2.9524816611E+01
           ESPn =  1.4939240060E+01     ESPn at Nucleus =  1.4939230126E+01

CP# 11     Coords =  7.05257088101634E+00  1.74516878036611E-01  3.52296784004665E+00
           Type = (3,-3) NACP H11
           Rho =  4.2025119364E-01     Rho at Nucleus =  4.1558902551E-01
           GradRho =  2.4246555284E-15  2.7597180454E-17  3.7364317369E-17
           HessRho_EigVals = -8.2092993585E+00 -8.1970553010E+00 -7.3545134875E+00
           HessRho_EigVec1 =  4.4688347680E-02  9.9538650594E-01  8.4903800657E-02
           HessRho_EigVec2 =  9.9202141932E-01 -3.4186812324E-02 -1.2134564466E-01
           HessRho_EigVec3 =  1.1788322695E-01 -8.9649125191E-02  9.8897248655E-01
           DelSqRho = -2.3760868147E+01
           Bond Ellipticity = NA
           V = -5.9494913487E+00
           G =  4.6371559550E-03
           K =  5.9448541927E+00
           L =  5.9402170368E+00
           Vnuc =  4.4479098942E+01
           Ven = -1.8692394422E+01
           Vrep =  1.2742903074E+01
           DelSqV =  1.5105020506E+03
           DelSqVen =  1.0568620053E+03
           DelSqVrep =  4.5364004532E+02
           DelSqG =  1.1242387610E+02
           DelSqK = -1.6229259267E+03
           Stress_EigVals = -2.0548840620E+00 -2.0547812705E+00 -1.8398260162E+00
           Stress_EigVec1 = -1.5604742224E-01 -9.8521604456E-01 -7.0700406995E-02
           Stress_EigVec2 =  9.8068305791E-01 -1.4598709605E-01 -1.3018643442E-01
           Stress_EigVec3 =  1.1794041687E-01 -8.9649948830E-02  9.8896559331E-01
           -DivStress =  2.0223377623E+00 -1.5587387276E+00  1.7121286996E+01
           ESP =  -9.2096337291E-01     ESP at Nucleus =  -9.2270077285E-01
           ESPe = -1.6660876234E+01     ESPe at Nucleus = -1.6560667585E+01
           ESPn =  1.5739912861E+01     ESPn at Nucleus =  1.5637966812E+01

CP# 12     Coords =  5.80738040076844E+00 -1.73476992042721E+00 -4.05510648607351E+00
           Type = (3,-3) NACP H12
           Rho =  4.2075530745E-01     Rho at Nucleus =  4.1628994558E-01
           GradRho =  2.3027803622E-14  8.6183803285E-14  1.1981939692E-13
           HessRho_EigVals = -8.2324223769E+00 -8.2206840693E+00 -7.4088279774E+00
           HessRho_EigVec1 = -5.1139127526E-02  8.2119101985E-01 -5.6835736869E-01
           HessRho_EigVec2 =  9.8332921570E-01 -5.8032282127E-02 -1.7232500624E-01
           HessRho_EigVec3 =  1.7449482279E-01  5.6769495607E-01  8.0453340122E-01
           DelSqRho = -2.3861934424E+01
           Bond Ellipticity = NA
           V = -5.9761950441E+00
           G =  5.3557190754E-03
           K =  5.9708393250E+00
           L =  5.9654836059E+00
           Vnuc =  4.4823135416E+01
           Ven = -1.8859572123E+01
           Vrep =  1.2883377079E+01
           DelSqV =  1.5203190194E+03
           DelSqVen =  1.0695667180E+03
           DelSqVrep =  4.5075230145E+02
           DelSqG =  1.1325011096E+02
           DelSqK = -1.6335691304E+03
           Stress_EigVals = -2.0617128803E+00 -2.0610936257E+00 -1.8533885381E+00
           Stress_EigVec1 =  9.8342594140E-01 -6.0452673439E-02 -1.7093534468E-01
           Stress_EigVec2 = -4.8267645305E-02  8.2146563758E-01 -5.6821161612E-01
           Stress_EigVec3 =  1.7476742318E-01  5.6704469008E-01  8.0493270976E-01
           -DivStress = -2.9923223822E+00 -9.5958671351E+00 -1.3681085566E+01
           ESP =  -9.6620871008E-01     ESP at Nucleus =  -9.6786022745E-01
           ESPe = -1.6348774005E+01     ESPe at Nucleus = -1.6254991751E+01
           ESPn =  1.5382565295E+01     ESPn at Nucleus =  1.5287131524E+01

CP# 13     Coords =  6.16358230268906E+00  3.42375894717137E+00 -3.64551311089392E+00
           Type = (3,-3) NACP H13
           Rho =  4.2035634854E-01     Rho at Nucleus =  4.1589888538E-01
           GradRho =  3.9783714517E-15 -2.0789966293E-15  1.5789846102E-15
           HessRho_EigVals = -8.2239500343E+00 -8.2119690245E+00 -7.4018885454E+00
           HessRho_EigVec1 =  1.3733599524E-01  7.0698673271E-01  6.9376406954E-01
           HessRho_EigVec2 =  9.8665828840E-01 -3.5818138344E-02 -1.5881587737E-01
           HessRho_EigVec3 = -8.7431380827E-02  7.0631920598E-01 -7.0247343929E-01
           DelSqRho = -2.3837807604E+01
           Bond Ellipticity = NA
           V = -5.9702562899E+00
           G =  5.4021944073E-03
           K =  5.9648540955E+00
           L =  5.9594519011E+00
           Vnuc =  4.4283288553E+01
           Ven = -1.8614761478E+01
           Vrep =  1.2644505188E+01
           DelSqV =  1.5188402327E+03
           DelSqVen =  1.0556165126E+03
           DelSqVrep =  4.6322372014E+02
           DelSqG =  1.1312966068E+02
           DelSqK = -1.6319698934E+03
           Stress_EigVals = -2.0596499256E+00 -2.0589530810E+00 -1.8516532833E+00
           Stress_EigVec1 =  9.8469848011E-01 -4.5513657243E-02 -1.6821834106E-01
           Stress_EigVec2 =  1.5072273153E-01  7.0695909932E-01  6.9100759047E-01
           Stress_EigVec3 = -8.7473204259E-02  7.0578845194E-01 -7.0300149334E-01
           -DivStress = -1.5157881517E+00  1.1937012280E+01 -1.1941934583E+01
           ESP =  -9.6493918485E-01     ESP at Nucleus =  -9.6658861342E-01
           ESPe = -1.5795931897E+01     ESPe at Nucleus = -1.5700588463E+01
           ESPn =  1.4830992713E+01     ESPn at Nucleus =  1.4733999850E+01

CP# 14     Coords =  3.31481427314285E+00 -4.94957904533664E+00  5.91998302624160E-01
           Type = (3,-3) NACP C14
           Rho =  1.1937011069E+02     Rho at Nucleus =  1.1937011009E+02
           GradRho =  7.7586228258E-09  1.3324609645E-09 -1.3267497084E-10
           HessRho_EigVals = -1.8100332459E+05 -1.8100206284E+05 -1.8100201934E+05
           HessRho_EigVec1 =  9.6925366811E-01  2.4571659029E-01  1.3064613087E-02
           HessRho_EigVec2 =  1.4021182745E-01 -5.9515185645E-01  7.9128687036E-01
           HessRho_EigVec3 = -2.0220774046E-01  7.6512588835E-01  6.1130549211E-01
           DelSqRho = -5.4300740677E+05
           Bond Ellipticity = NA
           V = -1.3576609097E+05
           G =  7.1196411000E+00
           K =  1.3575897133E+05
           L =  1.3575185169E+05
           Vnuc =  2.3236504810E+06
           Ven = -2.7737441513E+08
           Vrep =  2.7723864904E+08
           DelSqV =  4.6011571061E+09
           DelSqVen =  1.2617594388E+12
           DelSqVrep = -1.2571582817E+12
           DelSqG =  2.0586467644E+08
           DelSqK = -4.8070217825E+09
           Stress_EigVals = -4.5255481421E+04 -4.5255470002E+04 -4.5255139551E+04
           Stress_EigVec1 = -1.9603376218E-01  7.3725491637E-01  6.4654926524E-01
           Stress_EigVec2 =  1.5171654357E-01 -6.2859954434E-01  7.6278745615E-01
           Stress_EigVec3 =  9.6878937571E-01  2.4762431454E-01  1.1372965937E-02
           -DivStress = -3.8039536678E+03 -6.6489622529E+02  7.1369439409E+01
           ESP =  -1.4670766572E+01     ESP at Nucleus =  -1.4670766585E+01
           ESPe = -2.8296118966E+01     ESPe at Nucleus = -2.8296116470E+01
           ESPn =  1.3625352394E+01     ESPn at Nucleus =  1.3625349885E+01

CP# 15     Coords =  6.92147892051680E+00 -4.48217682602363E+00  2.47655210246430E+00
           Type = (3,-3) NACP H15
           Rho =  4.3510491620E-01     Rho at Nucleus =  4.3124434141E-01
           GradRho = -2.6183604438E-14  9.3020480641E-15 -5.0551620859E-14
           HessRho_EigVals = -8.5163205985E+00 -8.5103071974E+00 -7.7659423568E+00
           HessRho_EigVec1 =  4.2490139487E-01  9.0440223170E-01 -3.8928240879E-02
           HessRho_EigVec2 =  8.1273472129E-01 -4.0006629015E-01 -4.2356727481E-01
           HessRho_EigVec3 =  3.9864906552E-01 -1.4833599289E-01  9.0502782044E-01
           DelSqRho = -2.4792570153E+01
           Bond Ellipticity = NA
           V = -6.2091515279E+00
           G =  5.5044948502E-03
           K =  6.2036470330E+00
           L =  6.1981425382E+00
           Vnuc =  4.7257702998E+01
           Ven = -2.0562058903E+01
           Vrep =  1.4352907375E+01
           DelSqV =  1.5889196203E+03
           DelSqVen =  1.1716399168E+03
           DelSqVrep =  4.1727970351E+02
           DelSqG =  1.1816411626E+02
           DelSqK = -1.7070837366E+03
           Stress_EigVals = -2.1331876490E+00 -2.1322843286E+00 -1.9436795503E+00
           Stress_EigVec1 =  9.1713407665E-01  8.8102426148E-02 -3.8871975503E-01
           Stress_EigVec2 = -2.1308100396E-02  9.8470747371E-01  1.7290794108E-01
