AIMSum (Version 17.11.14, Professional)
Copyright (c) 1997-2017 by Todd A. Keith
AIMSum is a component of the AIMAll package ( http://aim.tkgristmill.com )

TP:  64-bit Linux

Much of the Quantum Theory of Atoms in Molecules (QTAIM) is described in the book:
  "Atoms in Molecules - A Quantum Theory"
  R.F.W. Bader, Oxford University Press, Oxford, 1990

For additional references see:  http://aim.tkgristmill.com/references.html

Wfn File:  /home/localuser/Desktop/AIMAll/emimbf4/wfn/260.wfn
Sum File:  /home/localuser/Desktop/AIMAll/emimbf4/wfn/260.sum

SumViz File:  /home/localuser/Desktop/AIMAll/emimbf4/wfn/260.sumviz

Wfn Title:  B3LYP                                                                          
 
Total memory allocated for AIMSum =        1.420 Megabytes

Atomic units (a.u.) used throughout, except where stated otherwise

Model:  Restricted SCF
 
Restricted, closed-shell, single-determinant wavefunction.
  Number of electrons (from MO Occs)                   =         102.0000000000
  Number of Alpha electrons (from MO Occs)             =          51.0000000000
  Number of Beta electrons (from MO Occs)              =          51.0000000000
  Number of electron pairs (N*(N-1)/2)                 =        5151.0000000000
  Number of electron pairs (from Muller 2EDM)          =        5151.0000000000
 
Nuclear Charges and Cartesian Coordinates:
-------------------------------------------------------------------------------
Atom      Charge                X                  Y                  Z
-------------------------------------------------------------------------------
C1         6.0           1.1839795000E+00  -6.9367114000E-01  -2.0721654800E+00
C2         6.0           1.8190398000E+00   1.7919085100E+00  -2.2331940000E+00
N3         7.0           2.1492406700E+00  -1.5591319600E+00   2.0645027000E-01
N4         7.0           3.2449825200E+00   2.3801555000E+00  -1.3172455000E-01
C5         6.0           3.3845670500E+00   3.2547102000E-01   1.3316997900E+00
C6         6.0           3.8802821000E+00   4.9394175200E+00   6.7002874000E-01
H7         1.0           4.5834971300E+00   6.0058872400E+00  -9.4431793000E-01
H8         1.0           5.3447415900E+00   4.8613042800E+00   2.1145670400E+00
H9         1.0           2.1901526900E+00   5.8402476300E+00   1.4335755100E+00
C10        6.0           1.8346982100E+00  -4.0827422300E+00   1.3502231700E+00
H11        1.0           4.2356551000E+00   2.4536088000E-01   3.1754091400E+00
H12        1.0           1.0848950000E-01  -1.8578244400E+00  -3.3251035500E+00
H13        1.0           1.3163725200E+00   3.1857194200E+00  -3.6192799600E+00
C14        6.0           1.7266908400E+00  -6.1789903300E+00  -6.1025328000E-01
H15        1.0           9.9900860000E-02  -4.0293139000E+00   2.4554482400E+00
H16        1.0           3.4392874200E+00  -4.3482850100E+00   2.6204183100E+00
H17        1.0           5.0397100000E-02  -5.9890214500E+00  -1.7931808300E+00
H18        1.0           1.6041283000E+00  -7.9965571800E+00   3.5856005000E-01
H19        1.0           3.4126997300E+00  -6.1908548300E+00  -1.8028182800E+00
B20        5.0          -3.0151301400E+00   5.2440588000E-01   1.6929862000E-01
F21        9.0          -3.0159455900E+00   1.7711149300E+00  -2.1912031600E+00
F22        9.0          -1.2243881300E+00   1.5505316500E+00   1.8589197700E+00
F23        9.0          -5.4035201600E+00   9.0047848000E-01   1.2720135700E+00
F24        9.0          -2.7195061600E+00  -2.1236952300E+00  -1.4097153000E-01
 
Some Atomic Properties:
----------------------
  q(A) = Net Charge of Atom A
  L(A) = Lagrangian of Atom A = -(1/4) Times Atomic Integral of the Laplacian of the Electron Density
  K(A) = Electronic Kinetic Energy of Atom A (Hamiltonian Form)
  K_Scaled(A) = K(A) * E(Mol)/K(Mol) = Approximation to Virial-Based Total Energy of Atom A.
  |Mu_Intra(A)| = Magnitude of Intraatomic Dipole Moment of Atom A
--------------------------------------------------------------------------------------------------
Atom A          q(A)              L(A)              K(A)          K_Scaled(A)      |Mu_Intra(A)|
--------------------------------------------------------------------------------------------------
C1        5.5236382500E-01  8.0196701417E-06  3.7502421779E+01 -3.7526751850E+01  7.7462316924E-01
C2        5.5323000060E-01  2.2693750596E-04  3.7481641190E+01 -3.7505957780E+01  7.6597722172E-01
N3       -1.5351382108E+00  8.5918652085E-05  5.5401385099E+01 -5.5437327301E+01  2.3318911304E-01
N4       -1.5645108706E+00 -4.6215365524E-04  5.5414181576E+01 -5.5450132081E+01  1.7016513696E-01
C5        1.3576145633E+00  4.1531347163E-04  3.6962683434E+01 -3.6986663344E+01  8.7987752121E-01
C6        5.3748479450E-01  1.9108050301E-05  3.7429116048E+01 -3.7453398561E+01  6.1736365063E-01
H7        2.2719221750E-02  2.3957834801E-05  6.1306841988E-01 -6.1346615415E-01  1.2181012303E-01
H8        1.0470238130E-02  2.4901433534E-05  6.1786937729E-01 -6.1827022623E-01  1.2104204817E-01
H9        5.9670441690E-02  1.9201021730E-05  5.9745397637E-01 -5.9784158061E-01  1.2112638135E-01
C10       4.9325868960E-01  4.0611647505E-05  3.7468175666E+01 -3.7492483519E+01  6.1397931683E-01
H11       1.1556842458E-01  1.8059136655E-05  5.7113673366E-01 -5.7150726433E-01  1.1392314197E-01
H12       1.3597952104E-01  4.6547670265E-06  5.7171485458E-01 -5.7208576030E-01  1.1365853287E-01
H13       1.0539132020E-01  2.5175414037E-05  5.7590038464E-01 -5.7627400577E-01  1.1754719472E-01
C14       1.4680407060E-01 -1.1433784754E-04  3.7682280699E+01 -3.7706727455E+01  1.0367624756E-01
H15       7.7105996520E-02 -1.7220662110E-05  6.0117800123E-01 -6.0156802147E-01  1.2076954709E-01
H16      -2.5249660900E-02  2.9730851609E-05  6.4080441386E-01 -6.4122014213E-01  1.2248228477E-01
H17       9.9895299600E-03 -3.7742047300E-06  6.1742196382E-01 -6.1782252249E-01  1.1694938974E-01
H18      -1.4058602300E-02  1.7310070040E-05  6.2204077727E-01 -6.2244433244E-01  1.2508695521E-01
H19      -3.2178999100E-02  2.8205150715E-05  6.3018564922E-01 -6.3059448847E-01  1.2772619836E-01
B20       2.5155851748E+00 -3.5308287253E-04  2.3300644944E+01 -2.3315761471E+01  1.2445363214E-02
F21      -8.8139778390E-01  6.8495124145E-05  9.9881938202E+01 -9.9946737608E+01  2.9588153339E-01
F22      -8.8713063520E-01  1.3980900572E-03  9.9907565791E+01 -9.9972381824E+01  2.8436962324E-01
F23      -8.6881265110E-01  2.1866160969E-05  9.9856201448E+01 -9.9920984157E+01  2.9488287548E-01
F24      -8.8341244780E-01  8.5052644268E-05  9.9902049677E+01 -9.9966862131E+01  2.8461754889E-01
--------------------------------------------------------------------------------------------------
Total     1.3459505700E-03  1.6100394222E-03  7.6484906010E+02 -7.6534526358E+02
 
1st Largest |L(A)| = 1.3980900572E-03, atom F22     
2nd Largest |L(A)| = 4.6215365524E-04, atom N4      
 
Molecular charge q(Mol) from the wfn file:   0.0000000000E+00
Molecular energy E(Mol) from the wfn file:  -7.6754586671E+02
Molecular virial ratio (-V(Mol)/T(Mol)) from the wfn file:   2.0006487600E+00
Note.  K_Scaled(A) = (1+V(Mol)/T(Mol))*K(A) = (E(Mol)/T(Mol))*K(A)
       Only use K_Scaled(A) data with caution.
 
N_AIMInt(SumA)     =        101.998654
N_Analytic(Mol)    =        102.000000
 
G_AIMInt(SumA)     =        764.847450
G_Analytic(Mol)    =        764.848688
 
K_AIMInt(SumA)     =        764.849060
K_Analytic(Mol)    =        764.848688
 
L_AIMInt(SumA)     =          0.001610
L_Analytic(Mol)    =          0.000000
 
VenT_AIMInt(SumA)  =      -3678.369214
VenT_Analytic(Mol) =      -3678.394581
 
Some Information About the Atomic Calculations:
----------------------------------------------
  Time(sec) = "Elapsed User Time", in Seconds, for Atom A by AIMInt and, if used, by TWOe
  NProc = Number of Processors Used for AIMInt Job
  BIM = Basin Integration Method
  OAQ = Angular Quadrature Outside of Beta Sphere
  ORQ = Multiple of Default for Radial Quadrature Outside of Beta Sphere
  IAQ = Multiple of Default for Angular Quadrature Inside of Beta Sphere
  IRQ = Multiple of Default for Radial Quadrature Inside of Beta Sphere
  MIR = Maximum Integration Radius
------------------------------------------------------------------------------------------------------
Atom A     Time(sec)   NProc      BIM          OAQ                     ORQ      IAQ      IRQ      MIR
------------------------------------------------------------------------------------------------------
C1            125        4     Proaim(5)    4500(GS4)                  1.00     1.00     1.00    13.00
C2             69        4     Proaim(5)    4500(GS4)                  1.00     1.00     1.00    13.00
N3            158        4    Promega(1)    4500(GS4)                  1.00     1.00     1.00    13.00
N4            227        4     Proaim(5)    4500(GS4)                  1.00     1.00     1.00    13.00
C5            164        4    Promega(1)    4500(GS4)                  1.00     1.00     1.00    13.00
C6             45        4     Proaim(5)    4500(GS4)                  1.00     1.00     1.00    13.00
H7             11        4     Proaim(5)    1800(GS4)                  1.00     1.00     1.00    13.00
H8             11        4     Proaim(5)    1800(GS4)                  1.00     1.00     1.00    13.00
H9             12        4     Proaim(5)    1800(GS4)                  1.00     1.00     1.00    13.00
C10            77        4     Proaim(5)    5400(GS5)                  1.00     1.00     1.00    13.00
H11            11        4     Proaim(5)    1800(GS4)                  1.00     1.00     1.00    13.00
H12            13        4     Proaim(5)    1800(GS4)                  1.00     1.00     1.00    13.00
H13            12        4     Proaim(5)    1800(GS4)                  1.00     1.00     1.00    13.00
C14            58        4     Proaim(5)    4500(GS4)                  1.00     1.00     1.00    13.00
H15            40        4     Proaim(5)    4500(GS4)                  1.00     1.00     1.00    13.00
H16            12        4     Proaim(5)    1800(GS4)                  1.00     1.00     1.00    13.00
H17            18        4     Proaim(5)    1800(GS4)                  1.00     1.00     1.00    13.00
H18            10        4     Proaim(5)    1800(GS4)                  1.00     1.00     1.00    13.00
H19             9        4     Proaim(5)    1800(GS4)                  1.00     1.00     1.00    13.00
B20            65        4     Proaim(5)    6300(GS6)                  1.00     1.00     1.00    13.00
F21            52        4     Proaim(5)    4500(GS4)                  1.00     1.00     1.00    13.00
F22           279        4     Proaim(5)    9000(GS9)                  1.00     1.00     1.00    13.00
F23            24        4     Proaim(5)    2700(GS4)                  1.00     1.00     1.00    13.00
F24            50        4     Proaim(5)    4500(GS4)                  1.00     1.00     1.00    13.00
------------------------------------------------------------------------------------------------------
Total        1552
Note:  Total wall clock time is less than total of atomic times if more than one atom
       was calculated at a time
 
Electron Density Critical Point Analysis of Molecular Structure:               
---------------------------------------------------------------                
  NACP = Nuclear Attractor Critical Point                                      
  NNACP = Non-Nuclear Attractor Critical Point                                 
  BCP = Bond Critical Point                                                    
  RCP = Ring Critical Point                                                    
  CCP = Cage Critical Point                                                    
  Rho = Electron Density                                                       
  GradRho = Gradient of Electron Density                                       
  HessRho_EigVals = Eigenvalues of the Hessian of Rho, Ascending Order         
  HessRho_EigVecs = Eigenvectors of the Hessian of Rho                         
  DelSqRho = Laplacian of Rho = Trace of Hessian of Rho                        
  Bond Ellipticity = (HessRho_EigVal(1) / HessRho_EigVal(2)) - 1               
  V = Virial Field = Potential Energy Density = Trace of Stress Tensor         
  G = Lagrangian Form of Kinetic Energy Density                                
  K = Hamiltonian Form of Kinetic Energy Density                               
  L = K - G = Lagrangian Density = (-1/4)DelSqRho                              
  Vnuc = Electrostatic Potential from Nuclei                                   
  Ven = Electron-nuclear attractive contribution to Virial Field V             
  Vrep = V - Ven = Repulsive contribution to Virial Field V                    
  DelSqV = Laplacian of V                                                      
  DelSqVen = Laplacian of Ven                                                  
  DelSqVrep = Laplacian of Vrep                                                
  DelSqG = Laplacian of G                                                      
  DelSqK = Laplacian of K                                                      
  Stress_EigVals = Eigenvalues of Stress Tensor, Ascending Order               
  Stress_EigVecs = Eigenvectors of Stress Tensor                               
  -DivStress = Ehrenfest Force Density = Minus Divergence of Stress Tensor     
  ESP = Total Electrostatic Potential                                          
  ESPe = Electrostatic Potential from Electrons                                
  ESPn = Electrostatic Potential from Nuclei                                   
  BP = Bond Path                                                               
  BPL = Bond Path Length                                                       
  GBL = Geometric Bond Length                                                  
  GBL_I = Distance Between Nuclear Attractors                                  
  GBL_II = Distance Between Nuclei                                             
  GBL_III = Sum of Distances Between BCP and Nuclear Attractors                
  GBL_IV = Sum of Distances Between BCP and Nuclei                             

CP# 1      Coords =  1.18398296690956E+00 -6.93673958586522E-01 -2.07216089409938E+00
           Type = (3,-3) NACP C1
           Rho =  1.1953176404E+02     Rho at Nucleus =  1.1953176032E+02
           GradRho = -8.7516660585E-12 -5.8128779568E-12  3.7075328918E-11
           HessRho_EigVals = -1.8125295193E+05 -1.8125246473E+05 -1.8125007700E+05
           HessRho_EigVec1 =  7.9757777091E-02 -3.8521547518E-01  9.1937355557E-01
           HessRho_EigVec2 =  9.0588295842E-01 -3.5685158489E-01 -2.2810745713E-01
           HessRho_EigVec3 =  4.1595043290E-01  8.5103818013E-01  3.2049844513E-01
           DelSqRho = -5.4375549366E+05
           Bond Ellipticity = NA
           V = -1.3595301097E+05
           G =  7.0687770189E+00
           K =  1.3594594219E+05
           L =  1.3593887341E+05
           Vnuc =  9.3712799767E+05
           Ven = -1.1201656269E+08
           Vrep =  1.1188060968E+08
           DelSqV =  4.6074692989E+09
           DelSqVen =  5.0956849766E+11
           DelSqVrep = -5.0496102837E+11
           DelSqG =  2.0615309782E+08
           DelSqK = -4.8136223967E+09
           Stress_EigVals = -4.5318277362E+04 -4.5317430922E+04 -4.5317302685E+04
           Stress_EigVec1 =  4.1546764674E-01  8.4890803980E-01  3.2671359701E-01
           Stress_EigVec2 =  4.7190148362E-01 -5.0822230998E-01  7.2042978380E-01
           Stress_EigVec3 =  7.7762177456E-01 -1.4513863577E-01 -6.1175089059E-01
           -DivStress = -5.1950302747E+03  4.2258590479E+03 -6.8736371270E+03
           ESP =  -1.4668163448E+01     ESP at Nucleus =  -1.4668163529E+01
           ESPe = -3.5824429634E+01     ESPe at Nucleus = -3.5824423044E+01
           ESPn =  2.1156266186E+01     ESPn at Nucleus =  2.1156259515E+01

CP# 2      Coords =  1.81904405515692E+00  1.79191059297871E+00 -2.23319041907308E+00
           Type = (3,-3) NACP C2
           Rho =  1.1951455549E+02     Rho at Nucleus =  1.1951455229E+02
           GradRho =  7.7012979327E-12 -7.6798498116E-12 -1.0884820822E-11
           HessRho_EigVals = -1.8122654304E+05 -1.8122600657E+05 -1.8122393672E+05
           HessRho_EigVec1 =  6.0141568309E-01  3.0173191671E-01  7.3976822490E-01
           HessRho_EigVec2 = -7.9862780205E-01  2.5277549664E-01  5.4616680794E-01
           HessRho_EigVec3 =  2.2199322647E-02  9.1927275535E-01 -3.9299464543E-01
           DelSqRho = -5.4367648632E+05
           Bond Ellipticity = NA
           V = -1.3593328247E+05
           G =  7.0804445668E+00
           K =  1.3592620203E+05
           L =  1.3591912158E+05
           Vnuc =  1.0103416456E+06
           Ven = -1.2075053267E+08
           Vrep =  1.2061459939E+08
           DelSqV =  4.6068034025E+09
           DelSqVen =  5.4929899283E+11
           DelSqVrep = -5.4469218969E+11
           DelSqG =  2.0612290782E+08
           DelSqK = -4.8129263104E+09
           Stress_EigVals = -4.5311648030E+04 -4.5310868582E+04 -4.5310765858E+04
           Stress_EigVec1 =  1.9106887202E-02  9.1690898938E-01 -3.9863872373E-01
           Stress_EigVec2 =  4.2486756359E-01  3.5347518554E-01  8.3339237254E-01
           Stress_EigVec3 =  9.0505385490E-01 -1.8529219736E-01 -3.8281107786E-01
           -DivStress = -6.3775032974E+03 -3.1228462594E+03 -5.3656495717E+03
           ESP =  -1.4666258868E+01     ESP at Nucleus =  -1.4666258950E+01
           ESPe = -3.4770196319E+01     ESPe at Nucleus = -3.4770193386E+01
           ESPn =  2.0103937450E+01     ESPn at Nucleus =  2.0103934437E+01

CP# 3      Coords =  2.14924211552091E+00 -1.55913103208505E+00  2.06450262918443E-01
           Type = (3,-3) NACP N3
           Rho =  1.9377066453E+02     Rho at Nucleus =  1.9377066393E+02
           GradRho =  5.8573914018E-09  3.7904343249E-09 -2.9955347230E-11
           HessRho_EigVals = -4.0299939954E+05 -4.0299839198E+05 -4.0299298807E+05
           HessRho_EigVec1 =  5.7121799480E-01  3.9794468888E-01  7.1787883867E-01
           HessRho_EigVec2 =  1.0576623903E-01  8.3163281804E-01 -5.4516085575E-01
           HessRho_EigVec3 =  8.1395546875E-01 -3.8733303571E-01 -4.3295451765E-01
           DelSqRho = -1.2089907796E+06
           Bond Ellipticity = NA
           V = -3.0229535783E+05
           G =  2.3831465514E+01
           K =  3.0227152636E+05
           L =  3.0224769490E+05
           Vnuc =  4.0751596353E+06
           Ven = -7.8964639060E+08
           Vrep =  7.8934409524E+08
           DelSqV =  1.4117295024E+10
           DelSqVen =  4.9268307722E+12
           DelSqVrep = -4.9127134444E+12
           DelSqG =  6.2870476072E+08
           DelSqK = -1.4745999785E+10
           Stress_EigVals = -1.0076582140E+05 -1.0076490232E+05 -1.0076463411E+05
           Stress_EigVec1 =  7.9630571212E-01 -4.3573803894E-01 -4.1955878523E-01
           Stress_EigVec2 =  1.7021031673E-01  8.2699137683E-01 -5.3582992706E-01
           Stress_EigVec3 =  5.8045297908E-01  3.5527119793E-01  7.3270506686E-01
           -DivStress = -6.6431297143E+03 -4.2606955056E+03  3.3419683703E+01
           ESP =  -1.8241280954E+01     ESP at Nucleus =  -1.8241280960E+01
           ESPe = -3.9532233738E+01     ESPe at Nucleus = -3.9532234016E+01
           ESPn =  2.1290952784E+01     ESPn at Nucleus =  2.1290953057E+01

CP# 4      Coords =  3.24498186717184E+00  2.38015519762623E+00 -1.31723360237175E-01
           Type = (3,-3) NACP N4
           Rho =  1.9372143888E+02     Rho at Nucleus =  1.9372143849E+02
           GradRho = -1.6816229798E-09 -7.4502692644E-10  3.2120176588E-09
           HessRho_EigVals = -4.0289573092E+05 -4.0289504051E+05 -4.0288856866E+05
           HessRho_EigVec1 = -1.7877392466E-01  8.4363868545E-01 -5.0627428561E-01
           HessRho_EigVec2 =  4.2082819096E-01  5.3068538939E-01  7.3571506114E-01
           HessRho_EigVec3 =  8.8935005344E-01 -8.1527822826E-02 -4.4989965164E-01
           DelSqRho = -1.2086793401E+06
           Bond Ellipticity = NA
           V = -3.0221768791E+05
           G =  2.3926445722E+01
           K =  3.0219376147E+05
           L =  3.0216983502E+05
           Vnuc =  5.0346229970E+06
           Ven = -9.7531441120E+08
           Vrep =  9.7501219351E+08
           DelSqV =  1.4113679227E+10
           DelSqVen =  6.0852450099E+12
           DelSqVrep = -6.0711311996E+12
           DelSqG =  6.2854092676E+08
           DelSqK = -1.4742220154E+10
           Stress_EigVals = -1.0074007883E+05 -1.0073888284E+05 -1.0073872624E+05
           Stress_EigVec1 =  8.9428190858E-01 -5.1963420607E-02 -4.4447685081E-01
           Stress_EigVec2 =  3.6880688609E-01  6.4813281976E-01  6.6626220718E-01
           Stress_EigVec3 = -2.5345877133E-01  7.5975236154E-01 -5.9877792241E-01
           -DivStress =  2.9952186909E+03  1.3890546446E+03 -5.4630839619E+03
           ESP =  -1.8235490214E+01     ESP at Nucleus =  -1.8235490220E+01
           ESPe = -3.7963705091E+01     ESPe at Nucleus = -3.7963703642E+01
           ESPn =  1.9728214876E+01     ESPn at Nucleus =  1.9728213421E+01

CP# 5      Coords =  3.38456635846685E+00  3.25471284867752E-01  1.33169668666844E+00
           Type = (3,-3) NACP C5
           Rho =  1.1954091620E+02     Rho at Nucleus =  1.1954091528E+02
           GradRho = -2.0300278385E-11  4.6691266305E-12 -1.4527771347E-11
           HessRho_EigVals = -1.8126857179E+05 -1.8126745932E+05 -1.8126605337E+05
           HessRho_EigVec1 =  8.6459303610E-01 -1.3436627918E-01 -4.8417412667E-01
           HessRho_EigVec2 =  1.3086187955E-01  9.9054369154E-01 -4.1211207612E-02
           HessRho_EigVec3 =  4.8513302341E-01 -2.7729013133E-02  8.7400060150E-01
           DelSqRho = -5.4380208449E+05
           Bond Ellipticity = NA
           V = -1.3596437906E+05
           G =  6.9289712250E+00
           K =  1.3595745009E+05
           L =  1.3595052112E+05
           Vnuc =  1.8806263014E+06
           Ven = -2.2481179110E+08
           Vrep =  2.2467582672E+08
           DelSqV =  4.6078613346E+09
           DelSqVen =  1.0226885018E+12
           DelSqVrep = -1.0180806404E+12
           DelSqG =  2.0617220272E+08
           DelSqK = -4.8140335373E+09
           Stress_EigVals = -4.5321910005E+04 -4.5321527542E+04 -4.5320941517E+04
           Stress_EigVec1 =  4.7596587434E-01 -1.4390361624E-02  8.7934600923E-01
           Stress_EigVec2 =  1.8704186626E-01  9.7864804924E-01 -8.5225207476E-02
           Stress_EigVec3 =  8.5934383499E-01 -2.0503880905E-01 -4.6849467452E-01
           -DivStress =  1.0360633220E+03 -3.9683145138E+02  4.6517290194E+03
           ESP =  -1.4589792129E+01     ESP at Nucleus =  -1.4589792143E+01
           ESPe = -3.4777029918E+01     ESPe at Nucleus = -3.4777023355E+01
           ESPn =  2.0187237789E+01     ESPn at Nucleus =  2.0187231212E+01

CP# 6      Coords =  3.88028140528117E+00  4.93941134953045E+00  6.70026852090510E-01
           Type = (3,-3) NACP C6
           Rho =  1.1937028500E+02     Rho at Nucleus =  1.1937028118E+02
           GradRho =  2.5050171572E-11  7.0979643929E-11  8.5793761418E-12
           HessRho_EigVals = -1.8100763374E+05 -1.8100451198E+05 -1.8100433052E+05
           HessRho_EigVec1 =  2.4376639512E-01  9.2430951088E-01  2.9364923413E-01
           HessRho_EigVec2 =  3.4646887396E-01 -3.6579916895E-01  8.6379991166E-01
           HessRho_EigVec3 =  9.0583511965E-01 -1.0882507108E-01 -4.0941402018E-01
           DelSqRho = -5.4301647624E+05
           Bond Ellipticity = NA
           V = -1.3576810077E+05
           G =  6.9908530057E+00
           K =  1.3576110991E+05
           L =  1.3575411906E+05
           Vnuc =  9.2449907704E+05
           Ven = -1.1035771830E+08
           Vrep =  1.1022195020E+08
           DelSqV =  4.6012329298E+09
           DelSqVen =  5.0201823104E+11
           DelSqVrep = -4.9741699811E+11
           DelSqG =  2.0587087667E+08
           DelSqK = -4.8071038064E+09
           Stress_EigVals = -4.5256341830E+04 -4.5256296419E+04 -4.5255462518E+04
           Stress_EigVec1 =  9.0308368602E-01 -1.0043778605E-01 -4.1755491516E-01
           Stress_EigVec2 =  3.5664668375E-01 -3.6626008047E-01  8.5945139271E-01
           Stress_EigVec3 =  2.3925509193E-01  9.2507610746E-01  2.9494270020E-01
           -DivStress =  1.0391423601E+03  9.2351891878E+03  2.8256519014E+03
           ESP =  -1.4642436540E+01     ESP at Nucleus =  -1.4642436631E+01
           ESPe = -3.0194322703E+01     ESPe at Nucleus = -3.0194309815E+01
           ESPn =  1.5551886163E+01     ESPn at Nucleus =  1.5551873184E+01

CP# 7      Coords =  4.57278386545106E+00  5.98930420249024E+00 -9.20388114990931E-01
           Type = (3,-3) NACP H7
           Rho =  4.3182592811E-01     Rho at Nucleus =  4.2797795661E-01
           GradRho = -3.2672432468E-15 -2.5231485195E-15  3.5117308367E-16
           HessRho_EigVals = -8.4592832622E+00 -8.4518150389E+00 -7.7114928827E+00
           HessRho_EigVec1 =  4.2223648020E-03 -8.2434976641E-01 -5.6606504420E-01
           HessRho_EigVec2 =  9.3880127903E-01 -1.9170740457E-01  2.8618251086E-01
           HessRho_EigVec3 = -3.4443334642E-01 -5.3263095447E-01  7.7309115647E-01
           DelSqRho = -2.4622591184E+01
           Bond Ellipticity = NA
           V = -6.1666037240E+00
           G =  5.4779640269E-03
           K =  6.1611257600E+00
           L =  6.1556477960E+00
           Vnuc =  4.7578558572E+01
           Ven = -2.0545655214E+01
           Vrep =  1.4379051489E+01
           DelSqV =  1.5781641024E+03
           DelSqVen =  1.1715073968E+03
           DelSqVrep =  4.0665670558E+02
           DelSqG =  1.1743511769E+02
           DelSqK = -1.6955992201E+03
           Stress_EigVals = -2.1186199363E+00 -2.1180447399E+00 -1.9299390479E+00
           Stress_EigVec1 =  7.8894665158E-01 -6.1039662308E-01 -7.0563046279E-02
           Stress_EigVec2 =  5.0899532407E-01  5.8487669021E-01  6.3154019454E-01
           Stress_EigVec3 = -3.4421932113E-01 -5.3416778243E-01  7.7212553330E-01
           -DivStress =  5.5223989855E+00  8.5498232318E+00 -1.2337889136E+01
           ESP =  -1.0575074228E+00     ESP at Nucleus =  -1.0588774498E+00
           ESPe = -1.6401593723E+01     ESPe at Nucleus = -1.6319021192E+01
           ESPn =  1.5344086301E+01     ESPn at Nucleus =  1.5260143742E+01

CP# 8      Coords =  5.32276766481986E+00  4.86146787580147E+00  2.09296362377599E+00
           Type = (3,-3) NACP H8
           Rho =  4.3238911215E-01     Rho at Nucleus =  4.2858617251E-01
           GradRho = -4.1676773928E-09  3.7662873634E-11 -4.0984602947E-09
           HessRho_EigVals = -8.4673883975E+00 -8.4605860639E+00 -7.7280505539E+00
           HessRho_EigVec1 = -1.0202644059E-01  9.8735141087E-01  1.2135813478E-01
           HessRho_EigVec2 = -6.9440444614E-01 -1.5804186658E-01  7.0201512348E-01
           HessRho_EigVec3 =  7.1231528876E-01 -1.2647524075E-02  7.0174565872E-01
           DelSqRho = -2.4656025015E+01
           Bond Ellipticity = NA
           V = -6.1751832797E+00
           G =  5.5885129095E-03
           K =  6.1695947667E+00
           L =  6.1640062538E+00
           Vnuc =  4.7907108802E+01
           Ven = -2.0714512241E+01
           Vrep =  1.4539328961E+01
           DelSqV =  1.5809087095E+03
           DelSqVen =  1.1811988853E+03
           DelSqVrep =  3.9970982414E+02
           DelSqG =  1.1759922691E+02
           DelSqK = -1.6985079364E+03
           Stress_EigVals = -2.1208628135E+00 -2.1202439671E+00 -1.9340764990E+00
           Stress_EigVec1 = -6.8163732589E-01  2.2902994928E-01  6.9492146195E-01
           Stress_EigVec2 =  1.6830618974E-01  9.7335920214E-01 -1.5570770729E-01
           Stress_EigVec3 =  7.1206992806E-01 -1.0823398215E-02  7.0202512178E-01
           -DivStress =  1.1343168743E+01 -8.6552797141E-02  1.1153224415E+01
           ESP =  -1.0523437532E+00     ESP at Nucleus =  -1.0537034020E+00
           ESPe = -1.6508126378E+01     ESPe at Nucleus = -1.6426820502E+01
           ESPn =  1.5455782625E+01     ESPn at Nucleus =  1.5373117100E+01

CP# 9      Coords =  2.21608404955662E+00  5.82659198622116E+00  1.42186755703641E+00
           Type = (3,-3) NACP H9
           Rho =  4.2806368691E-01     Rho at Nucleus =  4.2411778334E-01
           GradRho =  1.5038426233E-14 -6.2931973001E-15 -6.8361454193E-15
           HessRho_EigVals = -8.3939120273E+00 -8.3854802008E+00 -7.6309142093E+00
           HessRho_EigVec1 = -5.2001077545E-01 -8.4072282329E-01 -1.5091033037E-01
           HessRho_EigVec2 =  2.4633126278E-01 -3.1677733868E-01  9.1595470777E-01
           HessRho_EigVec3 =  8.1786900075E-01 -4.3913238562E-01 -3.7182394424E-01
           DelSqRho = -2.4410306437E+01
           Bond Ellipticity = NA
           V = -6.1132034104E+00
           G =  5.3134005315E-03
           K =  6.1078900099E+00
           L =  6.1025766093E+00
           Vnuc =  4.8328798302E+01
           Ven = -2.0687803585E+01
           Vrep =  1.4574600175E+01
           DelSqV =  1.5631310222E+03
           DelSqVen =  1.1797207763E+03
           DelSqVrep =  3.8341024591E+02
           DelSqG =  1.1644277893E+02
           DelSqK = -1.6795738011E+03
           Stress_EigVals = -2.1017939903E+00 -2.1015607800E+00 -1.9098486401E+00
           Stress_EigVec1 =  4.2910275943E-01  8.9572846425E-01 -1.1636726419E-01
           Stress_EigVec2 =  3.8427613967E-01 -6.4443216686E-02  9.2096629705E-01
           Stress_EigVec3 =  8.1743664606E-01 -4.3990634248E-01 -3.7185983854E-01
           -DivStress = -1.3255546328E+01  6.9840745282E+00  5.9858614709E+00
           ESP =  -1.0667203067E+00     ESP at Nucleus =  -1.0681198575E+00
           ESPe = -1.7709118032E+01     ESPe at Nucleus = -1.7641856014E+01
           ESPn =  1.6642397726E+01     ESPn at Nucleus =  1.6573736157E+01

CP# 10     Coords =  1.83470031864910E+00 -4.08273638293542E+00  1.35021970373508E+00
           Type = (3,-3) NACP C10
           Rho =  1.1938460934E+02     Rho at Nucleus =  1.1938460476E+02
           GradRho =  9.0020428178E-12  1.1377077462E-11  9.2754292880E-12
           HessRho_EigVals = -1.8103288423E+05 -1.8102965638E+05 -1.8102902701E+05
           HessRho_EigVec1 =  6.1785103839E-02  8.9837164990E-01 -4.3486892232E-01
           HessRho_EigVec2 =  3.9385427319E-01  3.7839891125E-01  8.3767122158E-01
           HessRho_EigVec3 =  9.1709400414E-01 -2.2303058674E-01 -3.3044809720E-01
           DelSqRho = -5.4309156761E+05
           Bond Ellipticity = NA
           V = -1.3578665531E+05
           G =  6.8817046748E+00
           K =  1.3577977361E+05
           L =  1.3577289190E+05
           Vnuc =  8.4308771535E+05
           Ven = -1.0065169754E+08
           Vrep =  1.0051591088E+08
           DelSqV =  4.6018674343E+09
           DelSqVen =  4.5787383091E+11
           DelSqVrep = -4.5327196348E+11
           DelSqG =  2.0590285425E+08
           DelSqK = -4.8077702886E+09
           Stress_EigVals = -4.5262615478E+04 -4.5262459740E+04 -4.5261580095E+04
           Stress_EigVec1 =  9.0639637432E-01 -2.3862245987E-01 -3.4857557899E-01
           Stress_EigVec2 =  4.1723571704E-01  3.7673103022E-01  8.2703572311E-01
           Stress_EigVec3 =  6.6030061666E-02  8.9506036250E-01 -4.4102945303E-01
           -DivStress = -3.1573511175E+03 -8.7538679464E+03  5.1869437050E+03
           ESP =  -1.4653090339E+01     ESP at Nucleus =  -1.4653090452E+01
           ESPe = -3.2783666811E+01     ESPe at Nucleus = -3.2783654968E+01
           ESPn =  1.8130576473E+01     ESPn at Nucleus =  1.8130564516E+01

CP# 11     Coords =  4.22172036791043E+00  2.46684421265720E-01  3.14431907653303E+00
           Type = (3,-3) NACP H11
           Rho =  4.2510008666E-01     Rho at Nucleus =  4.2056222516E-01
           GradRho = -1.2285284292E-10  1.1659926280E-11 -2.7373030069E-10
           HessRho_EigVals = -8.3089995993E+00 -8.2964669838E+00 -7.4696878059E+00
           HessRho_EigVec1 =  2.8134395432E-01  9.5572419878E-01 -8.6237087344E-02
           HessRho_EigVec2 =  8.6703037067E-01 -2.9168410458E-01 -4.0395385809E-01
           HessRho_EigVec3 =  4.1122246497E-01 -3.8879801994E-02  9.1070546572E-01
           DelSqRho = -2.4075154389E+01
           Bond Ellipticity = NA
           V = -6.0286072512E+00
           G =  4.9093269934E-03
           K =  6.0236979242E+00
           L =  6.0187885972E+00
           Vnuc =  4.7522771636E+01
           Ven = -2.0201934341E+01
           Vrep =  1.4173327089E+01
           DelSqV =  1.5328985238E+03
           DelSqVen =  1.1441180646E+03
           DelSqVrep =  3.8878045917E+02
           DelSqG =  1.1409142373E+02
           DelSqK = -1.6469899475E+03
           Stress_EigVals = -2.0800100137E+00 -2.0799087793E+00 -1.8686884582E+00
           Stress_EigVec1 =  8.5949844160E-01 -3.1592632269E-01 -4.0181212963E-01
           Stress_EigVec2 =  3.0332546532E-01  9.4798532883E-01 -9.6527086403E-02
           Stress_EigVec3 =  4.1140745129E-01 -3.8914970858E-02  9.1062041163E-01
           -DivStress =  7.0246663254E+00 -6.6734174622E-01  1.5671109027E+01
           ESP =  -9.9319082917E-01     ESP at Nucleus =  -9.9488469679E-01
           ESPe = -1.9186798897E+01     ESPe at Nucleus = -1.9074311455E+01
           ESPn =  1.8193608067E+01     ESPn at Nucleus =  1.8079426758E+01

CP# 12     Coords =  1.27548058827900E-01 -1.83864814531203E+00 -3.30398360713405E+00
           Type = (3,-3) NACP H12
           Rho =  4.2771156721E-01     Rho at Nucleus =  4.2308196403E-01
           GradRho =  8.8797478485E-10  8.9684560863E-10  9.8796428677E-10
           HessRho_EigVals = -8.3771635889E+00 -8.3671857260E+00 -7.5221514124E+00
           HessRho_EigVec1 =  1.8256935970E-02 -7.4939474162E-01  6.6187174401E-01
           HessRho_EigVec2 = -8.3757396266E-01  3.5005170474E-01  4.1944446722E-01
           HessRho_EigVec3 =  5.4601881044E-01  5.6202431018E-01  6.2128265178E-01
           DelSqRho = -2.4266500727E+01
           Bond Ellipticity = NA
           V = -6.0773783054E+00
           G =  5.3765617821E-03
           K =  6.0720017436E+00
           L =  6.0666251818E+00
           Vnuc =  4.9347507230E+01
           Ven = -2.1106499655E+01
           Vrep =  1.5029121350E+01
           DelSqV =  1.5449197996E+03
           DelSqVen =  1.1974913228E+03
           DelSqVrep =  3.4742847684E+02
           DelSqG =  1.1523732587E+02
           DelSqK = -1.6601571255E+03
           Stress_EigVals = -2.0982833017E+00 -2.0973437683E+00 -1.8817512354E+00
           Stress_EigVec1 =  7.7331717430E-01 -5.0796945454E-02 -6.3198118505E-01
           Stress_EigVec2 =  3.2307941790E-01 -8.2608935767E-01  4.6173159181E-01
           Stress_EigVec3 =  5.4552748570E-01  5.6124508325E-01  6.2241764023E-01
           -DivStress = -9.6813326540E+00 -9.7477040251E+00 -1.0740415320E+01
           ESP =  -1.0543895076E+00     ESP at Nucleus =  -1.0560965224E+00
           ESPe = -2.1253830200E+01     ESPe at Nucleus = -2.1149716771E+01
           ESPn =  2.0199440692E+01     ESPn at Nucleus =  2.0093620249E+01

CP# 13     Coords =  1.32577120111445E+00  3.16326941512031E+00 -3.59617548027787E+00
           Type = (3,-3) NACP H13
           Rho =  4.2557515103E-01     Rho at Nucleus =  4.2115844292E-01
           GradRho =  1.0575307990E-15 -9.5182108723E-16 -8.7527641385E-16
           HessRho_EigVals = -8.3365053780E+00 -8.3248843667E+00 -7.5156699125E+00
           HessRho_EigVec1 =  5.4186957537E-01  6.9774393158E-01  4.6854110730E-01
           HessRho_EigVec2 = -7.9584536056E-01  2.4675025353E-01  5.5294165557E-01
           HessRho_EigVec3 = -2.7019904768E-01  6.7250852659E-01 -6.8900272590E-01
           DelSqRho = -2.4177059657E+01
           Bond Ellipticity = NA
           V = -6.0552374346E+00
           G =  5.4862601549E-03
           K =  6.0497511745E+00
           L =  6.0442649143E+00
           Vnuc =  4.8246550283E+01
           Ven = -2.0532532923E+01
           Vrep =  1.4477295489E+01
           DelSqV =  1.5418898072E+03
           DelSqVen =  1.1664597244E+03
           DelSqVrep =  3.7543008277E+02
           DelSqG =  1.1494243273E+02
           DelSqK = -1.6568322399E+03
           Stress_EigVals = -2.0879739547E+00 -2.0871338298E+00 -1.8801296501E+00
           Stress_EigVec1 =  8.5314534376E-01 -1.6386738471E-01 -4.9526811188E-01
           Stress_EigVec2 =  4.4577233053E-01  7.2214905842E-01  5.2894968263E-01
           Stress_EigVec3 = -2.7097979952E-01  6.7204777929E-01 -6.8914565267E-01
           -DivStress = -4.7570667019E+00  1.1368536865E+01 -1.1703240288E+01
           ESP =  -1.0475134213E+00     ESP at Nucleus =  -1.0491517139E+00
           ESPe = -1.9495115669E+01     ESPe at Nucleus = -1.9388038597E+01
           ESPn =  1.8447602248E+01     ESPn at Nucleus =  1.8338886883E+01

CP# 14     Coords =  1.72669133643978E+00 -6.17898937923577E+00 -6.10252080880422E-01
           Type = (3,-3) NACP C14
           Rho =  1.1936386222E+02     Rho at Nucleus =  1.1936386198E+02
           GradRho =  5.7478916689E-10  1.2004891705E-09  1.4257599743E-09
           HessRho_EigVals = -1.8099361253E+05 -1.8099281633E+05 -1.8099263065E+05
           HessRho_EigVec1 = -4.3990746363E-02  7.3166000225E-01  6.8024881870E-01
           HessRho_EigVec2 = -6.3729595299E-01 -5.4492465311E-01  5.4489539431E-01
           HessRho_EigVec3 =  7.6936251698E-01 -4.0954946409E-01  4.9025560060E-01
           DelSqRho = -5.4297905951E+05
           Bond Ellipticity = NA
           V = -1.3575901827E+05
           G =  7.1266986649E+00
           K =  1.3575189157E+05
           L =  1.3574476488E+05
           Vnuc =  3.7294630446E+06
           Ven = -4.4516311300E+08
           Vrep =  4.4502735398E+08
           DelSqV =  4.6009185519E+09
           DelSqVen =  2.0250203587E+12
           DelSqVrep = -2.0204194401E+12
           DelSqG =  2.0585398064E+08
           DelSqK = -4.8067725325E+09
           Stress_EigVals = -4.5253106670E+04 -4.5253057288E+04 -4.5252854315E+04
           Stress_EigVec1 =  7.7659342133E-01 -4.0397250102E-01  4.8343445923E-01
           Stress_EigVec2 = -6.2820387064E-01 -5.5448561942E-01  5.4580728721E-01
           Stress_EigVec3 = -4.7566320689E-02  7.2756574704E-01  6.8438697304E-01
           -DivStress = -7.4319593888E+02 -1.4211216477E+03 -1.7924040874E+03
           ESP =  -1.4711818719E+01     ESP at Nucleus =  -1.4711818723E+01
           ESPe = -2.9848881041E+01     ESPe at Nucleus = -2.9848878889E+01
           ESPn =  1.5137062322E+01     ESPn at Nucleus =  1.5137060166E+01

CP# 15     Coords =  1.27328799630413E-01 -4.03045317938281E+00  2.43889574739135E+00
           Type = (3,-3) NACP H15
           Rho =  4.3208683679E-01     Rho at Nucleus =  4.2798413710E-01
           GradRho =  5.7183316242E-14 -4.0630476414E-16 -3.3559824841E-14
           HessRho_EigVals = -8.4703025338E+00 -8.4636709797E+00 -7.6804771616E+00
           HessRho_EigVec1 = -1.5647338723E-01  9.4073443597E-01 -3.0089001323E-01
           HessRho_EigVec2 =  5.0489573789E-01  3.3801591718E-01  7.9424526035E-01
           HessRho_EigVec3 =  8.4887948081E-01 -2.7639839077E-02 -5.2786330271E-01
           DelSqRho = -2.4614450675E+01
           Bond Ellipticity = NA
           V = -6.1643794023E+00
           G =  5.3833667411E-03
           K =  6.1589960355E+00
           L =  6.1536126688E+00
           Vnuc =  5.0306442097E+01
           Ven = -2.1736751436E+01
           Vrep =  1.5572372033E+01
           DelSqV =  1.5743983427E+03
           DelSqVen =  1.2382654376E+03
           DelSqVrep =  3.3613290505E+02
           DelSqG =  1.1731294515E+02
           DelSqK = -1.6917112878E+03
           Stress_EigVals = -2.1210249189E+00 -2.1209121621E+00 -1.9224423212E+00
           Stress_EigVec1 =  5.2621058757E-01  1.4823791997E-01  8.3733382627E-01
           Stress_EigVec2 = -5.6276855577E-02  9.8860026923E-01 -1.3965107664E-01
