AIMSum (Version 17.11.14, Professional)
Copyright (c) 1997-2017 by Todd A. Keith
AIMSum is a component of the AIMAll package ( http://aim.tkgristmill.com )

TP:  64-bit Linux

Much of the Quantum Theory of Atoms in Molecules (QTAIM) is described in the book:
  "Atoms in Molecules - A Quantum Theory"
  R.F.W. Bader, Oxford University Press, Oxford, 1990

For additional references see:  http://aim.tkgristmill.com/references.html

Wfn File:  /home/localuser/Desktop/AIMAll/emimbf4/wfn/270.wfn
Sum File:  /home/localuser/Desktop/AIMAll/emimbf4/wfn/270.sum

SumViz File:  /home/localuser/Desktop/AIMAll/emimbf4/wfn/270.sumviz

Wfn Title:  B3LYP                                                                          
 
Total memory allocated for AIMSum =        1.420 Megabytes

Atomic units (a.u.) used throughout, except where stated otherwise

Model:  Restricted SCF
 
Restricted, closed-shell, single-determinant wavefunction.
  Number of electrons (from MO Occs)                   =         102.0000000000
  Number of Alpha electrons (from MO Occs)             =          51.0000000000
  Number of Beta electrons (from MO Occs)              =          51.0000000000
  Number of electron pairs (N*(N-1)/2)                 =        5151.0000000000
  Number of electron pairs (from Muller 2EDM)          =        5151.0000000000
 
Nuclear Charges and Cartesian Coordinates:
-------------------------------------------------------------------------------
Atom      Charge                X                  Y                  Z
-------------------------------------------------------------------------------
C1         6.0          -1.2902779900E+00   7.4091470000E-01  -2.0796492300E+00
C2         6.0          -1.9548052400E+00  -1.7362337200E+00  -2.2462179000E+00
N3         7.0          -2.1993013400E+00   1.6071561000E+00   2.1523779000E-01
N4         7.0          -3.3177260400E+00  -2.3250862100E+00  -1.0412161000E-01
C5         6.0          -3.4015985700E+00  -2.7883660000E-01   1.3729429200E+00
C6         6.0          -4.0278323200E+00  -4.8735637800E+00   6.7080954000E-01
H7         1.0          -4.8949067100E+00  -5.8540464600E+00  -9.1824362000E-01
H8         1.0          -5.3845881000E+00  -4.7566550200E+00   2.2136141300E+00
H9         1.0          -2.3426614700E+00  -5.8816344200E+00   1.2980445000E+00
C10        6.0          -1.8125359400E+00   4.1221275400E+00   1.3624797400E+00
H11        1.0          -4.2158334100E+00  -1.9637561000E-01   3.2331417600E+00
H12        1.0          -1.9842577000E-01   1.8883493100E+00  -3.3369912400E+00
H13        1.0          -1.5019042100E+00  -3.1273411900E+00  -3.6529900600E+00
C14        6.0          -1.5531563800E+00   6.2031894400E+00  -5.9854858000E-01
H15        1.0          -1.0368027000E-01   3.9904949900E+00   2.5018413500E+00
H16        1.0          -3.4380028000E+00   4.4585941200E+00   2.5880266500E+00
H17        1.0           1.7580073000E-01   5.9627669800E+00  -1.6928064500E+00
H18        1.0          -1.4303227100E+00   8.0205193400E+00   3.7149524000E-01
H19        1.0          -3.1769920800E+00   6.2613486700E+00  -1.8737653100E+00
B20        5.0           3.0978300300E+00  -5.8683048000E-01   1.5969434000E-01
F21        9.0           3.0122067900E+00  -1.7397418500E+00  -2.2430333600E+00
F22        9.0           1.2930918500E+00  -1.6669480000E+00   1.8247281100E+00
F23        9.0           5.4877003700E+00  -1.0014165700E+00   1.2165363700E+00
F24        9.0           2.7528888500E+00   2.0675087000E+00  -5.2535680000E-02
 
Some Atomic Properties:
----------------------
  q(A) = Net Charge of Atom A
  L(A) = Lagrangian of Atom A = -(1/4) Times Atomic Integral of the Laplacian of the Electron Density
  K(A) = Electronic Kinetic Energy of Atom A (Hamiltonian Form)
  K_Scaled(A) = K(A) * E(Mol)/K(Mol) = Approximation to Virial-Based Total Energy of Atom A.
  |Mu_Intra(A)| = Magnitude of Intraatomic Dipole Moment of Atom A
--------------------------------------------------------------------------------------------------
Atom A          q(A)              L(A)              K(A)          K_Scaled(A)      |Mu_Intra(A)|
--------------------------------------------------------------------------------------------------
C1        5.5912563140E-01 -8.1444318170E-05  3.7490186316E+01 -3.7517927929E+01  7.7956747907E-01
C2        5.4975238480E-01 -2.6925031323E-04  3.7477457453E+01 -3.7505189647E+01  7.6922974125E-01
N3       -1.5383883886E+00  6.2806514055E-05  5.5401009252E+01 -5.5442004336E+01  2.2408876319E-01
N4       -1.5626885513E+00  2.6036007607E-04  5.5413241695E+01 -5.5454245832E+01  1.7278430238E-01
C5        1.3573337892E+00  4.4126728656E-04  3.6961408173E+01 -3.6988758507E+01  8.8059949655E-01
C6        5.3741405130E-01 -1.4407044186E-04  3.7429128152E+01 -3.7456824584E+01  6.1712588976E-01
H7        2.2188192390E-02  2.3788835300E-05  6.1338839353E-01 -6.1384228254E-01  1.2196400347E-01
H8        1.0844541080E-02  2.5385686199E-05  6.1806032047E-01 -6.1851766657E-01  1.2077721844E-01
H9        6.0608515630E-02  3.2536353439E-05  5.9690762056E-01 -5.9734931429E-01  1.2096613712E-01
C10       4.8804958910E-01 -4.0151295358E-04  3.7470529078E+01 -3.7498256146E+01  6.1309228669E-01
H11       1.1637397236E-01  1.9116629130E-05  5.7067627183E-01 -5.7109855515E-01  1.1388597087E-01
H12       1.3411428349E-01  3.9693582266E-05  5.7060762633E-01 -5.7102985885E-01  1.1298569309E-01
H13       1.0447603527E-01  2.4623653877E-05  5.7539781545E-01 -5.7582359257E-01  1.1714588283E-01
C14       1.4568314520E-01 -9.7473205930E-05  3.7682969310E+01 -3.7710853577E+01  1.0906498684E-01
H15       7.7885434270E-02  1.0745971142E-05  6.0075503196E-01 -6.0119957266E-01  1.2145686221E-01
H16      -2.4181423000E-02  2.6517441823E-05  6.4018938926E-01 -6.4066311021E-01  1.2268990565E-01
H17       1.5059129550E-02 -1.4870856038E-05  6.1554419175E-01 -6.1599967599E-01  1.1658714973E-01
H18      -1.4000115000E-02  2.2147342254E-05  6.2195474148E-01 -6.2241496933E-01  1.2511092529E-01
H19      -3.2360379900E-02  2.3628373675E-05  6.3010623178E-01 -6.3057249149E-01  1.2761818940E-01
B20       2.5160226287E+00 -4.2189404996E-04  2.3298888494E+01 -2.3316128973E+01  9.3392059102E-03
F21      -8.8215830230E-01  1.4082616630E-05  9.9875924222E+01 -9.9949829410E+01  2.9494137261E-01
F22      -8.8828288970E-01  4.8954172251E-05  9.9885607192E+01 -9.9959519545E+01  2.7677113914E-01
F23      -8.6848213420E-01  2.3697720644E-05  9.9857611982E+01 -9.9931503619E+01  3.0293409308E-01
F24      -8.8477274650E-01  1.0609429389E-04  9.9891997876E+01 -9.9965914958E+01  2.8201991531E-01
--------------------------------------------------------------------------------------------------
Total    -3.8360676000E-04 -2.2506958956E-04  7.6478954683E+02 -7.6535546815E+02
 
1st Largest |L(A)| = 4.4126728656E-04, atom C5      
2nd Largest |L(A)| = 4.2189404996E-04, atom B20     
 
Molecular charge q(Mol) from the wfn file:   0.0000000000E+00
Molecular energy E(Mol) from the wfn file:  -7.6755406981E+02
Molecular virial ratio (-V(Mol)/T(Mol)) from the wfn file:   2.0007399700E+00
Note.  K_Scaled(A) = (1+V(Mol)/T(Mol))*K(A) = (E(Mol)/T(Mol))*K(A)
       Only use K_Scaled(A) data with caution.
 
N_AIMInt(SumA)     =        102.000384
N_Analytic(Mol)    =        102.000000
 
G_AIMInt(SumA)     =        764.789772
G_Analytic(Mol)    =        764.789389
 
K_AIMInt(SumA)     =        764.789547
K_Analytic(Mol)    =        764.789389
 
L_AIMInt(SumA)     =         -0.000225
L_Analytic(Mol)    =          0.000000
 
VenT_AIMInt(SumA)  =      -3667.280255
VenT_Analytic(Mol) =      -3667.270245
 
Some Information About the Atomic Calculations:
----------------------------------------------
  Time(sec) = "Elapsed User Time", in Seconds, for Atom A by AIMInt and, if used, by TWOe
  NProc = Number of Processors Used for AIMInt Job
  BIM = Basin Integration Method
  OAQ = Angular Quadrature Outside of Beta Sphere
  ORQ = Multiple of Default for Radial Quadrature Outside of Beta Sphere
  IAQ = Multiple of Default for Angular Quadrature Inside of Beta Sphere
  IRQ = Multiple of Default for Radial Quadrature Inside of Beta Sphere
  MIR = Maximum Integration Radius
------------------------------------------------------------------------------------------------------
Atom A     Time(sec)   NProc      BIM          OAQ                     ORQ      IAQ      IRQ      MIR
------------------------------------------------------------------------------------------------------
C1            121        4     Proaim(5)    4500(GS4)                  1.00     1.00     1.00    13.00
C2             68        4     Proaim(5)    4500(GS4)                  1.00     1.00     1.00    13.00
N3             66        4     Proaim(5)    4500(GS4)                  1.00     1.00     1.00    13.00
N4             72        4     Proaim(5)    4500(GS4)                  1.00     1.00     1.00    13.00
C5            688        4    Promega(5)    4500(GS4)                  1.00     1.00     1.00    13.00
C6             47        4     Proaim(5)    4500(GS4)                  1.00     1.00     1.00    13.00
H7             11        4     Proaim(5)    1800(GS4)                  1.00     1.00     1.00    13.00
H8             11        4     Proaim(5)    1800(GS4)                  1.00     1.00     1.00    13.00
H9             11        4     Proaim(5)    1800(GS4)                  1.00     1.00     1.00    13.00
C10            79        4     Proaim(5)    4500(GS4)                  1.00     1.00     1.00    13.00
H11            10        4     Proaim(5)    1800(GS4)                  1.00     1.00     1.00    13.00
H12            14        4     Proaim(5)    1800(GS4)                  1.00     1.00     1.00    13.00
H13            12        4     Proaim(5)    1800(GS4)                  1.00     1.00     1.00    13.00
C14            68        4     Proaim(5)    4500(GS4)                  1.00     1.00     1.00    13.00
H15            44        4     Proaim(5)    4500(GS4)                  1.00     1.00     1.00    13.00
H16            10        4     Proaim(5)    1800(GS4)                  1.00     1.00     1.00    13.00
H17            22        4     Proaim(5)    1800(GS4)                  1.00     1.00     1.00    13.00
H18            10        4     Proaim(5)    1800(GS4)                  1.00     1.00     1.00    13.00
H19             9        4     Proaim(5)    1800(GS4)                  1.00     1.00     1.00    13.00
B20            64        4     Proaim(5)    5400(GS5)                  1.00     1.00     1.00    13.00
F21            50        4     Proaim(5)    4500(GS4)                  1.00     1.00     1.00    13.00
F22           156        4    Promega(1)    4500(GS4)                  1.00     1.00     1.00    13.00
F23            23        4     Proaim(5)    2700(GS4)                  1.00     1.00     1.00    13.00
F24            56        4     Proaim(5)    4500(GS4)                  1.00     1.00     1.00    13.00
------------------------------------------------------------------------------------------------------
Total        1722
Note:  Total wall clock time is less than total of atomic times if more than one atom
       was calculated at a time
 
Electron Density Critical Point Analysis of Molecular Structure:               
---------------------------------------------------------------                
  NACP = Nuclear Attractor Critical Point                                      
  NNACP = Non-Nuclear Attractor Critical Point                                 
  BCP = Bond Critical Point                                                    
  RCP = Ring Critical Point                                                    
  CCP = Cage Critical Point                                                    
  Rho = Electron Density                                                       
  GradRho = Gradient of Electron Density                                       
  HessRho_EigVals = Eigenvalues of the Hessian of Rho, Ascending Order         
  HessRho_EigVecs = Eigenvectors of the Hessian of Rho                         
  DelSqRho = Laplacian of Rho = Trace of Hessian of Rho                        
  Bond Ellipticity = (HessRho_EigVal(1) / HessRho_EigVal(2)) - 1               
  V = Virial Field = Potential Energy Density = Trace of Stress Tensor         
  G = Lagrangian Form of Kinetic Energy Density                                
  K = Hamiltonian Form of Kinetic Energy Density                               
  L = K - G = Lagrangian Density = (-1/4)DelSqRho                              
  Vnuc = Electrostatic Potential from Nuclei                                   
  Ven = Electron-nuclear attractive contribution to Virial Field V             
  Vrep = V - Ven = Repulsive contribution to Virial Field V                    
  DelSqV = Laplacian of V                                                      
  DelSqVen = Laplacian of Ven                                                  
  DelSqVrep = Laplacian of Vrep                                                
  DelSqG = Laplacian of G                                                      
  DelSqK = Laplacian of K                                                      
  Stress_EigVals = Eigenvalues of Stress Tensor, Ascending Order               
  Stress_EigVecs = Eigenvectors of Stress Tensor                               
  -DivStress = Ehrenfest Force Density = Minus Divergence of Stress Tensor     
  ESP = Total Electrostatic Potential                                          
  ESPe = Electrostatic Potential from Electrons                                
  ESPn = Electrostatic Potential from Nuclei                                   
  BP = Bond Path                                                               
  BPL = Bond Path Length                                                       
  GBL = Geometric Bond Length                                                  
  GBL_I = Distance Between Nuclear Attractors                                  
  GBL_II = Distance Between Nuclei                                             
  GBL_III = Sum of Distances Between BCP and Nuclear Attractors                
  GBL_IV = Sum of Distances Between BCP and Nuclei                             

CP# 1      Coords = -1.29028119105128E+00  7.40917550477694E-01 -2.07964466940202E+00
           Type = (3,-3) NACP C1
           Rho =  1.1952800607E+02     Rho at Nucleus =  1.1952800252E+02
           GradRho =  1.1442180536E-11 -8.8195353798E-12 -3.0268981766E-12
           HessRho_EigVals = -1.8124731703E+05 -1.8124691620E+05 -1.8124449213E+05
           HessRho_EigVec1 = -4.1504698954E-02  3.7222854328E-01  9.2721263556E-01
           HessRho_EigVec2 = -9.0683598206E-01  3.7554259293E-01 -1.9135376281E-01
           HessRho_EigVec3 =  4.1943516973E-01  8.4877186126E-01 -3.2196345433E-01
           DelSqRho = -5.4373872536E+05
           Bond Ellipticity = NA
           V = -1.3594881207E+05
           G =  7.0653648236E+00
           K =  1.3594174671E+05
           L =  1.3593468134E+05
           Vnuc =  9.5869042194E+05
           Ven = -1.1459035457E+08
           Vrep =  1.1445440576E+08
           DelSqV =  4.6073280802E+09
           DelSqVen =  5.2127710643E+11
           DelSqVrep = -5.1666977835E+11
           DelSqG =  2.0614685641E+08
           DelSqK = -4.8134749366E+09
           Stress_EigVals = -4.5316874111E+04 -4.5316043902E+04 -4.5315894057E+04
           Stress_EigVec1 =  4.2233167264E-01  8.4552670944E-01 -3.2668110124E-01
           Stress_EigVec2 = -4.1584264918E-01  5.0096613695E-01  7.5901766827E-01
           Stress_EigVec3 =  8.0542588076E-01 -1.8470926683E-01  5.6317993337E-01
           -DivStress =  4.7965459228E+03 -4.2736005608E+03 -6.8353809582E+03
           ESP =  -1.4666507504E+01     ESP at Nucleus =  -1.4666507587E+01
           ESPe = -3.5642180583E+01     ESPe at Nucleus = -3.5642174104E+01
           ESPn =  2.0975673080E+01     ESPn at Nucleus =  2.0975666517E+01

CP# 2      Coords = -1.95480937594385E+00 -1.73623583363823E+00 -2.24621423092971E+00
           Type = (3,-3) NACP C2
           Rho =  1.1951025592E+02     Rho at Nucleus =  1.1951025275E+02
           GradRho = -4.2997966299E-12  2.9110498734E-12 -2.5021075489E-11
           HessRho_EigVals = -1.8122010515E+05 -1.8121955271E+05 -1.8121749591E+05
           HessRho_EigVec1 =  5.4515360029E-01  3.1079092684E-01 -7.7859909574E-01
           HessRho_EigVec2 =  8.3638217559E-01 -2.6500420864E-01  4.7983083036E-01
           HessRho_EigVec3 =  5.7204968723E-02  9.1278791030E-01  4.0440798998E-01
           DelSqRho = -5.4365715378E+05
           Bond Ellipticity = NA
           V = -1.3592844898E+05
           G =  7.0802655598E+00
           K =  1.3592136871E+05
           L =  1.3591428845E+05
           Vnuc =  1.0136900287E+06
           Ven = -1.2114635475E+08
           Vrep =  1.2101042630E+08
           DelSqV =  4.6066405485E+09
           DelSqVen =  5.5109983597E+11
           DelSqVrep = -5.4649319555E+11
           DelSqG =  2.0611566641E+08
           DelSqK = -4.8127562149E+09
           Stress_EigVals = -4.5310035931E+04 -4.5309253622E+04 -4.5309159424E+04
           Stress_EigVec1 =  4.7555737091E-02  9.1192322103E-01  4.0759598970E-01
           Stress_EigVec2 = -4.5924460222E-01 -3.4241054633E-01  8.1966420752E-01
           Stress_EigVec3 =  8.8703598980E-01 -2.2616599371E-01  4.0251223098E-01
           -DivStress =  6.1988432667E+03  3.1687585853E+03 -5.4974820727E+03
           ESP =  -1.4665151707E+01     ESP at Nucleus =  -1.4665151790E+01
           ESPe = -3.4616311590E+01     ESPe at Nucleus = -3.4616308520E+01
           ESPn =  1.9951159883E+01     ESPn at Nucleus =  1.9951156730E+01

CP# 3      Coords = -2.19930253463191E+00  1.60715505442930E+00  2.15237919274331E-01
           Type = (3,-3) NACP N3
           Rho =  1.9376884011E+02     Rho at Nucleus =  1.9376883959E+02
           GradRho = -4.2853971031E-09 -3.7183597078E-09  4.5844947109E-10
           HessRho_EigVals = -4.0299566573E+05 -4.0299463121E+05 -4.0298935620E+05
           HessRho_EigVec1 = -5.4287232477E-01 -4.0532308797E-01  7.3552894801E-01
           HessRho_EigVec2 =  1.1891957481E-01  8.2989631738E-01  5.4509653927E-01
           HessRho_EigVec3 =  8.3135297781E-01 -3.8338661526E-01  4.0232689386E-01
           DelSqRho = -1.2089796531E+06
           Bond Ellipticity = NA
           V = -3.0229257642E+05
           G =  2.3831568236E+01
           K =  3.0226874485E+05
           L =  3.0224491329E+05
           Vnuc =  4.3947426227E+06
           Ven = -8.5156418055E+08
           Vrep =  8.5126188798E+08
           DelSqV =  1.4117166107E+10
           DelSqVen =  5.3131545149E+12
           DelSqVrep = -5.2990373488E+12
           DelSqG =  6.2869911271E+08
           DelSqK = -1.4745865220E+10
           Stress_EigVals = -1.0076487413E+05 -1.0076398811E+05 -1.0076371418E+05
           Stress_EigVec1 =  8.1721056997E-01 -4.2736077311E-01  3.8669064372E-01
           Stress_EigVec2 =  1.8220353824E-01  8.2810269524E-01  5.3013941260E-01
           Stress_EigVec3 = -5.4678035351E-01 -3.6277912804E-01  7.5460092054E-01
           -DivStress =  5.4906712408E+03  4.8010777039E+03 -5.9305750610E+02
           ESP =  -1.8240228846E+01     ESP at Nucleus =  -1.8240228852E+01
           ESPe = -3.9382786929E+01     ESPe at Nucleus = -3.9382786841E+01
           ESPn =  2.1142558084E+01     ESPn at Nucleus =  2.1142557989E+01

CP# 4      Coords = -3.31772559073632E+00 -2.32508589691846E+00 -1.04120557805451E-01
           Type = (3,-3) NACP N4
           Rho =  1.9372231338E+02     Rho at Nucleus =  1.9372231309E+02
           GradRho =  8.5711418865E-10  5.8290488755E-10  2.0641305262E-09
           HessRho_EigVals = -4.0289758544E+05 -4.0289690861E+05 -4.0289057982E+05
           HessRho_EigVec1 = -1.4123438889E-01  8.3462335504E-01  5.3240652007E-01
           HessRho_EigVec2 = -4.1365708776E-01 -5.3835189158E-01  7.3421049745E-01
           HessRho_EigVec3 =  8.9941128586E-01 -1.1653795968E-01  4.2128166684E-01
           DelSqRho = -1.2086850739E+06
           Bond Ellipticity = NA
           V = -3.0221911073E+05
           G =  2.3921132223E+01
           K =  3.0219518960E+05
           L =  3.0217126847E+05
           Vnuc =  5.9014247256E+06
           Ven = -1.1432376501E+09
           Vrep =  1.1429354309E+09
           DelSqV =  1.4113745882E+10
           DelSqVen =  7.1329634058E+12
           DelSqVrep = -7.1188496599E+12
           DelSqG =  6.2854403473E+08
           DelSqK = -1.4742289917E+10
           Stress_EigVals = -1.0074052654E+05 -1.0073936890E+05 -1.0073921529E+05
           Stress_EigVec1 =  9.0548402236E-01 -8.8889012953E-02  4.1496678016E-01
           Stress_EigVec2 = -3.6555073162E-01 -6.6006906761E-01  6.5626327689E-01
           Stress_EigVec3 = -2.1557214075E-01  7.4592732177E-01  6.3017543809E-01
           -DivStress = -2.0602626752E+03 -1.4383354575E+03 -4.8315163068E+03
           ESP =  -1.8234056244E+01     ESP at Nucleus =  -1.8234056248E+01
           ESPe = -3.7888827699E+01     ESPe at Nucleus = -3.7888826606E+01
           ESPn =  1.9654771455E+01     ESPn at Nucleus =  1.9654770358E+01

CP# 5      Coords = -3.40159795768665E+00 -2.78836826862563E-01  1.37293978173504E+00
           Type = (3,-3) NACP C5
           Rho =  1.1953941675E+02     Rho at Nucleus =  1.1953941581E+02
           GradRho =  2.0249916327E-11  4.7498558906E-12  1.0370758072E-11
           HessRho_EigVals = -1.8126628941E+05 -1.8126521355E+05 -1.8126378570E+05
           HessRho_EigVec1 =  8.6957326740E-01 -1.7398226703E-01  4.6213905200E-01
           HessRho_EigVec2 =  1.6524391537E-01  9.8444490098E-01  5.9688234761E-02
           HessRho_EigVec3 = -4.6533512769E-01  2.4462373071E-02  8.8479648013E-01
           DelSqRho = -5.4379528866E+05
           Bond Ellipticity = NA
           V = -1.3596268429E+05
           G =  6.9310642304E+00
           K =  1.3595575323E+05
           L =  1.3594882217E+05
           Vnuc =  1.8718147263E+06
           Ven = -2.2375564064E+08
           Vrep =  2.2361967796E+08
           DelSqV =  4.6078041415E+09
           DelSqVen =  1.0178840166E+12
           DelSqVrep = -1.0132762125E+12
           DelSqG =  2.0616964543E+08
           DelSqK = -4.8139737869E+09
           Stress_EigVals = -4.5321345532E+04 -4.5320958992E+04 -4.5320379770E+04
           Stress_EigVec1 = -4.5516192439E-01  1.3259773246E-02  8.9030994659E-01
           Stress_EigVec2 =  2.0862369564E-01  9.7364441932E-01  9.2155837268E-02
           Stress_EigVec3 =  8.6562334546E-01 -2.2768557955E-01  4.4593217047E-01
           -DivStress = -9.1716891919E+02  3.3987038482E+02  4.7040362012E+03
           ESP =  -1.4589173075E+01     ESP at Nucleus =  -1.4589173090E+01
           ESPe = -3.4691135899E+01     ESPe at Nucleus = -3.4691129339E+01
           ESPn =  2.0101962823E+01     ESPn at Nucleus =  2.0101956249E+01

CP# 6      Coords = -4.02783141028018E+00 -4.87355758545865E+00  6.70807746203913E-01
           Type = (3,-3) NACP C6
           Rho =  1.1937052566E+02     Rho at Nucleus =  1.1937052182E+02
           GradRho = -5.4639609785E-11 -1.1828369772E-12  8.9862145503E-14
           HessRho_EigVals = -1.8100803020E+05 -1.8100489877E+05 -1.8100471654E+05
           HessRho_EigVec1 =  2.7421397601E-01  9.1808981795E-01 -2.8621282561E-01
           HessRho_EigVec2 = -2.4141117912E-01  3.5380823469E-01  9.0362623670E-01
           HessRho_EigVec3 =  9.3087450172E-01 -1.7869196748E-01  3.1865630827E-01
           DelSqRho = -5.4301764551E+05
           Bond Ellipticity = NA
           V = -1.3576839251E+05
           G =  6.9905676782E+00
           K =  1.3576140195E+05
           L =  1.3575441138E+05
           Vnuc =  9.2126657323E+05
           Ven = -1.0997207512E+08
           Vrep =  1.0983630673E+08
           DelSqV =  4.6012428118E+09
           DelSqVen =  5.0026400640E+11
           DelSqVrep = -4.9566276410E+11
           DelSqG =  2.0587134791E+08
           DelSqK = -4.8071141597E+09
           Stress_EigVals = -4.5256440419E+04 -4.5256394600E+04 -4.5255557494E+04
           Stress_EigVec1 =  9.3016607622E-01 -1.7224958216E-01  3.2422392276E-01
           Stress_EigVec2 = -2.4846306236E-01  3.5481467291E-01  9.0131717754E-01
           Stress_EigVec3 =  2.7029091233E-01  9.1893233121E-01 -2.8723891341E-01
           -DivStress = -1.3609401218E+03 -9.2712590814E+03  2.6847566310E+03
           ESP =  -1.4641718081E+01     ESP at Nucleus =  -1.4641718173E+01
           ESPe = -3.0126056116E+01     ESPe at Nucleus = -3.0126043192E+01
           ESPn =  1.5484338035E+01     ESPn at Nucleus =  1.5484325019E+01

CP# 7      Coords = -4.88172419976712E+00 -5.83879181267021E+00 -8.94684732773559E-01
           Type = (3,-3) NACP H7
           Rho =  4.3192937427E-01     Rho at Nucleus =  4.2808384320E-01
           GradRho =  3.9324012796E-15 -2.2981155824E-15  3.1734597589E-16
           HessRho_EigVals = -8.4618300881E+00 -8.4542184193E+00 -7.7141106297E+00
           HessRho_EigVec1 = -2.5007841328E-03 -8.4005325782E-01  5.4249817521E-01
           HessRho_EigVec2 =  9.0555500303E-01 -2.3204322435E-01 -3.5514233558E-01
           HessRho_EigVec3 =  4.2422150177E-01  4.9037380238E-01  7.6129472045E-01
           DelSqRho = -2.4630159137E+01
           Bond Ellipticity = NA
           V = -6.1685011600E+00
           G =  5.4806878512E-03
           K =  6.1630204721E+00
           L =  6.1575397843E+00
           Vnuc =  4.7515846244E+01
           Ven = -2.0523489736E+01
           Vrep =  1.4354988576E+01
           DelSqV =  1.5787005273E+03
           DelSqVen =  1.1703228545E+03
           DelSqVrep =  4.0837767278E+02
           DelSqG =  1.1747903896E+02
           DelSqK = -1.6961795663E+03
           Stress_EigVals = -2.1192229823E+00 -2.1186753603E+00 -1.9306028174E+00
           Stress_EigVec1 =  7.4115838281E-01 -6.7100896857E-01  2.0765733637E-02
           Stress_EigVec2 =  5.2046963651E-01  5.5479384689E-01 -6.4908793312E-01
           Stress_EigVec3 =  4.2402312326E-01  4.9188489665E-01  7.6042990432E-01
           -DivStress = -6.7975903284E+00 -7.8674158086E+00 -1.2150474197E+01
           ESP =  -1.0570943163E+00     ESP at Nucleus =  -1.0584660618E+00
           ESPe = -1.6323331792E+01     ESPe at Nucleus = -1.6240812746E+01
           ESPn =  1.5266237476E+01     ESPn at Nucleus =  1.5182346685E+01

CP# 8      Coords = -5.36417870501809E+00 -4.75739528326341E+00  2.19050653159420E+00
           Type = (3,-3) NACP H8
           Rho =  4.3258067796E-01     Rho at Nucleus =  4.2877073030E-01
           GradRho =  1.3461894631E-15 -4.3999295852E-16  1.0736070609E-15
           HessRho_EigVals = -8.4703046145E+00 -8.4636308822E+00 -7.7299207877E+00
           HessRho_EigVec1 = -4.6025284612E-02  9.9552876126E-01 -8.2487324364E-02
           HessRho_EigVec2 =  7.4903208023E-01  8.9027466937E-02  6.5652498270E-01
           HessRho_EigVec3 = -6.6093314031E-01  3.1568902978E-02  7.4978049348E-01
           DelSqRho = -2.4663856284E+01
           Bond Ellipticity = NA
           V = -6.1771619977E+00
           G =  5.5989632843E-03
           K =  6.1715630344E+00
           L =  6.1659640711E+00
           Vnuc =  4.7891047178E+01
           Ven = -2.0716741656E+01
           Vrep =  1.4539579659E+01
           DelSqV =  1.5813129547E+03
           DelSqVen =  1.1811779049E+03
           DelSqVrep =  4.0013504985E+02
           DelSqG =  1.1762274688E+02
           DelSqK = -1.6989357016E+03
           Stress_EigVals = -2.1216157459E+00 -2.1209994984E+00 -1.9345467534E+00
           Stress_EigVec1 =  7.2009855248E-01 -2.5677969635E-01  6.4461016301E-01
           Stress_EigVec2 =  2.1178155138E-01  9.6601108511E-01  1.4822671127E-01
           Stress_EigVec3 = -6.6076217296E-01  2.9778700129E-02  7.5000438652E-01
           -DivStress = -1.0538604892E+01  3.8462070216E-01  1.1933229565E+01
           ESP =  -1.0515060186E+00     ESP at Nucleus =  -1.0528735638E+00
           ESPe = -1.6516226430E+01     ESPe at Nucleus = -1.6435535133E+01
           ESPn =  1.5464720412E+01     ESPn at Nucleus =  1.5382661569E+01

CP# 9      Coords = -2.36853502387927E+00 -5.86631650692245E+00  1.28835263822252E+00
           Type = (3,-3) NACP H9
           Rho =  4.2796081532E-01     Rho at Nucleus =  4.2400830557E-01
           GradRho = -1.1704721394E-14  8.3354547223E-15 -3.9876549328E-15
           HessRho_EigVals = -8.3914196182E+00 -8.3830351411E+00 -7.6275891406E+00
           HessRho_EigVec1 =  5.5180175006E-01  8.1970886477E-01 -1.5359754442E-01
           HessRho_EigVec2 = -1.7626142443E-01  2.9464345598E-01  9.3921091567E-01
           HessRho_EigVec3 =  8.1513602478E-01 -4.9118490497E-01  3.0706782678E-01
           DelSqRho = -2.4402043900E+01
           Bond Ellipticity = NA
           V = -6.1111122032E+00
           G =  5.3006141178E-03
           K =  6.1058115891E+00
           L =  6.1005109750E+00
           Vnuc =  4.8186774551E+01
           Ven = -2.0622051324E+01
           Vrep =  1.4510939121E+01
           DelSqV =  1.5624927110E+03
           DelSqVen =  1.1758557880E+03
           DelSqVrep =  3.8663692307E+02
           DelSqG =  1.1639166666E+02
           DelSqK = -1.6788843777E+03
           Stress_EigVals = -2.1011677207E+00 -2.1009418977E+00 -1.9090025848E+00
           Stress_EigVec1 =  4.5430403077E-01  8.7047921180E-01  1.8940377357E-01
           Stress_EigVec2 = -3.6053982594E-01 -1.4760125235E-02  9.3262702760E-01
           Stress_EigVec3 =  8.1462806331E-01 -4.9198382140E-01  3.0713683912E-01
           -DivStress =  1.3221376650E+01 -7.8312440186E+00  4.9533155274E+00
           ESP =  -1.0657171777E+00     ESP at Nucleus =  -1.0671200858E+00
           ESPe = -1.7598226200E+01     ESPe at Nucleus = -1.7530470648E+01
           ESPn =  1.6532509022E+01     ESPn at Nucleus =  1.6463350563E+01

CP# 10     Coords = -1.81253819849217E+00  4.12212172090530E+00  1.36247623165956E+00
           Type = (3,-3) NACP C10
           Rho =  1.1938595960E+02     Rho at Nucleus =  1.1938595496E+02
           GradRho =  8.7934483608E-12 -3.9469935499E-11  1.3163131202E-12
           HessRho_EigVals = -1.8103503311E+05 -1.8103176981E+05 -1.8103115130E+05
           HessRho_EigVec1 =  9.1134513593E-02  8.9596273316E-01  4.3467836525E-01
           HessRho_EigVec2 = -4.4144308950E-01 -3.5491783271E-01  8.2411245031E-01
           HessRho_EigVec3 =  8.9264914673E-01 -2.6699084780E-01  3.6317129296E-01
           DelSqRho = -5.4309795422E+05
           Bond Ellipticity = NA
           V = -1.3578824822E+05
           G =  6.8798321861E+00
           K =  1.3578136839E+05
           L =  1.3577448855E+05
           Vnuc =  8.3796191350E+05
           Ven = -1.0004088715E+08
           Vrep =  9.9905098905E+07
           DelSqV =  4.6019213288E+09
           DelSqVen =  4.5509540026E+11
           DelSqVrep = -4.5049347893E+11
           DelSqG =  2.0590536587E+08
           DelSqK = -4.8078266946E+09
           Stress_EigVals = -4.5263148433E+04 -4.5262995698E+04 -4.5262104087E+04
           Stress_EigVec1 =  8.8240426170E-01 -2.8118165288E-01  3.7722618813E-01
           Stress_EigVec2 = -4.6067574119E-01 -3.5342780427E-01  8.1416622912E-01
           Stress_EigVec3 =  9.5606382633E-02  8.9220270413E-01  4.4139976705E-01
           -DivStress =  3.3818636514E+03  8.7120468950E+03  5.2500034749E+03
           ESP =  -1.4652731842E+01     ESP at Nucleus =  -1.4652731956E+01
           ESPe = -3.2708619604E+01     ESPe at Nucleus = -3.2708607860E+01
           ESPn =  1.8055887763E+01     ESPn at Nucleus =  1.8055875904E+01

CP# 11     Coords = -4.20251828435257E+00 -1.97736743691278E-01  3.20176164560709E+00
           Type = (3,-3) NACP H11
           Rho =  4.2493726442E-01     Rho at Nucleus =  4.2039634169E-01
           GradRho =  2.8687350542E-10 -2.9306779551E-11 -6.7510000248E-10
           HessRho_EigVals = -8.3053007906E+00 -8.2927725775E+00 -7.4657529484E+00
           HessRho_EigVec1 =  2.8178499763E-01  9.5622692037E-01  7.8913192044E-02
           HessRho_EigVec2 =  8.7529973030E-01 -2.8987987595E-01  3.8706593710E-01
           HessRho_EigVec3 = -3.9299821533E-01  3.9996678454E-02  9.1866896565E-01
           DelSqRho = -2.4063826316E+01
           Bond Ellipticity = NA
           V = -6.0257661659E+00
           G =  4.9047933868E-03
           K =  6.0208613725E+00
           L =  6.0159565791E+00
           Vnuc =  4.7450190884E+01
           Ven = -2.0163354311E+01
           Vrep =  1.4137588145E+01
           DelSqV =  1.5321023287E+03
           DelSqVen =  1.1418331534E+03
           DelSqVrep =  3.9026917529E+02
           DelSqG =  1.1402810832E+02
           DelSqK = -1.6461304370E+03
           Stress_EigVals = -2.0790904284E+00 -2.0789782438E+00 -1.8676974937E+00
           Stress_EigVec1 =  8.8082499503E-01 -2.7036708089E-01  3.8865018937E-01
           Stress_EigVec2 =  2.6392095762E-01  9.6192558342E-01  7.1027460142E-02
           Stress_EigVec3 = -3.9305604722E-01  4.0010167933E-02  9.1864363613E-01
           -DivStress = -6.7090904381E+00  6.8592841134E-01  1.5809836002E+01
           ESP =  -9.9256520262E-01     ESP at Nucleus =  -9.9426019932E-01
           ESPe = -1.9130434327E+01     ESPe at Nucleus = -1.9018349952E+01
           ESPn =  1.8137869124E+01     ESPn at Nucleus =  1.8024089753E+01

CP# 12     Coords = -2.17725731104714E-01  1.86959907702595E+00 -3.31581956887242E+00
           Type = (3,-3) NACP H12
           Rho =  4.2677435921E-01     Rho at Nucleus =  4.2217266030E-01
           GradRho = -1.0473602996E-09 -1.0213970593E-09  1.1530738369E-09
           HessRho_EigVals = -8.3583467157E+00 -8.3481708090E+00 -7.5083111594E+00
           HessRho_EigVec1 = -1.6472587623E-02  7.5613983849E-01  6.5420271973E-01
           HessRho_EigVec2 =  8.3193580617E-01 -3.5257212996E-01  4.2845735796E-01
           HessRho_EigVec3 = -5.5462732376E-01 -5.5131246841E-01  6.2325203081E-01
           DelSqRho = -2.4214828684E+01
           Bond Ellipticity = NA
           V = -6.0643926247E+00
           G =  5.3427268321E-03
           K =  6.0590498979E+00
           L =  6.0537071710E+00
           Vnuc =  4.9268299934E+01
           Ven = -2.1026447134E+01
           Vrep =  1.4962054509E+01
           DelSqV =  1.5418766131E+03
           DelSqVen =  1.1930234456E+03
           DelSqVrep =  3.4885316744E+02
           DelSqG =  1.1499559042E+02
           DelSqK = -1.6568722035E+03
           Stress_EigVals = -2.0934404083E+00 -2.0926703498E+00 -1.8782818666E+00
           Stress_EigVec1 =  7.9161749125E-01 -1.1680517289E-01  5.9974852992E-01
           Stress_EigVec2 = -2.5724635765E-01  8.2661455688E-01  5.0053240238E-01
           Stress_EigVec3 = -5.5422563909E-01 -5.5051332948E-01  6.2431483647E-01
           -DivStress =  9.7832409345E+00  9.5111655441E+00 -1.0743606507E+01
           ESP =  -1.0528724085E+00     ESP at Nucleus =  -1.0545645680E+00
           ESPe = -2.1114590699E+01     ESPe at Nucleus = -2.1011939006E+01
           ESPn =  2.0061718291E+01     ESPn at Nucleus =  1.9957374438E+01

CP# 13     Coords = -1.51042709167242E+00 -3.10492407735263E+00 -3.62955135179206E+00
           Type = (3,-3) NACP H13
           Rho =  4.2507759599E-01     Rho at Nucleus =  4.2067242902E-01
           GradRho = -1.1496879837E-15  1.8532809835E-15  1.1672520589E-15
           HessRho_EigVals = -8.3258748913E+00 -8.3141488218E+00 -7.5073048039E+00
           HessRho_EigVec1 =  5.1989420489E-01  6.9969694850E-01 -4.9003489261E-01
           HessRho_EigVec2 =  8.1836687199E-01 -2.4348957336E-01  5.2056554870E-01
           HessRho_EigVec3 = -2.4491973899E-01  6.7166733427E-01  6.9919762123E-01
           DelSqRho = -2.4147328517E+01
           Bond Ellipticity = NA
           V = -6.0478387770E+00
           G =  5.5033238840E-03
           K =  6.0423354531E+00
           L =  6.0368321293E+00
           Vnuc =  4.8138472606E+01
           Ven = -2.0462586210E+01
           Vrep =  1.4414747433E+01
           DelSqV =  1.5400740855E+03
           DelSqVen =  1.1624155123E+03
           DelSqVrep =  3.7765857316E+02
           DelSqG =  1.1479347899E+02
           DelSqK = -1.6548675645E+03
           Stress_EigVals = -2.0853281291E+00 -2.0844770645E+00 -1.8780335834E+00
           Stress_EigVec1 =  8.5347478786E-01 -1.9237699117E-01  4.8432621212E-01
           Stress_EigVec2 = -4.5962599007E-01 -7.1588756966E-01  5.2559388968E-01
           Stress_EigVec3 = -2.4561094384E-01  6.7119004825E-01  6.9941345668E-01
           -DivStress =  4.3083198914E+00 -1.1337817061E+01 -1.1857787155E+01
           ESP =  -1.0458819286E+00     ESP at Nucleus =  -1.0475150156E+00
           ESPe = -1.9364010899E+01     ESPe at Nucleus = -1.9257598350E+01
           ESPn =  1.8318128970E+01     ESPn at Nucleus =  1.8210083335E+01

CP# 14     Coords = -1.55315704027280E+00  6.20318849625142E+00 -5.98547343636508E-01
           Type = (3,-3) NACP C14
           Rho =  1.1936297512E+02     Rho at Nucleus =  1.1936297486E+02
           GradRho = -8.6345140673E-10 -1.1937160154E-09  1.6130786782E-09
           HessRho_EigVals = -1.8099227471E+05 -1.8099147054E+05 -1.8099125430E+05
           HessRho_EigVec1 =  8.4495544091E-03  7.3305911835E-01 -6.8011244220E-01
           HessRho_EigVec2 =  6.1698503617E-01  5.3141687905E-01  5.8045289715E-01
           HessRho_EigVec3 =  7.8692952046E-01 -4.2452376809E-01 -4.4779627081E-01
           DelSqRho = -5.4297499955E+05
           Bond Ellipticity = NA
           V = -1.3575800633E+05
           G =  7.1282203193E+00
           K =  1.3575087811E+05
           L =  1.3574374989E+05
           Vnuc =  3.5508604120E+06
           Ven = -4.2384126303E+08
           Vrep =  4.2370550502E+08
           DelSqV =  4.6008843605E+09
           DelSqVen =  1.9280283894E+12
           DelSqVrep = -1.9234275050E+12
           DelSqG =  2.0585243723E+08
           DelSqK = -4.8067367978E+09
           Stress_EigVals = -4.5252775330E+04 -4.5252717852E+04 -4.5252513148E+04
           Stress_EigVec1 =  7.9431995622E-01 -4.1872647773E-01 -4.4014082292E-01
           Stress_EigVec2 =  6.0747468367E-01  5.4090564994E-01  5.8171778945E-01
           Stress_EigVec3 =  5.5059831167E-03  7.2944445622E-01 -6.8401788678E-01
           -DivStress =  9.8824029773E+02  1.4105704707E+03 -1.8480982412E+03
           ESP =  -1.4712041180E+01     ESP at Nucleus =  -1.4712041185E+01
           ESPe = -2.9859118026E+01     ESPe at Nucleus = -2.9859115867E+01
           ESPn =  1.5147076847E+01     ESPn at Nucleus =  1.5147074682E+01

CP# 15     Coords = -1.30771166092904E-01  3.99287521504078E+00  2.48483572556975E+00
           Type = (3,-3) NACP H15
           Rho =  4.3185780923E-01     Rho at Nucleus =  4.2775278235E-01
           GradRho = -4.5266633324E-14  2.9707681627E-15 -2.8002990551E-14
           HessRho_EigVals = -8.4654401731E+00 -8.4588333680E+00 -7.6755102253E+00
           HessRho_EigVec1 = -1.2544155000E-01  9.4280172962E-01  3.0885160865E-01
           HessRho_EigVec2 = -5.3171005995E-01 -3.2671404004E-01  7.8137209330E-01
           HessRho_EigVec3 =  8.3758511787E-01 -6.6202980840E-02  5.4228067976E-01
           DelSqRho = -2.4599783766E+01
           Bond Ellipticity = NA
           V = -6.1607152505E+00
           G =  5.3846544303E-03
           K =  6.1553305960E+00
           L =  6.1499459416E+00
           Vnuc =  5.0249195336E+01
           Ven = -2.1700507414E+01
           Vrep =  1.5539792163E+01
           DelSqV =  1.5733934010E+03
           DelSqVen =  1.2361193397E+03
           DelSqVrep =  3.3727406130E+02
           DelSqG =  1.1723595280E+02
           DelSqK = -1.6906293538E+03
           Stress_EigVals = -2.1198070952E+00 -2.1197091745E+00 -1.9211989807E+00
           Stress_EigVec1 = -5.4669237480E-01 -8.9471908218E-02  8.3253962367E-01
           Stress_EigVec2 =  5.5634982392E-03  9.9386470949E-01  1.1046260324E-01
