AIMSum (Version 17.11.14, Professional)
Copyright (c) 1997-2017 by Todd A. Keith
AIMSum is a component of the AIMAll package ( http://aim.tkgristmill.com )

TP:  64-bit Linux

Much of the Quantum Theory of Atoms in Molecules (QTAIM) is described in the book:
  "Atoms in Molecules - A Quantum Theory"
  R.F.W. Bader, Oxford University Press, Oxford, 1990

For additional references see:  http://aim.tkgristmill.com/references.html

Wfn File:  /home/localuser/Desktop/AIMAll/emimbf4/wfn/300.wfn
Sum File:  /home/localuser/Desktop/AIMAll/emimbf4/wfn/300.sum

SumViz File:  /home/localuser/Desktop/AIMAll/emimbf4/wfn/300.sumviz

Wfn Title:  B3LYP                                                                          
 
Total memory allocated for AIMSum =        1.420 Megabytes

Atomic units (a.u.) used throughout, except where stated otherwise

Model:  Restricted SCF
 
Restricted, closed-shell, single-determinant wavefunction.
  Number of electrons (from MO Occs)                   =         102.0000000000
  Number of Alpha electrons (from MO Occs)             =          51.0000000000
  Number of Beta electrons (from MO Occs)              =          51.0000000000
  Number of electron pairs (N*(N-1)/2)                 =        5151.0000000000
  Number of electron pairs (from Muller 2EDM)          =        5151.0000000000
 
Nuclear Charges and Cartesian Coordinates:
-------------------------------------------------------------------------------
Atom      Charge                X                  Y                  Z
-------------------------------------------------------------------------------
C1         6.0           1.7297249700E+00  -3.4496127000E-01  -2.1123589900E+00
C2         6.0           1.6675541900E+00   2.2152825500E+00  -2.2786646500E+00
N3         7.0           2.7289490800E+00  -9.3511666000E-01   2.2402793000E-01
N4         7.0           2.6011977900E+00   3.1545462700E+00  -3.1330690000E-02
C5         6.0           3.1933709900E+00   1.2069616000E+00   1.4648523500E+00
C6         6.0           2.4331693200E+00   5.7871570700E+00   7.7596661000E-01
H7         1.0           2.9649359800E+00   7.0116229200E+00  -7.9057131000E-01
H8         1.0           3.7254947600E+00   6.1013700600E+00   2.3466825200E+00
H9         1.0           4.9879081000E-01   6.1846076200E+00   1.3665028300E+00
C10        6.0           2.8986354700E+00  -3.4853116300E+00   1.3325876300E+00
H11        1.0           3.8498983500E+00   1.3455431400E+00   3.3829759800E+00
H12        1.0           1.0563130800E+00  -1.7613514700E+00  -3.3959270400E+00
H13        1.0           9.0475257000E-01   3.4237135000E+00  -3.7211342800E+00
C14        6.0           4.1680707000E+00  -5.3574415300E+00  -4.4436328000E-01
H15        1.0           9.6531040000E-01  -4.0467025200E+00   1.7692329400E+00
H16        1.0           3.9647539200E+00  -3.2905991900E+00   3.0870296800E+00
H17        1.0           3.0550050500E+00  -5.6343007500E+00  -2.1581789200E+00
H18        1.0           4.3172853100E+00  -7.1869322800E+00   4.9812014000E-01
H19        1.0           6.0654965700E+00  -4.7369705200E+00  -9.7259444000E-01
B20        5.0          -3.4810326600E+00  -3.2643212000E-01   1.2085404000E-01
F21        9.0          -3.4992507300E+00   9.8624228000E-01  -2.1997605800E+00
F22        9.0          -1.9409402200E+00   1.0293790500E+00   1.8862978400E+00
F23        9.0          -5.9047683400E+00  -5.7018686000E-01   1.0850619400E+00
F24        9.0          -2.3938003700E+00  -2.7684412000E+00  -2.6146660000E-01
 
Some Atomic Properties:
----------------------
  q(A) = Net Charge of Atom A
  L(A) = Lagrangian of Atom A = -(1/4) Times Atomic Integral of the Laplacian of the Electron Density
  K(A) = Electronic Kinetic Energy of Atom A (Hamiltonian Form)
  K_Scaled(A) = K(A) * E(Mol)/K(Mol) = Approximation to Virial-Based Total Energy of Atom A.
  |Mu_Intra(A)| = Magnitude of Intraatomic Dipole Moment of Atom A
--------------------------------------------------------------------------------------------------
Atom A          q(A)              L(A)              K(A)          K_Scaled(A)      |Mu_Intra(A)|
--------------------------------------------------------------------------------------------------
C1        5.6332062330E-01  3.4880058475E-04  3.7472569459E+01 -3.7507690625E+01  7.8324957320E-01
C2        5.4368064680E-01  2.3243853364E-04  3.7471056620E+01 -3.7506176367E+01  7.7798533592E-01
N3       -1.5469115906E+00  2.7060208205E-04  5.5405139011E+01 -5.5457067478E+01  2.0409123713E-01
N4       -1.5619559621E+00  2.5374055047E-04  5.5404265236E+01 -5.5456192884E+01  1.7184713444E-01
C5        1.3593293571E+00  4.2560610329E-04  3.6956717134E+01 -3.6991354817E+01  8.8159323190E-01
C6        5.3276798410E-01 -9.5699957419E-05  3.7431763895E+01 -3.7466846816E+01  6.1773882184E-01
H7        2.3978274280E-02  2.2982663769E-05  6.1265785891E-01 -6.1323207248E-01  1.2155941747E-01
H8        1.2337362830E-02  2.4521807449E-05  6.1729578510E-01 -6.1787434558E-01  1.2081496104E-01
H9        6.5259453760E-02  1.7313355626E-05  5.9505122266E-01 -5.9560893442E-01  1.2035068290E-01
C10       4.7708340970E-01 -1.2027686875E-05  3.7475465200E+01 -3.7510589080E+01  6.2168905066E-01
H11       1.2160069811E-01  1.6767881237E-05  5.6836982385E-01 -5.6890252847E-01  1.1380820541E-01
H12       1.2905005023E-01  8.4544912631E-06  5.6807530628E-01 -5.6860773486E-01  1.1304670445E-01
H13       1.0640413063E-01  2.4320230431E-05  5.7345750900E-01 -5.7399498205E-01  1.1629756324E-01
C14       1.4516186880E-01 -1.8899145686E-04  3.7681308833E+01 -3.7716625640E+01  7.9294827418E-02
H15       1.1002368742E-01 -1.1505139934E-06  5.8652248368E-01 -5.8707220188E-01  1.1065073608E-01
H16      -1.8904899500E-02  2.8894181545E-05  6.3720957931E-01 -6.3780680399E-01  1.2127307865E-01
H17      -1.3527725100E-02  1.9384154125E-05  6.2534221342E-01 -6.2592831541E-01  1.2075570085E-01
H18      -1.0340828800E-02  1.9451108174E-05  6.2039512752E-01 -6.2097659286E-01  1.2493234826E-01
H19      -2.9597863200E-02  3.0796373566E-05  6.2917345455E-01 -6.2976314737E-01  1.2782580976E-01
B20       2.5173996813E+00 -1.1591415215E-04  2.3294403936E+01 -2.3316236616E+01  6.5808548910E-03
F21      -8.8347470200E-01  2.1614339293E-05  9.9860361728E+01 -9.9953955852E+01  2.8902484125E-01
F22      -8.8874705510E-01  6.2094581748E-05  9.9851712035E+01 -9.9945298052E+01  2.5879815219E-01
F23      -8.6776960910E-01  2.1341577163E-05  9.9860717328E+01 -9.9954311785E+01  3.2170636721E-01
F24      -8.8516865610E-01  2.4799238596E-05  9.9857238237E+01 -9.9950829433E+01  2.6913861399E-01
--------------------------------------------------------------------------------------------------
Total     9.9833676000E-04  1.4601400709E-03  7.6465626902E+02 -7.6537294310E+02
 
1st Largest |L(A)| = 4.2560610329E-04, atom C5      
2nd Largest |L(A)| = 3.4880058475E-04, atom C1      
 
Molecular charge q(Mol) from the wfn file:   0.0000000000E+00
Molecular energy E(Mol) from the wfn file:  -7.6756576870E+02
Molecular virial ratio (-V(Mol)/T(Mol)) from the wfn file:   2.0009372500E+00
Note.  K_Scaled(A) = (1+V(Mol)/T(Mol))*K(A) = (E(Mol)/T(Mol))*K(A)
       Only use K_Scaled(A) data with caution.
 
N_AIMInt(SumA)     =        101.999002
N_Analytic(Mol)    =        102.000000
 
G_AIMInt(SumA)     =        764.654809
G_Analytic(Mol)    =        764.655969
 
K_AIMInt(SumA)     =        764.656269
K_Analytic(Mol)    =        764.655969
 
L_AIMInt(SumA)     =          0.001460
L_Analytic(Mol)    =          0.000000
 
VenT_AIMInt(SumA)  =      -3627.181729
VenT_Analytic(Mol) =      -3627.200609
 
Some Information About the Atomic Calculations:
----------------------------------------------
  Time(sec) = "Elapsed User Time", in Seconds, for Atom A by AIMInt and, if used, by TWOe
  NProc = Number of Processors Used for AIMInt Job
  BIM = Basin Integration Method
  OAQ = Angular Quadrature Outside of Beta Sphere
  ORQ = Multiple of Default for Radial Quadrature Outside of Beta Sphere
  IAQ = Multiple of Default for Angular Quadrature Inside of Beta Sphere
  IRQ = Multiple of Default for Radial Quadrature Inside of Beta Sphere
  MIR = Maximum Integration Radius
------------------------------------------------------------------------------------------------------
Atom A     Time(sec)   NProc      BIM          OAQ                     ORQ      IAQ      IRQ      MIR
------------------------------------------------------------------------------------------------------
C1            649        4    Promega(5)    4500(GS4)                  1.00     1.00     1.00    13.00
C2            642        4    Promega(5)    4500(GS4)                  1.00     1.00     1.00    13.00
N3            130        4    Promega(1)    4500(GS4)                  1.00     1.00     1.00    13.00
N4            106        4     Proaim(5)    4500(GS4)                  1.00     1.00     1.00    13.00
C5            155        4    Promega(1)    4500(GS4)                  1.00     1.00     1.00    13.00
C6             47        4     Proaim(5)    4500(GS4)                  1.00     1.00     1.00    13.00
H7             11        4     Proaim(5)    1800(GS4)                  1.00     1.00     1.00    13.00
H8             11        4     Proaim(5)    1800(GS4)                  1.00     1.00     1.00    13.00
H9             13        4     Proaim(5)    1800(GS4)                  1.00     1.00     1.00    13.00
C10            65        4     Proaim(5)    4500(GS4)                  1.00     1.00     1.00    13.00
H11            12        4     Proaim(5)    1800(GS4)                  1.00     1.00     1.00    13.00
H12            13        4     Proaim(5)    1800(GS4)                  1.00     1.00     1.00    13.00
H13            10        4     Proaim(5)    1800(GS4)                  1.00     1.00     1.00    13.00
C14            51        4     Proaim(5)    5400(GS5)                  1.00     1.00     1.00    13.00
H15            23        4     Proaim(5)    4500(GS4)                  1.00     1.00     1.00    13.00
H16            12        4     Proaim(5)    1800(GS4)                  1.00     1.00     1.00    13.00
H17            13        4     Proaim(5)    1800(GS4)                  1.00     1.00     1.00    13.00
H18            12        4     Proaim(5)    1800(GS4)                  1.00     1.00     1.00    13.00
H19            11        4     Proaim(5)    1800(GS4)                  1.00     1.00     1.00    13.00
B20            60        4     Proaim(5)    5400(GS5)                  1.00     1.00     1.00    13.00
F21            44        4     Proaim(5)    4500(GS4)                  1.00     1.00     1.00    13.00
F22           159        4    Promega(1)    4500(GS4)                  1.00     1.00     1.00    13.00
F23            22        4     Proaim(5)    2700(GS4)                  1.00     1.00     1.00    13.00
F24            41        4     Proaim(5)    4500(GS4)                  1.00     1.00     1.00    13.00
------------------------------------------------------------------------------------------------------
Total        2312
Note:  Total wall clock time is less than total of atomic times if more than one atom
       was calculated at a time
 
Electron Density Critical Point Analysis of Molecular Structure:               
---------------------------------------------------------------                
  NACP = Nuclear Attractor Critical Point                                      
  NNACP = Non-Nuclear Attractor Critical Point                                 
  BCP = Bond Critical Point                                                    
  RCP = Ring Critical Point                                                    
  CCP = Cage Critical Point                                                    
  Rho = Electron Density                                                       
  GradRho = Gradient of Electron Density                                       
  HessRho_EigVals = Eigenvalues of the Hessian of Rho, Ascending Order         
  HessRho_EigVecs = Eigenvectors of the Hessian of Rho                         
  DelSqRho = Laplacian of Rho = Trace of Hessian of Rho                        
  Bond Ellipticity = (HessRho_EigVal(1) / HessRho_EigVal(2)) - 1               
  V = Virial Field = Potential Energy Density = Trace of Stress Tensor         
  G = Lagrangian Form of Kinetic Energy Density                                
  K = Hamiltonian Form of Kinetic Energy Density                               
  L = K - G = Lagrangian Density = (-1/4)DelSqRho                              
  Vnuc = Electrostatic Potential from Nuclei                                   
  Ven = Electron-nuclear attractive contribution to Virial Field V             
  Vrep = V - Ven = Repulsive contribution to Virial Field V                    
  DelSqV = Laplacian of V                                                      
  DelSqVen = Laplacian of Ven                                                  
  DelSqVrep = Laplacian of Vrep                                                
  DelSqG = Laplacian of G                                                      
  DelSqK = Laplacian of K                                                      
  Stress_EigVals = Eigenvalues of Stress Tensor, Ascending Order               
  Stress_EigVecs = Eigenvectors of Stress Tensor                               
  -DivStress = Ehrenfest Force Density = Minus Divergence of Stress Tensor     
  ESP = Total Electrostatic Potential                                          
  ESPe = Electrostatic Potential from Electrons                                
  ESPn = Electrostatic Potential from Nuclei                                   
  BP = Bond Path                                                               
  BPL = Bond Path Length                                                       
  GBL = Geometric Bond Length                                                  
  GBL_I = Distance Between Nuclear Attractors                                  
  GBL_II = Distance Between Nuclei                                             
  GBL_III = Sum of Distances Between BCP and Nuclear Attractors                
  GBL_IV = Sum of Distances Between BCP and Nuclei                             

CP# 1      Coords =  1.72972846538075E+00 -3.44963271590803E-01 -2.11235456640997E+00
           Type = (3,-3) NACP C1
           Rho =  1.1952066555E+02     Rho at Nucleus =  1.1952066231E+02
           GradRho =  1.7245260775E-11  2.8977046457E-12 -2.1831925157E-11
           HessRho_EigVals = -1.8123632330E+05 -1.8123607144E+05 -1.8123359957E+05
           HessRho_EigVec1 =  1.4886070262E-01 -3.4958580805E-01  9.2500284001E-01
           HessRho_EigVec2 = -9.8211985214E-01  5.6749075050E-02  1.7949968943E-01
           HessRho_EigVec3 =  1.1524359956E-01  9.3518410235E-01  3.3488745493E-01
           DelSqRho = -5.4370599431E+05
           Bond Ellipticity = NA
           V = -1.3594062818E+05
           G =  7.0647993001E+00
           K =  1.3593356338E+05
           L =  1.3592649858E+05
           Vnuc =  1.0029190514E+06
           Ven = -1.1986955251E+08
           Vrep =  1.1973361188E+08
           DelSqV =  4.6070526394E+09
           DelSqVen =  5.4529309875E+11
           DelSqVrep = -5.4068604611E+11
           DelSqG =  2.0613470570E+08
           DelSqK = -4.8131873451E+09
           Stress_EigVals = -4.5314138936E+04 -4.5313333097E+04 -4.5313156142E+04
           Stress_EigVec1 =  1.3120924734E-01  9.3365557313E-01  3.3327376760E-01
           Stress_EigVec2 =  4.2333133293E-01 -3.5675611851E-01  8.3277587289E-01
           Stress_EigVec3 =  8.9642329062E-01  3.1817332783E-02 -4.4205536007E-01
           -DivStress = -5.2387056092E+03  3.0012803416E+03 -6.6293450584E+03
           ESP =  -1.4661201986E+01     ESP at Nucleus =  -1.4661202071E+01
           ESPe = -3.5060842497E+01     ESPe at Nucleus = -3.5060836395E+01
           ESPn =  2.0399640510E+01     ESPn at Nucleus =  2.0399634324E+01

CP# 2      Coords =  1.66755705137534E+00  2.21528575568014E+00 -2.27866066056855E+00
           Type = (3,-3) NACP C2
           Rho =  1.1950718193E+02     Rho at Nucleus =  1.1950717881E+02
           GradRho = -9.9180524904E-12 -3.5653466290E-11  2.4414536365E-11
           HessRho_EigVals = -1.8121570288E+05 -1.8121520361E+05 -1.8121305113E+05
           HessRho_EigVec1 =  3.4386773067E-01  4.4711897220E-01  8.2573579824E-01
           HessRho_EigVec2 = -9.2323344576E-01  4.2508076924E-04  3.8423927953E-01
           HessRho_EigVec3 = -1.7144966733E-01  8.9447439539E-01 -4.1294136093E-01
           DelSqRho = -5.4364395761E+05
           Bond Ellipticity = NA
           V = -1.3592513186E+05
           G =  7.0712306207E+00
           K =  1.3591806063E+05
           L =  1.3591098940E+05
           Vnuc =  1.0233171911E+06
           Ven = -1.2229375372E+08
           Vrep =  1.2215782859E+08
           DelSqV =  4.6065294606E+09
           DelSqVen =  5.5632020531E+11
           DelSqVrep = -5.5171367585E+11
           DelSqG =  2.0611094241E+08
           DelSqK = -4.8126404030E+09
           Stress_EigVals = -4.5308940951E+04 -4.5308147642E+04 -4.5308043271E+04
           Stress_EigVec1 = -1.8697051418E-01  8.9030830079E-01 -4.1520254861E-01
           Stress_EigVec2 =  3.3074817573E-01  4.5503121939E-01  8.2677217759E-01
           Stress_EigVec3 =  9.2501225456E-01  1.7254533639E-02 -3.7954526738E-01
           -DivStress = -4.2885137855E+03 -4.8055091767E+03 -5.9774813595E+03
           ESP =  -1.4659188675E+01     ESP at Nucleus =  -1.4659188759E+01
           ESPe = -3.4158711611E+01     ESPe at Nucleus = -3.4158707881E+01
           ESPn =  1.9499522936E+01     ESPn at Nucleus =  1.9499519121E+01

CP# 3      Coords =  2.72894923858558E+00 -9.35115233929282E-01  2.24028264057703E-01
           Type = (3,-3) NACP N3
           Rho =  1.9376797539E+02     Rho at Nucleus =  1.9376797495E+02
           GradRho =  5.2295371419E-10  4.3292017604E-09  1.0141349297E-09
           HessRho_EigVals = -4.0299414742E+05 -4.0299295729E+05 -4.0298800683E+05
           HessRho_EigVec1 =  3.5154283613E-01  5.7586520197E-01  7.3810358590E-01
           HessRho_EigVec2 = -8.9188481238E-02  8.0544275841E-01 -5.8592437886E-01
           HessRho_EigVec3 =  9.3191364899E-01 -1.4014718008E-01 -3.3450817439E-01
           DelSqRho = -1.2089751115E+06
           Bond Ellipticity = NA
           V = -3.0229144575E+05
           G =  2.3833933298E+01
           K =  3.0226761182E+05
           L =  3.0224377788E+05
           Vnuc =  4.7514687696E+06
           Ven = -9.2068248359E+08
           Vrep =  9.2038019214E+08
           DelSqV =  1.4117114309E+10
           DelSqVen =  5.7444078060E+12
           DelSqVrep = -5.7302906916E+12
           DelSqG =  6.2869721995E+08
           DelSqK = -1.4745811529E+10
           Stress_EigVals = -1.0076445881E+05 -1.0076364606E+05 -1.0076334088E+05
           Stress_EigVec1 =  9.2913902581E-01 -1.9453918317E-01 -3.1441243126E-01
           Stress_EigVec2 = -1.5306985025E-02  8.2941372663E-01 -5.5842507671E-01
           Stress_EigVec3 =  3.6941354460E-01  5.2366723813E-01  7.6766285358E-01
           -DivStress = -7.3220091698E+02 -6.5501543696E+03 -1.5344194339E+03
           ESP =  -1.8235339077E+01     ESP at Nucleus =  -1.8235339084E+01
           ESPe = -3.8949671537E+01     ESPe at Nucleus = -3.8949670585E+01
           ESPn =  2.0714332460E+01     ESPn at Nucleus =  2.0714331501E+01

CP# 4      Coords =  2.60119748965297E+00  3.15454573527805E+00 -3.13297733404557E-02
           Type = (3,-3) NACP N4
           Rho =  1.9372312521E+02     Rho at Nucleus =  1.9372312496E+02
           GradRho = -4.2484250840E-10 -9.6756902577E-10  1.5549250585E-09
           HessRho_EigVals = -4.0289961174E+05 -4.0289893851E+05 -4.0289268598E+05
           HessRho_EigVec1 = -3.5213592378E-01  7.1523989773E-01 -6.0368218450E-01
           HessRho_EigVec2 =  1.2406162241E-01  6.7497281178E-01  7.2733789754E-01
           HessRho_EigVec3 =  9.2769014495E-01  1.8122801122E-01 -3.2641599673E-01
           DelSqRho = -1.2086912362E+06
           Bond Ellipticity = NA
           V = -3.0222061233E+05
           G =  2.3901633910E+01
           K =  3.0219671069E+05
           L =  3.0217280906E+05
           Vnuc =  6.3468911574E+06
           Ven = -1.2295395903E+09
           Vrep =  1.2292373697E+09
           DelSqV =  1.4113817374E+10
           DelSqVen =  7.6714318234E+12
           DelSqVrep = -7.6573181371E+12
           DelSqG =  6.2854774295E+08
           DelSqK = -1.4742365117E+10
           Stress_EigVals = -1.0074101661E+05 -1.0073987676E+05 -1.0073971895E+05
           Stress_EigVec1 =  9.2499494140E-01  2.1303975455E-01 -3.1464014582E-01
           Stress_EigVec2 =  3.9838299693E-02  7.6910900120E-01  6.3787479504E-01
           Stress_EigVec3 =  3.7788525806E-01 -6.0256568708E-01  7.0293479391E-01
           -DivStress =  1.3761750849E+03  2.4552960864E+03 -4.2094140812E+03
           ESP =  -1.8229284200E+01     ESP at Nucleus =  -1.8229284203E+01
           ESPe = -3.7640029760E+01     ESPe at Nucleus = -3.7640028661E+01
           ESPn =  1.9410745560E+01     ESPn at Nucleus =  1.9410744458E+01

CP# 5      Coords =  3.19337075229043E+00  1.20696164810408E+00  1.46484895631979E+00
           Type = (3,-3) NACP C5
           Rho =  1.1954282331E+02     Rho at Nucleus =  1.1954282226E+02
           GradRho =  3.9894851311E-11  1.8781316129E-11 -9.2774468663E-12
           HessRho_EigVals = -1.8127189126E+05 -1.8127077413E+05 -1.8126929007E+05
           HessRho_EigVec1 =  9.1874471090E-01  3.8364984991E-02 -3.9298382171E-01
           HessRho_EigVec2 = -7.2694098631E-02  9.9469065554E-01 -7.2842760895E-02
           HessRho_EigVec3 =  3.8810272380E-01  9.5491505996E-02  9.1665568676E-01
           DelSqRho = -5.4381195546E+05
           Bond Ellipticity = NA
           V = -1.3596681946E+05
           G =  6.9152961066E+00
           K =  1.3595990416E+05
           L =  1.3595298887E+05
           Vnuc =  1.7635145059E+06
           Ven = -2.1081550298E+08
           Vrep =  2.1067953616E+08
           DelSqV =  4.6079447423E+09
           DelSqVen =  9.5902026957E+11
           DelSqVrep = -9.5441232892E+11
           DelSqG =  2.0617637361E+08
           DelSqK = -4.8141211159E+09
           Stress_EigVals = -4.5322736766E+04 -4.5322336654E+04 -4.5321746038E+04
           Stress_EigVec1 =  3.7339917155E-01  1.0292296881E-01  9.2194355639E-01
           Stress_EigVec2 = -6.1233861914E-02  9.9439336204E-01 -8.6210531143E-02
           Stress_EigVec3 =  9.2564759646E-01  2.4263223517E-02 -3.7760802845E-01
           -DivStress =  3.5542984020E+02 -7.2123856054E+01  5.0869696863E+03
           ESP =  -1.4583779174E+01     ESP at Nucleus =  -1.4583779191E+01
           ESPe = -3.4449553314E+01     ESPe at Nucleus = -3.4449546825E+01
           ESPn =  1.9865774140E+01     ESPn at Nucleus =  1.9865767635E+01

CP# 6      Coords =  2.43317056304757E+00  5.78715084371071E+00  7.75964724891100E-01
           Type = (3,-3) NACP C6
           Rho =  1.1937144725E+02     Rho at Nucleus =  1.1937144328E+02
           GradRho = -2.7886278356E-12  5.7944885327E-12  4.8809288859E-12
           HessRho_EigVals = -1.8100946287E+05 -1.8100628549E+05 -1.8100608563E+05
           HessRho_EigVec1 = -4.3778003839E-02  9.5456226391E-01  2.9477851127E-01
           HessRho_EigVec2 =  3.3326554677E-01 -2.6420672550E-01  9.0505739129E-01
           HessRho_EigVec3 =  9.4181609761E-01  1.3786112769E-01 -3.0655627176E-01
           DelSqRho = -5.4302183400E+05
           Bond Ellipticity = NA
           V = -1.3576943885E+05
           G =  6.9901769945E+00
           K =  1.3576244868E+05
           L =  1.3575545850E+05
           Vnuc =  9.0593529919E+05
           Ven = -1.0814280778E+08
           Vrep =  1.0800703834E+08
           DelSqV =  4.6012780577E+09
           DelSqVen =  4.9194264627E+11
           DelSqVrep = -4.8734136821E+11
           DelSqG =  2.0587293272E+08
           DelSqK = -4.8071509904E+09
           Stress_EigVals = -4.5256796948E+04 -4.5256746409E+04 -4.5255895497E+04
           Stress_EigVec1 =  9.3849193537E-01  1.4445318918E-01 -3.1363380458E-01
           Stress_EigVec2 =  3.4193400342E-01 -2.6224496104E-01  9.0239055719E-01
           Stress_EigVec3 = -4.8104309011E-02  9.5412832289E-01  2.9550823831E-01
           -DivStress = -1.8610857765E+03  9.3186910120E+03  2.8214533849E+03
           ESP =  -1.4639738884E+01     ESP at Nucleus =  -1.4639738979E+01
           ESPe = -3.0035310812E+01     ESPe at Nucleus = -3.0035297982E+01
           ESPn =  1.5395571929E+01     ESPn at Nucleus =  1.5395559003E+01

CP# 7      Coords =  2.95698695533143E+00  6.99258603400701E+00 -7.67341077683158E-01
           Type = (3,-3) NACP H7
           Rho =  4.3175359322E-01     Rho at Nucleus =  4.2789588832E-01
           GradRho =  1.7421502609E-15  1.2336865470E-15  3.7169160978E-16
           HessRho_EigVals = -8.4565550805E+00 -8.4490707656E+00 -7.7075113282E+00
           HessRho_EigVec1 =  2.7830570049E-01 -7.8917227207E-01 -5.4749708864E-01
           HessRho_EigVec2 =  9.2580145265E-01  6.8593689302E-02  3.7173455052E-01
           HessRho_EigVec3 = -2.5580775465E-01 -6.1032944447E-01  7.4970685063E-01
           DelSqRho = -2.4613137174E+01
           Bond Ellipticity = NA
           V = -6.1642468727E+00
           G =  5.4812895827E-03
           K =  6.1587655831E+00
           L =  6.1532842936E+00
           Vnuc =  4.7416693047E+01
           Ven = -2.0472327602E+01
           Vrep =  1.4308080729E+01
           DelSqV =  1.5773856862E+03
           DelSqVen =  1.1670735703E+03
           DelSqVrep =  4.1031211592E+02
           DelSqG =  1.1736572837E+02
           DelSqK = -1.6947514146E+03
           Stress_EigVals = -2.1179442932E+00 -2.1173682431E+00 -1.9289343364E+00
           Stress_EigVec1 =  9.3183798756E-01 -3.6223668577E-01  2.1506939030E-02
           Stress_EigVec2 =  2.5809388586E-01  7.0326505797E-01  6.6242418760E-01
           Stress_EigVec3 = -2.5507942102E-01 -6.1172121241E-01  7.4882017017E-01
           -DivStress =  4.0956497837E+00  9.8104669462E+00 -1.1972686138E+01
           ESP =  -1.0543871162E+00     ESP at Nucleus =  -1.0557632644E+00
           ESPe = -1.6283838669E+01     ESPe at Nucleus = -1.6201630844E+01
           ESPn =  1.5229451553E+01     ESPn at Nucleus =  1.5145867580E+01

CP# 8      Coords =  3.70634803220096E+00  6.09566869141372E+00  2.32315310133714E+00
           Type = (3,-3) NACP H8
           Rho =  4.3235256434E-01     Rho at Nucleus =  4.2853815164E-01
           GradRho =  8.4621640749E-16  1.5449406619E-15 -7.8856395697E-16
           HessRho_EigVals = -8.4658751591E+00 -8.4589664962E+00 -7.7247948497E+00
           HessRho_EigVec1 = -3.8076589116E-01  9.1962898794E-01  9.6435785180E-02
           HessRho_EigVec2 =  6.8451790173E-01  3.5045217757E-01 -6.3923275373E-01
           HessRho_EigVec3 =  6.2165310129E-01  1.7738600781E-01  7.6294274090E-01
           DelSqRho = -2.4649636505E+01
           Bond Ellipticity = NA
           V = -6.1735812656E+00
           G =  5.5860696802E-03
           K =  6.1679951959E+00
           L =  6.1624091262E+00
           Vnuc =  4.7765818345E+01
           Ven = -2.0651674049E+01
           Vrep =  1.4478092784E+01
           DelSqV =  1.5803170534E+03
           DelSqVen =  1.1774100596E+03
           DelSqVrep =  4.0290699378E+02
           DelSqG =  1.1754932757E+02
           DelSqK = -1.6978663809E+03
           Stress_EigVals = -2.1204703558E+00 -2.1198501749E+00 -1.9332607349E+00
           Stress_EigVec1 =  7.8026505989E-01 -4.7466247578E-02 -6.2364524504E-01
           Stress_EigVec2 = -7.5419567892E-02  9.8269969308E-01 -1.6915437330E-01
           Stress_EigVec3 =  6.2088511425E-01  1.7902030211E-01  7.6318635099E-01
           -DivStress =  9.8815151157E+00  2.9400303551E+00  1.2144174214E+01
           ESP =  -1.0498719318E+00     ESP at Nucleus =  -1.0512372708E+00
           ESPe = -1.6418030788E+01     ESPe at Nucleus = -1.6337384846E+01
           ESPn =  1.5368158856E+01     ESPn at Nucleus =  1.5286147576E+01

CP# 9      Coords =  5.28562801954156E-01  6.17863693937562E+00  1.35738622448074E+00
           Type = (3,-3) NACP H9
           Rho =  4.2757973385E-01     Rho at Nucleus =  4.2360390039E-01
           GradRho =  1.9004833514E-13 -3.7013306916E-14 -5.8832258997E-14
           HessRho_EigVals = -8.3831244950E+00 -8.3746791732E+00 -7.6161034858E+00
           HessRho_EigVec1 =  2.5449275623E-01  9.4962129317E-01  1.8290116616E-01
           HessRho_EigVec2 =  2.3815032452E-01 -2.4484385074E-01  9.3985951700E-01
           HessRho_EigVec3 =  9.3729283576E-01 -1.9562946687E-01 -2.8846360556E-01
           DelSqRho = -2.4373907154E+01
           Bond Ellipticity = NA
           V = -6.1040294967E+00
           G =  5.2763541087E-03
           K =  6.0987531426E+00
           L =  6.0934767885E+00
           Vnuc =  4.8055754112E+01
           Ven = -2.0547666553E+01
           Vrep =  1.4443637056E+01
           DelSqV =  1.5603180500E+03
           DelSqVen =  1.1713064889E+03
           DelSqVrep =  3.8901156110E+02
           DelSqG =  1.1622821949E+02
           DelSqK = -1.6765462695E+03
           Stress_EigVals = -2.0990642432E+00 -2.0988569121E+00 -1.9061083414E+00
           Stress_EigVec1 =  1.7483101946E-01  9.7956761386E-01 -9.9405253932E-02
           Stress_EigVec2 =  3.0220867997E-01  4.2699124447E-02  9.5228498808E-01
           Stress_EigVec3 =  9.3707205080E-01 -1.9653008585E-01 -2.8856870407E-01
           -DivStress = -1.5197044499E+01  3.0510892639E+00  4.6541785726E+00
           ESP =  -1.0642972764E+00     ESP at Nucleus =  -1.0657087961E+00
           ESPe = -1.7578123971E+01     ESPe at Nucleus = -1.7511572556E+01
           ESPn =  1.6513826695E+01     ESPn at Nucleus =  1.6445863760E+01

CP# 10     Coords =  2.89863697645268E+00 -3.48530521513617E+00  1.33258452149412E+00
           Type = (3,-3) NACP C10
           Rho =  1.1938512707E+02     Rho at Nucleus =  1.1938512226E+02
           GradRho = -7.5140679811E-12 -3.6766557570E-11  1.6883616656E-11
           HessRho_EigVals = -1.8103373795E+05 -1.8103053641E+05 -1.8102971574E+05
           HessRho_EigVec1 = -9.8915348662E-02  9.0085911608E-01 -4.2269209454E-01
           HessRho_EigVec2 = -6.0553708048E-02  4.1853887433E-01  9.0617794009E-01
           HessRho_EigVec3 =  9.9325173156E-01  1.1523048058E-01  1.3150441224E-02
           DelSqRho = -5.4309399010E+05
           Bond Ellipticity = NA
           V = -1.3578727121E+05
           G =  6.8868438252E+00
           K =  1.3578038437E+05
           L =  1.3577349752E+05
           Vnuc =  8.2353908334E+05
           Ven = -9.8318318110E+07
           Vrep =  9.8182530839E+07
           DelSqV =  4.6018880103E+09
           DelSqVen =  4.4725912653E+11
           DelSqVrep = -4.4265723865E+11
           DelSqG =  2.0590381730E+08
           DelSqK = -4.8077918276E+09
           Stress_EigVals = -4.5262853445E+04 -4.5262647321E+04 -4.5261770447E+04
           Stress_EigVec1 =  9.9445089707E-01  1.0436079906E-01  1.3275425835E-02
           Stress_EigVec2 = -5.6502696151E-02  4.2339420925E-01  9.0418183398E-01
           Stress_EigVec3 = -8.8740400268E-02  8.9991453327E-01 -4.2694141772E-01
           -DivStress = -2.2550050057E+03 -9.6039553412E+03  4.6513539876E+03
           ESP =  -1.4651470179E+01     ESP at Nucleus =  -1.4651470298E+01
           ESPe = -3.2497698732E+01     ESPe at Nucleus = -3.2497687510E+01
           ESPn =  1.7846228554E+01     ESPn at Nucleus =  1.7846217212E+01

CP# 11     Coords =  3.83923931342529E+00  1.34329937611466E+00  3.35051643233447E+00
           Type = (3,-3) NACP H11
           Rho =  4.2446874381E-01     Rho at Nucleus =  4.1990226439E-01
           GradRho = -1.9493169467E-09 -4.1038251256E-10 -5.9251200464E-09
           HessRho_EigVals = -8.2945487917E+00 -8.2821769227E+00 -7.4513717188E+00
           HessRho_EigVec1 = -2.6897982859E-02  9.9778518425E-01 -6.0837690636E-02
           HessRho_EigVec2 =  9.4891573392E-01  6.3457640394E-03 -3.1546578451E-01
           HessRho_EigVec3 =  3.1438102429E-01  6.6215235124E-02  9.4698474866E-01
           DelSqRho = -2.4028097433E+01
           Bond Ellipticity = NA
           V = -6.0167220562E+00
           G =  4.8488489838E-03
           K =  6.0118732073E+00
           L =  6.0070243583E+00
           Vnuc =  4.7238833188E+01
           Ven = -2.0051408182E+01
           Vrep =  1.4034686126E+01
           DelSqV =  1.5293696461E+03
           DelSqVen =  1.1350592971E+03
           DelSqVrep =  3.9431034902E+02
           DelSqG =  1.1381646196E+02
           DelSqK = -1.6431861081E+03
           Stress_EigVals = -2.0763573449E+00 -2.0762714966E+00 -1.8640932147E+00
           Stress_EigVec1 =  9.3716203799E-01  1.3746196687E-01 -3.2067354462E-01
           Stress_EigVec2 = -1.5141938213E-01  9.8828940843E-01 -1.8873682984E-02
           Stress_EigVec3 =  3.1432385413E-01  6.6243889201E-02  9.4700172221E-01
           -DivStress =  5.3631592523E+00  1.1288210069E+00  1.6329014028E+01
           ESP =  -9.8897980842E-01     ESP at Nucleus =  -9.9068451855E-01
           ESPe = -1.9020887264E+01     ESPe at Nucleus = -1.8910081403E+01
           ESPn =  1.8031907455E+01     ESPn at Nucleus =  1.7919396884E+01

CP# 12     Coords =  1.06870970121866E+00 -1.73797574712538E+00 -3.37442517505230E+00
           Type = (3,-3) NACP H12
           Rho =  4.2446576599E-01     Rho at Nucleus =  4.1992620358E-01
           GradRho = -1.8583225236E-16  1.3763811054E-15  6.5550863348E-16
           HessRho_EigVals = -8.3113208328E+00 -8.3008258868E+00 -7.4728308665E+00
           HessRho_EigVec1 =  2.2418204678E-01 -7.2092201841E-01  6.5575441537E-01
           HessRho_EigVec2 = -9.0803794897E-01  8.9796266970E-02  4.0914998922E-01
           HessRho_EigVec3 =  3.5384953461E-01  6.8717397638E-01  6.3449384003E-01
           DelSqRho = -2.4084977586E+01
           Bond Ellipticity = NA
           V = -6.0318792318E+00
           G =  5.3174176354E-03
           K =  6.0265618141E+00
           L =  6.0212443965E+00
           Vnuc =  4.8816394037E+01
           Ven = -2.0720888088E+01
           Vrep =  1.4689008856E+01
           DelSqV =  1.5341220954E+03
           DelSqVen =  1.1757417562E+03
           DelSqVrep =  3.5838033918E+02
           DelSqG =  1.1437603974E+02
           DelSqK = -1.6484981351E+03
           Stress_EigVals = -2.0815935876E+00 -2.0808913469E+00 -1.8693942973E+00
           Stress_EigVec1 = -8.6808968270E-01 -1.1451912129E-02  4.9627528299E-01
           Stress_EigVec2 =  3.4794625673E-01 -7.2707852921E-01  5.9185320375E-01
           Stress_EigVec3 =  3.5405325195E-01  6.8645878687E-01  6.3515401968E-01
           -DivStress = -6.2490723245E+00 -1.1792007690E+01 -1.0851380811E+01
           ESP =  -1.0465886869E+00     ESP at Nucleus =  -1.0482633506E+00
           ESPe = -2.0532687162E+01     ESPe at Nucleus = -2.0432347949E+01
           ESPn =  1.9486098475E+01     ESPn at Nucleus =  1.9384084599E+01

CP# 13     Coords =  9.18178854826855E-01  3.40452583273282E+00 -3.69707031608092E+00
           Type = (3,-3) NACP H13
           Rho =  4.2413435854E-01     Rho at Nucleus =  4.1972879250E-01
           GradRho =  2.2178439640E-15 -2.1293595142E-15  3.5392695719E-15
           HessRho_EigVals = -8.3051209649E+00 -8.2933850107E+00 -7.4873830736E+00
           HessRho_EigVec1 =  2.2363906612E-01  8.1565610075E-01  5.3356414180E-01
           HessRho_EigVec2 = -8.9207851086E-01 -4.9245703021E-02  4.4918903727E-01
           HessRho_EigVec3 =  3.9265951991E-01 -5.7643732187E-01  7.1661601669E-01
           DelSqRho = -2.4085889049E+01
           Bond Ellipticity = NA
           V = -6.0324514451E+00
           G =  5.4895914096E-03
           K =  6.0269618537E+00
           L =  6.0214722623E+00
           Vnuc =  4.7756321181E+01
           Ven = -2.0255096650E+01
           Vrep =  1.4222645205E+01
           DelSqV =  1.5359756855E+03
           DelSqVen =  1.1502534534E+03
           DelSqVrep =  3.8572223216E+02
           DelSqG =  1.1446310636E+02
           DelSqK = -1.6504387919E+03
           Stress_EigVals = -2.0801190261E+00 -2.0792873420E+00 -1.8730450770E+00
           Stress_EigVec1 =  8.9497201694E-01  6.0139259949E-02 -4.4205017624E-01
           Stress_EigVec2 =  2.1140124417E-01  8.1539031656E-01  5.3893241285E-01
           Stress_EigVec3 =  3.9285442961E-01 -5.7577938576E-01  7.1703800183E-01
           -DivStress = -6.7707474405E+00  9.6800986751E+00 -1.2142804693E+01
           ESP =  -1.0402140721E+00     ESP at Nucleus =  -1.0418473658E+00
           ESPe = -1.9015447395E+01     ESPe at Nucleus = -1.8911074402E+01
           ESPn =  1.7975233323E+01     ESPn at Nucleus =  1.7869227036E+01

CP# 14     Coords =  4.16807024575050E+00 -5.35744067631022E+00 -4.44362386772898E-01
           Type = (3,-3) NACP C14
           Rho =  1.1936666112E+02     Rho at Nucleus =  1.1936666096E+02
           GradRho = -3.6368189016E-10  6.8363292371E-10  7.0564747448E-10
           HessRho_EigVals = -1.8099779200E+05 -1.8099702851E+05 -1.8099696889E+05
           HessRho_EigVec1 = -4.9603033477E-01  6.1256545150E-01  6.1540025562E-01
           HessRho_EigVec2 =  7.6978122434E-01  6.3813777767E-01 -1.4732391479E-02
           HessRho_EigVec3 = -4.0173470554E-01  4.6641584915E-01 -7.8807707873E-01
           DelSqRho = -5.4299178939E+05
           Bond Ellipticity = NA
           V = -1.3576218585E+05
           G =  7.1192502853E+00
           K =  1.3575506660E+05
           L =  1.3574794735E+05
           Vnuc =  4.5578017374E+06
           Ven = -5.4404957544E+08
           Vrep =  5.4391381326E+08
           DelSqV =  4.6010256106E+09
           DelSqVen =  2.4748488622E+12
           DelSqVrep = -2.4702478202E+12
           DelSqG =  2.0585878349E+08
           DelSqK = -4.8068843941E+09
           Stress_EigVals = -4.5254136928E+04 -4.5254121272E+04 -4.5253927648E+04
           Stress_EigVec1 = -4.4420865039E-01  4.2999698751E-01 -7.8599062695E-01
           Stress_EigVec2 =  7.4305421764E-01  6.6696209578E-01 -5.5063530947E-02
           Stress_EigVec3 = -5.0054880339E-01  6.0849334715E-01  6.1578140757E-01
           -DivStress =  6.7875793229E+02 -1.2760744437E+03 -1.3349880215E+03
           ESP =  -1.4705957967E+01     ESP at Nucleus =  -1.4705957969E+01
           ESPe = -2.9344160198E+01     ESPe at Nucleus = -2.9344158140E+01
           ESPn =  1.4638202231E+01     ESPn at Nucleus =  1.4638200171E+01

CP# 15     Coords =  9.96412811109406E-01 -4.03833656815204E+00  1.76274917656844E+00
           Type = (3,-3) NACP H15
           Rho =  4.2719130929E-01     Rho at Nucleus =  4.2294188722E-01
           GradRho =  2.3015254909E-10  6.2340036291E-11 -4.8371797006E-11
           HessRho_EigVals = -8.3636995661E+00 -8.3566792564E+00 -7.5579306051E+00
           HessRho_EigVec1 = -3.1723159216E-01  9.0410678454E-01 -2.8627790535E-01
           HessRho_EigVec2 =  1.1137217158E-01  3.3529827318E-01  9.3550590987E-01
           HessRho_EigVec3 =  9.4178572740E-01  2.6488863726E-01 -2.0705954098E-01
           DelSqRho = -2.4278309428E+01
           Bond Ellipticity = NA
           V = -6.0803487944E+00
           G =  5.3857187731E-03
           K =  6.0749630757E+00
           L =  6.0695773569E+00
           Vnuc =  4.9628965425E+01
           Ven = -2.1201062719E+01
           Vrep =  1.5120713925E+01
           DelSqV =  1.5502141728E+03
           DelSqVen =  1.2049073796E+03
           DelSqVrep =  3.4530679320E+02
           DelSqG =  1.1545652172E+02
           DelSqK = -1.6656706945E+03
           Stress_EigVals = -2.0943398462E+00 -2.0940600477E+00 -1.8919489006E+00
           Stress_EigVec1 = -2.5315595361E-01  9.6342562304E-01  8.7881351998E-02
           Stress_EigVec2 =  2.2387705885E-01 -3.0032634195E-02  9.7415455827E-01
