AIMSum (Version 17.11.14, Professional)
Copyright (c) 1997-2017 by Todd A. Keith
AIMSum is a component of the AIMAll package ( http://aim.tkgristmill.com )

TP:  64-bit Linux

Much of the Quantum Theory of Atoms in Molecules (QTAIM) is described in the book:
  "Atoms in Molecules - A Quantum Theory"
  R.F.W. Bader, Oxford University Press, Oxford, 1990

For additional references see:  http://aim.tkgristmill.com/references.html

Wfn File:  /home/localuser/Desktop/AIMAll/emimbf4/wfn/320.wfn
Sum File:  /home/localuser/Desktop/AIMAll/emimbf4/wfn/320.sum

SumViz File:  /home/localuser/Desktop/AIMAll/emimbf4/wfn/320.sumviz

Wfn Title:  B3LYP                                                                          
 
Total memory allocated for AIMSum =        1.450 Megabytes

Atomic units (a.u.) used throughout, except where stated otherwise

Model:  Restricted SCF
 
Restricted, closed-shell, single-determinant wavefunction.
  Number of electrons (from MO Occs)                   =         102.0000000000
  Number of Alpha electrons (from MO Occs)             =          51.0000000000
  Number of Beta electrons (from MO Occs)              =          51.0000000000
  Number of electron pairs (N*(N-1)/2)                 =        5151.0000000000
  Number of electron pairs (from Muller 2EDM)          =        5151.0000000000
 
Nuclear Charges and Cartesian Coordinates:
-------------------------------------------------------------------------------
Atom      Charge                X                  Y                  Z
-------------------------------------------------------------------------------
C1         6.0          -1.9346698700E+00   7.1726228000E-01  -2.1350665900E+00
C2         6.0          -2.3773525700E+00  -1.8051548800E+00  -2.3030786900E+00
N3         7.0          -2.7397767100E+00   1.4904441600E+00   2.1824994000E-01
N4         7.0          -3.3817590600E+00  -2.5552515600E+00  -1.4217540000E-02
C5         6.0          -3.5498444300E+00  -5.3392754000E-01   1.4880914800E+00
C6         6.0          -3.7238956000E+00  -5.1748997400E+00   7.8564769000E-01
H7         1.0          -4.6832527400E+00  -6.2261232000E+00  -7.0137969000E-01
H8         1.0          -4.8674516400E+00  -5.2177712400E+00   2.4953958100E+00
H9         1.0          -1.8730272100E+00  -5.9988743400E+00   1.1646433800E+00
C10        6.0          -2.1661793800E+00   3.9490762300E+00   1.4209136900E+00
H11        1.0          -4.1448639000E+00  -5.5133125000E-01   3.4314702000E+00
H12        1.0          -1.0358289100E+00   1.9764084300E+00  -3.4440743600E+00
H13        1.0          -1.9232153900E+00  -3.1320097900E+00  -3.7720600900E+00
C14        6.0          -2.0414950800E+00   6.0994554400E+00  -4.7628683000E-01
H15        1.0          -3.4677398000E-01   3.7132049500E+00   2.3596677900E+00
H16        1.0          -3.6399128700E+00   4.2738404400E+00   2.8274912600E+00
H17        1.0          -4.2676232000E-01   5.8641692900E+00  -1.7352290900E+00
H18        1.0          -1.7721477000E+00   7.8683260300E+00   5.5076840000E-01
H19        1.0          -3.7773173400E+00   6.2529627200E+00  -1.5847932800E+00
B20        5.0           3.5669239800E+00  -3.9803890000E-01   1.1354784000E-01
F21        9.0           3.3050747000E+00  -1.9300906000E+00  -2.0511765500E+00
F22        9.0           1.7168927800E+00  -1.1962350500E+00   1.9430304900E+00
F23        9.0           5.9685545700E+00  -5.3080988000E-01   1.1269906600E+00
F24        9.0           2.9414752600E+00   2.1506467900E+00  -5.4902447000E-01
 
Some Atomic Properties:
----------------------
  q(A) = Net Charge of Atom A
  L(A) = Lagrangian of Atom A = -(1/4) Times Atomic Integral of the Laplacian of the Electron Density
  K(A) = Electronic Kinetic Energy of Atom A (Hamiltonian Form)
  K_Scaled(A) = K(A) * E(Mol)/K(Mol) = Approximation to Virial-Based Total Energy of Atom A.
  |Mu_Intra(A)| = Magnitude of Intraatomic Dipole Moment of Atom A
--------------------------------------------------------------------------------------------------
Atom A          q(A)              L(A)              K(A)          K_Scaled(A)      |Mu_Intra(A)|
--------------------------------------------------------------------------------------------------
C1        5.6745115910E-01  2.5783628781E-05  3.7465286355E+01 -3.7503621211E+01  7.8862026951E-01
C2        5.3322986650E-01 -1.5804928904E-05  3.7469614716E+01 -3.7507954000E+01  7.8126452625E-01
N3       -1.5460098232E+00  2.4019110079E-04  5.5394133090E+01 -5.5450812921E+01  1.8889614438E-01
N4       -1.5610122292E+00 -4.5782684770E-05  5.5400835604E+01 -5.5457522293E+01  1.7409416393E-01
C5        1.3566044659E+00  3.7573634093E-04  3.6958287181E+01 -3.6996103270E+01  8.8160550492E-01
C6        5.2993823820E-01 -1.3145720363E-04  3.7433372361E+01 -3.7471674562E+01  6.1711069485E-01
H7        2.4729163350E-02  2.3727454317E-05  6.1235551410E-01 -6.1298208239E-01  1.2161993313E-01
H8        1.5145283840E-02  2.5394688326E-05  6.1623534504E-01 -6.1686588321E-01  1.2034656028E-01
H9        6.6879226200E-02  3.3572762630E-05  5.9429054768E-01 -5.9489863171E-01  1.2011797785E-01
C10       4.7228097550E-01 -4.6517946201E-04  3.7476553432E+01 -3.7514899816E+01  6.1123713443E-01
H11       1.2501852905E-01  1.8801645675E-05  5.6678344282E-01 -5.6736338130E-01  1.1341063898E-01
H12       1.2899995115E-01 -4.6643821222E-06  5.6815728397E-01 -5.6873862819E-01  1.1152364307E-01
H13       1.0603498656E-01  2.3796606762E-05  5.7273527231E-01 -5.7332130077E-01  1.1607623062E-01
C14       1.4432450520E-01 -3.9462779484E-04  3.7683406732E+01 -3.7721964770E+01  1.1452820477E-01
H15       8.7004491830E-02 -1.4275629264E-05  5.9430414922E-01 -5.9491224717E-01  1.1754518925E-01
H16      -1.8894637600E-02  2.6073272463E-05  6.3712785035E-01 -6.3777976593E-01  1.2302581261E-01
H17       1.7173350600E-02  2.2915270844E-05  6.1439999629E-01 -6.1502865651E-01  1.1559062214E-01
H18      -9.1981597000E-03  2.2057385661E-05  6.2010608466E-01 -6.2074058340E-01  1.2470552625E-01
H19      -3.2418717000E-02  2.1634058161E-05  6.3001284892E-01 -6.3065748437E-01  1.2745910037E-01
B20       2.5171211593E+00 -3.2188042086E-04  2.3292852586E+01 -2.3316686066E+01  3.4529196789E-03
F21      -8.8207790170E-01  4.2305797767E-06  9.9849433468E+01 -9.9951600407E+01  2.8911001005E-01
F22      -8.8883436110E-01  6.8245284332E-05  9.9836863716E+01 -9.9939017793E+01  2.4665869270E-01
F23      -8.6777423500E-01  2.2904412277E-05  9.9861686538E+01 -9.9963866014E+01  3.2915726941E-01
F24      -8.8622310210E-01  2.2535968435E-05  9.9844030464E+01 -9.9946191874E+01  2.6326934854E-01
--------------------------------------------------------------------------------------------------
Total    -5.0781432000E-04 -4.1607204624E-04  7.6459286458E+02 -7.6537520364E+02
 
1st Largest |L(A)| = 4.6517946201E-04, atom C10     
2nd Largest |L(A)| = 3.9462779484E-04, atom C14     
 
Molecular charge q(Mol) from the wfn file:   0.0000000000E+00
Molecular energy E(Mol) from the wfn file:  -7.6756656837E+02
Molecular virial ratio (-V(Mol)/T(Mol)) from the wfn file:   2.0010232100E+00
Note.  K_Scaled(A) = (1+V(Mol)/T(Mol))*K(A) = (E(Mol)/T(Mol))*K(A)
       Only use K_Scaled(A) data with caution.
 
N_AIMInt(SumA)     =        102.000508
N_Analytic(Mol)    =        102.000000
 
G_AIMInt(SumA)     =        764.593281
G_Analytic(Mol)    =        764.593042
 
K_AIMInt(SumA)     =        764.592865
K_Analytic(Mol)    =        764.593042
 
L_AIMInt(SumA)     =         -0.000416
L_Analytic(Mol)    =          0.000000
 
VenT_AIMInt(SumA)  =      -3612.387078
VenT_Analytic(Mol) =      -3612.379064
 
Some Information About the Atomic Calculations:
----------------------------------------------
  Time(sec) = "Elapsed User Time", in Seconds, for Atom A by AIMInt and, if used, by TWOe
  NProc = Number of Processors Used for AIMInt Job
  BIM = Basin Integration Method
  OAQ = Angular Quadrature Outside of Beta Sphere
  ORQ = Multiple of Default for Radial Quadrature Outside of Beta Sphere
  IAQ = Multiple of Default for Angular Quadrature Inside of Beta Sphere
  IRQ = Multiple of Default for Radial Quadrature Inside of Beta Sphere
  MIR = Maximum Integration Radius
------------------------------------------------------------------------------------------------------
Atom A     Time(sec)   NProc      BIM          OAQ                     ORQ      IAQ      IRQ      MIR
------------------------------------------------------------------------------------------------------
C1            240        4     Proaim(5)    4500(GS4)                  1.00     1.00     1.00    13.00
C2            112        4     Proaim(5)    4500(GS4)                  1.00     1.00     1.00    13.00
N3            158        4    Promega(1)    4500(GS4)                  1.00     1.00     1.00    13.00
N4             93        4     Proaim(5)    4500(GS4)                  1.00     1.00     1.00    13.00
C5            678        4    Promega(5)    4500(GS4)                  1.00     1.00     1.00    13.00
C6             45        4     Proaim(5)    4500(GS4)                  1.00     1.00     1.00    13.00
H7             10        4     Proaim(5)    1800(GS4)                  1.00     1.00     1.00    13.00
H8              9        4     Proaim(5)    1800(GS4)                  1.00     1.00     1.00    13.00
H9             12        4     Proaim(5)    1800(GS4)                  1.00     1.00     1.00    13.00
C10            66        4     Proaim(5)    4500(GS4)                  1.00     1.00     1.00    13.00
H11            10        4     Proaim(5)    1800(GS4)                  1.00     1.00     1.00    13.00
H12            15        4     Proaim(5)    1800(GS4)                  1.00     1.00     1.00    13.00
H13            11        4     Proaim(5)    1800(GS4)                  1.00     1.00     1.00    13.00
C14            48        4     Proaim(5)    4500(GS4)                  1.00     1.00     1.00    13.00
H15            24        4     Proaim(5)    4500(GS4)                  1.00     1.00     1.00    13.00
H16            11        4     Proaim(5)    1800(GS4)                  1.00     1.00     1.00    13.00
H17            23        4     Proaim(5)    4500(GS4)                  1.00     1.00     1.00    13.00
H18            11        4     Proaim(5)    1800(GS4)                  1.00     1.00     1.00    13.00
H19            11        4     Proaim(5)    1800(GS4)                  1.00     1.00     1.00    13.00
B20            67        4     Proaim(5)    7200(GS7)                  1.00     1.00     1.00    13.00
F21            41        4     Proaim(5)    4500(GS4)                  1.00     1.00     1.00    13.00
F22           159        4    Promega(1)    4500(GS4)                  1.00     1.00     1.00    13.00
F23            22        4     Proaim(5)    2700(GS4)                  1.00     1.00     1.00    13.00
F24            48        4     Proaim(5)    4500(GS4)                  1.00     1.00     1.00    13.00
------------------------------------------------------------------------------------------------------
Total        1924
Note:  Total wall clock time is less than total of atomic times if more than one atom
       was calculated at a time
 
Electron Density Critical Point Analysis of Molecular Structure:               
---------------------------------------------------------------                
  NACP = Nuclear Attractor Critical Point                                      
  NNACP = Non-Nuclear Attractor Critical Point                                 
  BCP = Bond Critical Point                                                    
  RCP = Ring Critical Point                                                    
  CCP = Cage Critical Point                                                    
  Rho = Electron Density                                                       
  GradRho = Gradient of Electron Density                                       
  HessRho_EigVals = Eigenvalues of the Hessian of Rho, Ascending Order         
  HessRho_EigVecs = Eigenvectors of the Hessian of Rho                         
  DelSqRho = Laplacian of Rho = Trace of Hessian of Rho                        
  Bond Ellipticity = (HessRho_EigVal(1) / HessRho_EigVal(2)) - 1               
  V = Virial Field = Potential Energy Density = Trace of Stress Tensor         
  G = Lagrangian Form of Kinetic Energy Density                                
  K = Hamiltonian Form of Kinetic Energy Density                               
  L = K - G = Lagrangian Density = (-1/4)DelSqRho                              
  Vnuc = Electrostatic Potential from Nuclei                                   
  Ven = Electron-nuclear attractive contribution to Virial Field V             
  Vrep = V - Ven = Repulsive contribution to Virial Field V                    
  DelSqV = Laplacian of V                                                      
  DelSqVen = Laplacian of Ven                                                  
  DelSqVrep = Laplacian of Vrep                                                
  DelSqG = Laplacian of G                                                      
  DelSqK = Laplacian of K                                                      
  Stress_EigVals = Eigenvalues of Stress Tensor, Ascending Order               
  Stress_EigVecs = Eigenvectors of Stress Tensor                               
  -DivStress = Ehrenfest Force Density = Minus Divergence of Stress Tensor     
  ESP = Total Electrostatic Potential                                          
  ESPe = Electrostatic Potential from Electrons                                
  ESPn = Electrostatic Potential from Nuclei                                   
  BP = Bond Path                                                               
  BPL = Bond Path Length                                                       
  GBL = Geometric Bond Length                                                  
  GBL_I = Distance Between Nuclear Attractors                                  
  GBL_II = Distance Between Nuclei                                             
  GBL_III = Sum of Distances Between BCP and Nuclear Attractors                
  GBL_IV = Sum of Distances Between BCP and Nuclei                             

CP# 1      Coords = -1.93467271640915E+00  7.17264857627197E-01 -2.13506215429803E+00
           Type = (3,-3) NACP C1
           Rho =  1.1952345542E+02     Rho at Nucleus =  1.1952345230E+02
           GradRho = -1.0964909536E-11 -9.3994395600E-12 -4.8802004105E-12
           HessRho_EigVals = -1.8124054700E+05 -1.8124049541E+05 -1.8123785721E+05
           HessRho_EigVec1 = -3.2926612565E-01  4.3068033551E-01  8.4029653522E-01
           HessRho_EigVec2 =  8.9772486104E-01 -1.3307856317E-01  4.1997639206E-01
           HessRho_EigVec3 =  2.9270102898E-01  8.9263908980E-01 -3.4281418144E-01
           DelSqRho = -5.4371889962E+05
           Bond Ellipticity = NA
           V = -1.3594383416E+05
           G =  7.0546287666E+00
           K =  1.3593677954E+05
           L =  1.3592972491E+05
           Vnuc =  1.0226897073E+06
           Ven = -1.2223540763E+08
           Vrep =  1.2209946380E+08
           DelSqV =  4.6071612705E+09
           DelSqVen =  5.5605572147E+11
           DelSqVrep = -5.5144856020E+11
           DelSqG =  2.0613964775E+08
           DelSqK = -4.8133009182E+09
           Stress_EigVals = -4.5315216110E+04 -4.5314420691E+04 -4.5314197363E+04
           Stress_EigVec1 =  3.0623307215E-01  8.8865326696E-01 -3.4134539201E-01
           Stress_EigVec2 = -2.4858582118E-01  4.2078057656E-01  8.7243841955E-01
           Stress_EigVec3 =  9.1892676261E-01 -1.8231587290E-01  3.4976353077E-01
           -DivStress =  4.2660707486E+03 -3.8647401548E+03 -6.6476233469E+03
           ESP =  -1.4656541796E+01     ESP at Nucleus =  -1.4656541881E+01
           ESPe = -3.4751402335E+01     ESPe at Nucleus = -3.4751396215E+01
           ESPn =  2.0094860539E+01     ESPn at Nucleus =  2.0094854334E+01

CP# 2      Coords = -2.37735573835946E+00 -1.80515751574716E+00 -2.30307455559972E+00
           Type = (3,-3) NACP C2
           Rho =  1.1950109889E+02     Rho at Nucleus =  1.1950109581E+02
           GradRho =  1.1454608095E-11  1.4035040491E-12  2.3099936894E-11
           HessRho_EigVals = -1.8120648871E+05 -1.8120590937E+05 -1.8120381960E+05
           HessRho_EigVec1 =  3.9724081689E-01  3.7506530345E-01 -8.3757134116E-01
           HessRho_EigVec2 =  9.1722121636E-01 -1.9218054965E-01  3.4895827343E-01
           HessRho_EigVec3 =  3.0082779995E-02  9.0685867393E-01  4.2035981238E-01
           DelSqRho = -5.4361621768E+05
           Bond Ellipticity = NA
           V = -1.3591820487E+05
           G =  7.0752262498E+00
           K =  1.3591112965E+05
           L =  1.3590405442E+05
           Vnuc =  1.0278183987E+06
           Ven = -1.2282542811E+08
           Vrep =  1.2268950991E+08
           DelSqV =  4.6062956878E+09
           DelSqVen =  5.5873874790E+11
           DelSqVrep = -5.5413245196E+11
           DelSqG =  2.0610041366E+08
           DelSqK = -4.8123961014E+09
           Stress_EigVals = -4.5306627880E+04 -4.5305829648E+04 -4.5305747346E+04
           Stress_EigVec1 =  9.8747070335E-03  9.0647376871E-01  4.2214665320E-01
           Stress_EigVec2 = -3.7481825111E-01 -3.8803202619E-01  8.4198718831E-01
           Stress_EigVec3 =  9.2704572098E-01 -1.6654264708E-01  3.3593121009E-01
           -DivStress =  4.7486165520E+03  3.9511032563E+03 -6.1945203788E+03
           ESP =  -1.4655932719E+01     ESP at Nucleus =  -1.4655932804E+01
           ESPe = -3.3860306296E+01     ESPe at Nucleus = -3.3860302244E+01
           ESPn =  1.9204373577E+01     ESPn at Nucleus =  1.9204369439E+01

CP# 3      Coords = -2.73977643350040E+00  1.49044246184640E+00  2.18250519055298E-01
           Type = (3,-3) NACP N3
           Rho =  1.9376712794E+02     Rho at Nucleus =  1.9376712727E+02
           GradRho =  1.2037600639E-09 -7.8135323021E-09  2.6643916396E-09
           HessRho_EigVals = -4.0299278982E+05 -4.0299157757E+05 -4.0298640693E+05
           HessRho_EigVec1 = -4.4427764837E-01 -4.9762199359E-01  7.4497632355E-01
           HessRho_EigVec2 =  1.5109864446E-01  7.7801706548E-01  6.0980213632E-01
           HessRho_EigVec3 =  8.8305524787E-01 -3.8348637174E-01  2.7046558356E-01
           DelSqRho = -1.2089707743E+06
           Bond Ellipticity = NA
           V = -3.0229033028E+05
           G =  2.3818348791E+01
           K =  3.0226651193E+05
           L =  3.0224269358E+05
           Vnuc =  3.8560337066E+06
           Ven = -7.4717257655E+08
           Vrep =  7.4687028622E+08
           DelSqV =  1.4117063697E+10
           DelSqVen =  4.6618320241E+12
           DelSqVrep = -4.6477149276E+12
           DelSqG =  6.2869540002E+08
           DelSqK = -1.4745759097E+10
           Stress_EigVals = -1.0076413185E+05 -1.0076325262E+05 -1.0076294581E+05
           Stress_EigVec1 =  8.6648050453E-01 -4.3566536485E-01  2.4373597425E-01
           Stress_EigVec2 =  2.2325246681E-01  7.7487185377E-01  5.9138138819E-01
           Stress_EigVec3 = -4.4650853445E-01 -4.5800578611E-01  7.6867472221E-01
           -DivStress = -1.2671379045E+03  7.7989695562E+03 -2.6596590831E+03
           ESP =  -1.8233409732E+01     ESP at Nucleus =  -1.8233409743E+01
           ESPe = -3.8653962376E+01     ESPe at Nucleus = -3.8653960411E+01
           ESPn =  2.0420552644E+01     ESPn at Nucleus =  2.0420550668E+01

CP# 4      Coords = -3.38175890086518E+00 -2.55525106172429E+00 -1.42167404009516E-02
           Type = (3,-3) NACP N4
           Rho =  1.9372993898E+02     Rho at Nucleus =  1.9372993880E+02
           GradRho =  1.9202868635E-10  6.9610268483E-10  1.0173401583E-09
           HessRho_EigVals = -4.0291410557E+05 -4.0291341576E+05 -4.0290748528E+05
           HessRho_EigVec1 = -1.9673238530E-01  7.6725592621E-01  6.1042174950E-01
           HessRho_EigVec2 = -2.2462780719E-01 -6.4130041464E-01  7.3367303782E-01
           HessRho_EigVec3 =  9.5437870723E-01  7.2195477075E-03  2.9851157652E-01
           DelSqRho = -1.2087350066E+06
           Bond Ellipticity = NA
           V = -3.0223150687E+05
           G =  2.3877607773E+01
           K =  3.0220762926E+05
           L =  3.0218375165E+05
           Vnuc =  7.3261029346E+06
           Ven = -1.4192854745E+09
           Vrep =  1.4189832430E+09
           DelSqV =  1.4114325662E+10
           DelSqVen =  8.8553168568E+12
           DelSqVrep = -8.8412022690E+12
           DelSqG =  6.2857107126E+08
           DelSqK = -1.4742896733E+10
           Stress_EigVals = -1.0074459726E+05 -1.0074353430E+05 -1.0074337531E+05
           Stress_EigVec1 =  9.5670699221E-01  4.5982642000E-02  2.8739750815E-01
           Stress_EigVec2 =  1.5837935454E-01  7.4619619569E-01 -6.4661210752E-01
           Stress_EigVec3 = -2.4418786028E-01  6.6413615635E-01  7.0660841682E-01
           -DivStress = -7.2803074190E+02 -2.2886350351E+03 -3.6723557915E+03
           ESP =  -1.8224233480E+01     ESP at Nucleus =  -1.8224233483E+01
           ESPe = -3.7436909228E+01     ESPe at Nucleus = -3.7436908415E+01
           ESPn =  1.9212675748E+01     ESPn at Nucleus =  1.9212674933E+01

CP# 5      Coords = -3.54984448515214E+00 -5.33927611954874E-01  1.48808800987499E+00
           Type = (3,-3) NACP C5
           Rho =  1.1954351261E+02     Rho at Nucleus =  1.1954351151E+02
           GradRho = -2.7161675686E-11 -5.4126980675E-12  4.1247040505E-12
           HessRho_EigVals = -1.8127313526E+05 -1.8127197666E+05 -1.8127046996E+05
           HessRho_EigVec1 =  9.0913200621E-01 -2.0991576593E-01  3.5974208330E-01
           HessRho_EigVec2 =  1.8147058951E-01  9.7705269013E-01  1.1151890357E-01
           HessRho_EigVec3 = -3.7489654630E-01 -3.6102796602E-02  9.2636341014E-01
           DelSqRho = -5.4381558188E+05
           Bond Ellipticity = NA
           V = -1.3596771930E+05
           G =  6.9119129832E+00
           K =  1.3596080738E+05
           L =  1.3595389547E+05
           Vnuc =  1.7284742080E+06
           Ven = -2.0662787828E+08
           Vrep =  2.0649191056E+08
           DelSqV =  4.6079754555E+09
           DelSqVen =  9.3997121126E+11
           DelSqVrep = -9.3536323171E+11
           DelSqG =  2.0617793060E+08
           DelSqK = -4.8141533861E+09
           Stress_EigVals = -4.5323043372E+04 -4.5322638118E+04 -4.5322037805E+04
           Stress_EigVec1 = -3.5898247648E-01 -4.1168182671E-02  9.3243592934E-01
           Stress_EigVec2 =  1.6107962446E-01  9.8130359112E-01  1.0534047960E-01
           Stress_EigVec3 =  9.1933940205E-01 -1.8801181557E-01  3.4563943791E-01
           -DivStress =  8.3767511326E+01  1.0788130747E+02  5.2016130768E+03
           ESP =  -1.4580430356E+01     ESP at Nucleus =  -1.4580430375E+01
           ESPe = -3.4237738727E+01     ESPe at Nucleus = -3.4237732504E+01
           ESPn =  1.9657308371E+01     ESPn at Nucleus =  1.9657302129E+01

CP# 6      Coords = -3.72389558838874E+00 -5.17489330139346E+00  7.85645866336007E-01
           Type = (3,-3) NACP C6
           Rho =  1.1937220642E+02     Rho at Nucleus =  1.1937220237E+02
           GradRho =  2.8760086110E-11  9.9993289473E-12  2.2386929008E-12
           HessRho_EigVals = -1.8101066591E+05 -1.8100745143E+05 -1.8100725573E+05
           HessRho_EigVec1 =  1.3740904316E-01  9.4506986236E-01 -2.9658339488E-01
           HessRho_EigVec2 = -1.2691361829E-01  3.1375393582E-01  9.4098427258E-01
           HessRho_EigVec3 =  9.8235008441E-01 -9.1659276752E-02  1.6305486388E-01
           DelSqRho = -5.4302537307E+05
           Bond Ellipticity = NA
           V = -1.3577032266E+05
           G =  6.9896957886E+00
           K =  1.3576333296E+05
           L =  1.3575634327E+05
           Vnuc =  8.9662148293E+05
           Ven = -1.0703168474E+08
           Vrep =  1.0689591442E+08
           DelSqV =  4.6013078959E+09
           DelSqVen =  4.8688821478E+11
           DelSqVrep = -4.8228690714E+11
           DelSqG =  2.0587430639E+08
           DelSqK = -4.8071822023E+09
           Stress_EigVals = -4.5257094293E+04 -4.5257045286E+04 -4.5256183079E+04
           Stress_EigVec1 =  9.8201418434E-01 -8.5291891271E-02  1.6844416003E-01
           Stress_EigVec2 = -1.3394913499E-01  3.1402477850E-01  9.3991811756E-01
           Stress_EigVec3 =  1.3306303393E-01  9.4557587309E-01 -2.9695201166E-01
           -DivStress = -1.6790280073E+01 -9.6366729903E+03  2.7294553335E+03
           ESP =  -1.4636890880E+01     ESP at Nucleus =  -1.4636890976E+01
           ESPe = -2.9912396925E+01     ESPe at Nucleus = -2.9912384115E+01
           ESPn =  1.5275506046E+01     ESPn at Nucleus =  1.5275493139E+01

CP# 7      Coords = -4.66876298802678E+00 -6.20970480591537E+00 -6.79328679252432E-01
           Type = (3,-3) NACP H7
           Rho =  4.3171966039E-01     Rho at Nucleus =  4.2785999558E-01
           GradRho =  3.3013992514E-09  3.7385666252E-09  5.0266826384E-09
           HessRho_EigVals = -8.4566406099E+00 -8.4489860056E+00 -7.7070297490E+00
           HessRho_EigVec1 =  1.4916769945E-01 -8.3913036116E-01  5.2307670032E-01
           HessRho_EigVec2 =  8.7218812659E-01 -1.3757527296E-01 -4.6942615618E-01
           HessRho_EigVec3 =  4.6587215980E-01  5.2624450709E-01  7.1135775070E-01
           DelSqRho = -2.4612656364E+01
           Bond Ellipticity = NA
           V = -6.1641093792E+00
           G =  5.4726440473E-03
           K =  6.1586367352E+00
           L =  6.1531640911E+00
           Vnuc =  4.7258725358E+01
           Ven = -2.0402520862E+01
           Vrep =  1.4238411483E+01
           DelSqV =  1.5773419770E+03
           DelSqVen =  1.1631627821E+03
           DelSqVrep =  4.1417919492E+02
           DelSqG =  1.1737016318E+02
           DelSqK = -1.6947121402E+03
           Stress_EigVals = -2.1179146086E+00 -2.1173747086E+00 -1.9288200620E+00
           Stress_EigVec1 =  8.0976130668E-01 -5.7799259128E-01 -1.0105043607E-01
           Stress_EigVec2 =  3.5737630567E-01  6.2241971484E-01 -6.9633029140E-01
           Stress_EigVec3 =  4.6536953312E-01  5.2774829512E-01  7.1057225857E-01
           -DivStress = -7.4664301231E+00 -8.4612177171E+00 -1.1364902873E+01
           ESP =  -1.0521947234E+00     ESP at Nucleus =  -1.0535730801E+00
           ESPe = -1.6132510736E+01     ESPe at Nucleus = -1.6050209259E+01
           ESPn =  1.5080316013E+01     ESPn at Nucleus =  1.4996636179E+01

CP# 8      Coords = -4.85031990256141E+00 -5.21606056624175E+00  2.46968473144308E+00
           Type = (3,-3) NACP H8
           Rho =  4.3221951401E-01     Rho at Nucleus =  4.2838835684E-01
           GradRho =  5.0123140772E-15 -1.2038574347E-15 -8.3601516619E-15
           HessRho_EigVals = -8.4620105038E+00 -8.4553529416E+00 -7.7188073640E+00
           HessRho_EigVec1 = -1.5190492999E-01  9.8736825388E-01 -4.5042462934E-02
           HessRho_EigVec2 =  8.1858429417E-01  1.5121622456E-01  5.5412399944E-01
           HessRho_EigVec3 = -5.5393559696E-01 -4.7303114613E-02  8.3121463520E-01
           DelSqRho = -2.4636170809E+01
           Bond Ellipticity = NA
           V = -6.1702039537E+00
           G =  5.5806256799E-03
           K =  6.1646233280E+00
           L =  6.1590427023E+00
           Vnuc =  4.7658560455E+01
           Ven = -2.0598959839E+01
           Vrep =  1.4428755885E+01
           DelSqV =  1.5791933320E+03
           DelSqVen =  1.1741244359E+03
           DelSqVrep =  4.0506889611E+02
           DelSqG =  1.1745849697E+02
           DelSqK = -1.6966518290E+03
           Stress_EigVals = -2.1195430697E+00 -2.1189083655E+00 -1.9317525185E+00
           Stress_EigVec1 =  8.2511914501E-01 -1.6794047545E-01  5.3942042346E-01
           Stress_EigVec2 =  1.1313674190E-01  9.8457343524E-01  1.3347369871E-01
           Stress_EigVec3 = -5.5351465579E-01 -4.9103434935E-02  8.3139062931E-01
           -DivStress = -8.8363092422E+00 -8.7983998286E-01  1.3262589357E+01
           ESP =  -1.0467651967E+00     ESP at Nucleus =  -1.0481395300E+00
           ESPe = -1.6388060481E+01     ESPe at Nucleus = -1.6308113861E+01
           ESPn =  1.5341295284E+01     ESPn at Nucleus =  1.5259974332E+01

CP# 9      Coords = -1.90156323479194E+00 -5.98627978508112E+00  1.15869021359291E+00
           Type = (3,-3) NACP H9
           Rho =  4.2729850200E-01     Rho at Nucleus =  4.2331366506E-01
           GradRho = -1.0021128892E-13  4.4372274952E-14 -2.0253052436E-14
           HessRho_EigVals = -8.3758975195E+00 -8.3674845331E+00 -7.6079093873E+00
           HessRho_EigVec1 =  4.3659790871E-01  8.7681264630E-01 -2.0144937180E-01
           HessRho_EigVec2 = -8.3432707684E-02  2.6241433774E-01  9.6134161391E-01
           HessRho_EigVec3 =  8.9577968798E-01 -4.0291227164E-01  1.8772440429E-01
           DelSqRho = -2.4351291440E+01
           Bond Ellipticity = NA
           V = -6.0983570615E+00
           G =  5.2671007838E-03
           K =  6.0930899608E+00
           L =  6.0878228600E+00
           Vnuc =  4.7899679193E+01
           Ven = -2.0467461165E+01
           Vrep =  1.4369104104E+01
           DelSqV =  1.5586719960E+03
           DelSqVen =  1.1664190479E+03
           DelSqVrep =  3.9225294811E+02
           DelSqG =  1.1608923966E+02
           DelSqK = -1.6747612357E+03
           Stress_EigVals = -2.0972648519E+00 -2.0970485888E+00 -1.9040436209E+00
           Stress_EigVec1 =  3.7243083522E-01  9.1019856849E-01  1.8120110070E-01
           Stress_EigVec2 = -2.4417112303E-01 -9.2268299265E-02  9.6533259741E-01
           Stress_EigVec3 =  8.9536346567E-01 -4.0376370178E-01  1.8788064689E-01
           -DivStress =  1.4551794222E+01 -6.4257440759E+00  3.0362478681E+00
           ESP =  -1.0610417316E+00     ESP at Nucleus =  -1.0624546131E+00
           ESPe = -1.7469424939E+01     ESPe at Nucleus = -1.7403124774E+01
           ESPn =  1.6408383208E+01     ESPn at Nucleus =  1.6340670161E+01

CP# 10     Coords = -2.16618222753980E+00  3.94907048626774E+00  1.42091012641153E+00
           Type = (3,-3) NACP C10
           Rho =  1.1938822475E+02     Rho at Nucleus =  1.1938821988E+02
           GradRho =  2.3733695781E-11  1.7097711864E-11 -4.3641656044E-12
           HessRho_EigVals = -1.8103881193E+05 -1.8103545498E+05 -1.8103484613E+05
           HessRho_EigVec1 =  1.7508270317E-01  8.7266560291E-01  4.5585172210E-01
           HessRho_EigVec2 = -3.9071022820E-01 -3.6340130665E-01  8.4574523818E-01
           HessRho_EigVec3 =  9.0370988964E-01 -3.2618129286E-01  2.7733409375E-01
           DelSqRho = -5.4310911304E+05
           Bond Ellipticity = NA
           V = -1.3579102231E+05
           G =  6.8720264631E+00
           K =  1.3578415029E+05
           L =  1.3577727826E+05
           Vnuc =  8.1804502543E+05
           Ven = -9.7664943353E+07
           Vrep =  9.7529152331E+07
           DelSqV =  4.6020155318E+09
           DelSqVen =  4.4428770925E+11
           DelSqVrep = -4.3968569372E+11
           DelSqG =  2.0590990702E+08
           DelSqK = -4.8079254389E+09
           Stress_EigVals = -4.5264081331E+04 -4.5263931547E+04 -4.5263009435E+04
           Stress_EigVec1 =  8.9648879747E-01 -3.3880524626E-01  2.8551504534E-01
           Stress_EigVec2 = -4.0433238611E-01 -3.6209821122E-01  8.3988106716E-01
           Stress_EigVec3 =  1.8117162460E-01  8.6838694747E-01  4.6160692359E-01
           -DivStress =  4.2639056443E+03  8.5995694653E+03  5.3327012860E+03
           ESP =  -1.4649007683E+01     ESP at Nucleus =  -1.4649007803E+01
           ESPe = -3.2450647265E+01     ESPe at Nucleus = -3.2450636343E+01
           ESPn =  1.7801639582E+01     ESPn at Nucleus =  1.7801628541E+01

CP# 11     Coords = -4.13524480470597E+00 -5.51058720315205E-01  3.39855221949107E+00
           Type = (3,-3) NACP H11
           Rho =  4.2404877019E-01     Rho at Nucleus =  4.1947208838E-01
           GradRho =  8.4784609888E-16  2.4665599424E-18  1.5425486409E-16
           HessRho_EigVals = -8.2863620250E+00 -8.2741991495E+00 -7.4419483459E+00
           HessRho_EigVec1 =  1.4882046435E-01  9.8747125686E-01  5.2468907590E-02
           HessRho_EigVec2 =  9.4730663128E-01 -1.5758575852E-01  2.7888505705E-01
           HessRho_EigVec3 = -2.8365933040E-01 -8.2003404070E-03  9.5889005558E-01
           DelSqRho = -2.4002509520E+01
           Bond Ellipticity = NA
           V = -6.0102442204E+00
           G =  4.8084201494E-03
           K =  6.0054358002E+00
           L =  6.0006273801E+00
           Vnuc =  4.7062343289E+01
           Ven = -1.9956728794E+01
           Vrep =  1.3946484574E+01
           DelSqV =  1.5275522063E+03
           DelSqVen =  1.1296143429E+03
           DelSqVrep =  3.9793786348E+02
           DelSqG =  1.1368685580E+02
           DelSqK = -1.6412390621E+03
           Stress_EigVals = -2.0742940863E+00 -2.0742243786E+00 -1.8617257555E+00
           Stress_EigVec1 =  9.4678536911E-01  1.5626388057E-01  2.8138774755E-01
           Stress_EigVec2 = -1.5214382423E-01  9.8768143759E-01 -3.6573687083E-02
           Stress_EigVec3 = -2.8363660129E-01 -8.1839761789E-03  9.5889691883E-01
           -DivStress = -4.8349383342E+00 -1.3684978359E-01  1.6542136997E+01
           ESP =  -9.8618807715E-01     ESP at Nucleus =  -9.8789708314E-01
           ESPe = -1.8890352915E+01     ESPe at Nucleus = -1.8780530471E+01
           ESPn =  1.7904164838E+01     ESPn at Nucleus =  1.7792633388E+01

CP# 12     Coords = -1.05189256606251E+00  1.95580976869298E+00 -3.42207156310066E+00
           Type = (3,-3) NACP H12
           Rho =  4.2434003693E-01     Rho at Nucleus =  4.1978920674E-01
           GradRho = -1.7336392738E-16  3.3669898467E-16 -1.1744077932E-15
           HessRho_EigVals = -8.3040126255E+00 -8.2932931896E+00 -7.4642890294E+00
           HessRho_EigVec1 =  7.0564481533E-02 -7.5294058186E-01 -6.5429437881E-01
           HessRho_EigVec2 =  8.8412351682E-01 -2.5651783169E-01  3.9054347906E-01
           HessRho_EigVec3 = -4.6189420970E-01 -6.0603554534E-01  6.4759142739E-01
           DelSqRho = -2.4061594844E+01
           Bond Ellipticity = NA
           V = -6.0261042360E+00
           G =  5.3527624283E-03
           K =  6.0207514735E+00
           L =  6.0153987111E+00
           Vnuc =  4.8552139160E+01
           Ven = -2.0602616524E+01
           Vrep =  1.4576512288E+01
           DelSqV =  1.5323114523E+03
           DelSqVen =  1.1682419013E+03
           DelSqVrep =  3.6406955104E+02
           DelSqG =  1.1418991995E+02
           DelSqK = -1.6465013723E+03
           Stress_EigVals = -2.0796813206E+00 -2.0791330520E+00 -1.8672898634E+00
           Stress_EigVec1 =  8.6770382565E-01 -1.5742383973E-01  4.7149528697E-01
           Stress_EigVec2 =  1.8322352209E-01 -7.8044967473E-01 -5.9776872297E-01
           Stress_EigVec3 = -4.6208139100E-01 -6.0507523491E-01  6.4835541811E-01
           -DivStress =  8.0911530181E+00  1.0381072201E+01 -1.1091960271E+01
           ESP =  -1.0428121532E+00     ESP at Nucleus =  -1.0444881285E+00
           ESPe = -2.0315468191E+01     ESPe at Nucleus = -2.0217218220E+01
           ESPn =  1.9272656038E+01     ESPn at Nucleus =  1.9172730092E+01

CP# 13     Coords = -1.93160246433965E+00 -3.11065613882607E+00 -3.74754067763176E+00
           Type = (3,-3) NACP H13
           Rho =  4.2347561626E-01     Rho at Nucleus =  4.1907757371E-01
           GradRho = -1.8917159506E-15  4.5251617124E-15  5.9347058518E-15
           HessRho_EigVals = -8.2903959523E+00 -8.2783051669E+00 -7.4745100307E+00
           HessRho_EigVec1 =  3.4393221633E-01  7.6022067017E-01 -5.5115802019E-01
           HessRho_EigVec2 = -9.0710602527E-01  1.1732701365E-01 -4.0421903812E-01
           HessRho_EigVec3 = -2.4262994350E-01  6.3898271066E-01  7.2995329029E-01
           DelSqRho = -2.4043211150E+01
           Bond Ellipticity = NA
           V = -6.0218999478E+00
           G =  5.5485801831E-03
           K =  6.0163513677E+00
           L =  6.0108027875E+00
           Vnuc =  4.7505448357E+01
           Ven = -2.0117399019E+01
           Vrep =  1.4095499071E+01
           DelSqV =  1.5332486114E+03
           DelSqVen =  1.1421835256E+03
           DelSqVrep =  3.9106508583E+02
           DelSqG =  1.1423603878E+02
           DelSqK = -1.6474846502E+03
           Stress_EigVals = -2.0764810311E+00 -2.0755972289E+00 -1.8698216878E+00
           Stress_EigVec1 =  9.0224379153E-01 -1.2792463452E-01  4.1181479881E-01
           Stress_EigVec2 =  3.5632461681E-01  7.5903257757E-01 -5.4488743208E-01
           Stress_EigVec3 = -2.4287632262E-01  6.3836105307E-01  7.3041512706E-01
           -DivStress =  4.2213151134E+00 -1.0753016013E+01 -1.2350526940E+01
           ESP =  -1.0361029053E+00     ESP at Nucleus =  -1.0377358837E+00
           ESPe = -1.8760687365E+01     ESPe at Nucleus = -1.8657415093E+01
           ESPn =  1.7724584459E+01     ESPn at Nucleus =  1.7619679209E+01

CP# 14     Coords = -2.04149568134828E+00  6.09945434533702E+00 -4.76285558739150E-01
           Type = (3,-3) NACP C14
           Rho =  1.1936139139E+02     Rho at Nucleus =  1.1936139111E+02
           GradRho = -8.7672055076E-10 -1.5419132264E-09  1.8495650814E-09
           HessRho_EigVals = -1.8098985724E+05 -1.8098902960E+05 -1.8098881398E+05
           HessRho_EigVec1 = -3.5904886739E-02  7.5943960214E-01 -6.4958627587E-01
           HessRho_EigVec2 =  7.0778437288E-01  4.7820925096E-01  5.1995883856E-01
           HessRho_EigVec3 =  7.0551549991E-01 -4.4109795170E-01 -5.5468953154E-01
           DelSqRho = -5.4296770082E+05
           Bond Ellipticity = NA
           V = -1.3575618661E+05
           G =  7.1307029999E+00
           K =  1.3574905591E+05
           L =  1.3574192521E+05
           Vnuc =  3.3667602233E+06
           Ven = -4.0186118474E+08
           Vrep =  4.0172542855E+08
           DelSqV =  4.6008228586E+09
           DelSqVen =  1.8280419082E+12
           DelSqVrep = -1.8234410854E+12
           DelSqG =  2.0584964429E+08
           DelSqK = -4.8066725029E+09
           Stress_EigVals = -4.5252170641E+04 -4.5252113908E+04 -4.5251902063E+04
           Stress_EigVec1 =  7.1469612810E-01 -4.3680889638E-01 -5.4626681440E-01
           Stress_EigVec2 =  6.9841484253E-01  4.8785756963E-01  5.2365226963E-01
           Stress_EigVec3 = -3.7764430458E-02  7.5577310073E-01 -6.5374373267E-01
           -DivStress =  9.0011184671E+02  1.6362654257E+03 -1.9003094781E+03
           ESP =  -1.4709819771E+01     ESP at Nucleus =  -1.4709819776E+01
           ESPe = -2.9690783595E+01     ESPe at Nucleus = -2.9690781298E+01
           ESPn =  1.4980963825E+01     ESPn at Nucleus =  1.4980961522E+01

CP# 15     Coords = -3.75573648167258E-01  3.71713057924318E+00  2.34564929446647E+00
           Type = (3,-3) NACP H15
           Rho =  4.2956837744E-01     Rho at Nucleus =  4.2543846539E-01
           GradRho = -1.4861245914E-13  2.0557394762E-14 -7.1534466718E-14
           HessRho_EigVals = -8.4167483295E+00 -8.4099519216E+00 -7.6250815747E+00
           HessRho_EigVec1 = -2.7578677277E-02  9.5347952701E-01  3.0019361776E-01
           HessRho_EigVec2 = -4.5937657722E-01 -2.7880759392E-01  8.4335015614E-01
           HessRho_EigVec3 =  8.8781336826E-01 -1.1464343484E-01  4.4569530622E-01
           DelSqRho = -2.4451781826E+01
           Bond Ellipticity = NA
           V = -6.1235008389E+00
           G =  5.2776912366E-03
           K =  6.1182231477E+00
           L =  6.1129454564E+00
           Vnuc =  5.0132486642E+01
           Ven = -2.1535330944E+01
           Vrep =  1.5411830105E+01
           DelSqV =  1.5632521785E+03
           DelSqVen =  1.2258286258E+03
           DelSqVrep =  3.3742355277E+02
           DelSqG =  1.1645077696E+02
           DelSqK = -1.6797029555E+03
           Stress_EigVals = -2.1076159043E+00 -2.1073762590E+00 -1.9085086756E+00
           Stress_EigVec1 =  3.1406002760E-01  8.5798502696E-01 -4.0648246281E-01
           Stress_EigVec2 = -3.3641641165E-01  5.0093488908E-01  7.9742600590E-01
