AIMSum (Version 17.11.14, Professional)
Copyright (c) 1997-2017 by Todd A. Keith
AIMSum is a component of the AIMAll package ( http://aim.tkgristmill.com )

TP:  64-bit Linux

Much of the Quantum Theory of Atoms in Molecules (QTAIM) is described in the book:
  "Atoms in Molecules - A Quantum Theory"
  R.F.W. Bader, Oxford University Press, Oxford, 1990

For additional references see:  http://aim.tkgristmill.com/references.html

Wfn File:  /home/localuser/Desktop/AIMAll/emimbf4/wfn/330.wfn
Sum File:  /home/localuser/Desktop/AIMAll/emimbf4/wfn/330.sum

SumViz File:  /home/localuser/Desktop/AIMAll/emimbf4/wfn/330.sumviz

Wfn Title:  B3LYP                                                                          
 
Total memory allocated for AIMSum =        1.391 Megabytes

Atomic units (a.u.) used throughout, except where stated otherwise

Model:  Restricted SCF
 
Restricted, closed-shell, single-determinant wavefunction.
  Number of electrons (from MO Occs)                   =         102.0000000000
  Number of Alpha electrons (from MO Occs)             =          51.0000000000
  Number of Beta electrons (from MO Occs)              =          51.0000000000
  Number of electron pairs (N*(N-1)/2)                 =        5151.0000000000
  Number of electron pairs (from Muller 2EDM)          =        5151.0000000000
 
Nuclear Charges and Cartesian Coordinates:
-------------------------------------------------------------------------------
Atom      Charge                X                  Y                  Z
-------------------------------------------------------------------------------
C1         6.0          -2.0273282800E+00   9.1807925000E-01  -2.1512155500E+00
C2         6.0          -2.6746639600E+00  -1.5599865900E+00  -2.3196989300E+00
N3         7.0          -2.7453638500E+00   1.7531951200E+00   2.0778747000E-01
N4         7.0          -3.6721933700E+00  -2.2396142600E+00  -6.0492000000E-03
C5         6.0          -3.6706031000E+00  -2.1138632000E-01   1.4970338900E+00
C6         6.0          -4.2180022100E+00  -4.8279155100E+00   7.8782314000E-01
H7         1.0          -5.2842695700E+00  -5.7840031700E+00  -6.9051939000E-01
H8         1.0          -5.3378814700E+00  -4.7845618400E+00   2.5132874900E+00
H9         1.0          -2.4381103000E+00  -5.8100995300E+00   1.1284821000E+00
C10        6.0          -1.9783371800E+00   4.1640325500E+00   1.4173614000E+00
H11        1.0          -4.2277574700E+00  -1.8715529000E-01   3.4518853800E+00
H12        1.0          -1.0700008100E+00   2.1082564000E+00  -3.4825047100E+00
H13        1.0          -2.3490449200E+00  -2.9147980700E+00  -3.7971724100E+00
C14        6.0          -9.3297231000E-01   6.0576636200E+00  -4.6843527000E-01
H15        1.0          -5.2600467000E-01   3.6571926000E+00   2.7882124500E+00
H16        1.0          -3.6376148700E+00   4.9069569000E+00   2.3940828000E+00
H17        1.0           7.9991320000E-01   5.3409104800E+00  -1.3264955400E+00
H18        1.0          -4.6795137000E-01   7.7932455900E+00   5.4546234000E-01
H19        1.0          -2.3070992100E+00   6.5293574500E+00  -1.9371022500E+00
B20        5.0           3.5530643800E+00  -6.9395101000E-01   1.1802805000E-01
F21        9.0           2.6750948500E+00  -2.9488562900E+00  -1.0290986500E+00
F22        9.0           1.9137783000E+00  -1.5700136000E-01   2.2262505100E+00
F23        9.0           6.0277048700E+00  -9.1272453000E-01   9.1734643000E-01
F24        9.0           3.2702487800E+00   1.3354717600E+00  -1.6343961800E+00
 
Some Atomic Properties:
----------------------
  q(A) = Net Charge of Atom A
  L(A) = Lagrangian of Atom A = -(1/4) Times Atomic Integral of the Laplacian of the Electron Density
  K(A) = Electronic Kinetic Energy of Atom A (Hamiltonian Form)
  K_Scaled(A) = K(A) * E(Mol)/K(Mol) = Approximation to Virial-Based Total Energy of Atom A.
  |Mu_Intra(A)| = Magnitude of Intraatomic Dipole Moment of Atom A
--------------------------------------------------------------------------------------------------
Atom A          q(A)              L(A)              K(A)          K_Scaled(A)      |Mu_Intra(A)|
--------------------------------------------------------------------------------------------------
C1        5.6677236650E-01  1.8855218873E-04  3.7467061789E+01 -3.7506229480E+01  7.8786334283E-01
C2        5.2931838810E-01 -3.9458132366E-04  3.7469865570E+01 -3.7509036192E+01  7.8772651145E-01
N3       -1.5420276130E+00  2.5919017848E-04  5.5386114629E+01 -5.5444014719E+01  1.8293368710E-01
N4       -1.5615043046E+00  1.7569081979E-04  5.5397551513E+01 -5.5455463559E+01  1.7287734385E-01
C5        1.3468863191E+00 -2.0648571525E-04  3.6962370134E+01 -3.7001010226E+01  8.8073846620E-01
C6        5.2614199660E-01 -5.4521209959E-05  3.7435422738E+01 -3.7474557354E+01  6.1752927899E-01
H7        2.6621580900E-02  2.3797765558E-05  6.1159857255E-01 -6.1223793158E-01  1.2147019275E-01
H8        1.5766570890E-02  2.5570499288E-05  6.1591563690E-01 -6.1655950895E-01  1.2031658447E-01
H9        7.0164841990E-02  3.1458023628E-05  5.9282005427E-01 -5.9343978242E-01  1.1898859876E-01
C10       4.5846675290E-01 -4.1046302371E-04  3.7482838296E+01 -3.7522022481E+01  6.1012210032E-01
H11       1.2719410826E-01  1.7492322793E-05  5.6566816535E-01 -5.6625950920E-01  1.1307777833E-01
H12       1.3463746346E-01  2.6640592193E-05  5.6688942249E-01 -5.6748204302E-01  1.1086958151E-01
H13       1.0571011351E-01  2.4308415611E-05  5.7269522052E-01 -5.7329391038E-01  1.1603417895E-01
C14       1.3694859430E-01 -2.0247119679E-04  3.7687632160E+01 -3.7727030433E+01  1.4279095987E-01
H15       7.7475755490E-02  1.1120316484E-05  5.9916356176E-01 -5.9978992136E-01  1.1696604962E-01
H16      -1.5060096200E-02  2.3313068330E-05  6.3521790030E-01 -6.3588195074E-01  1.2421087594E-01
H17       4.8989362160E-02 -3.7577788154E-06  6.0130584758E-01 -6.0193444670E-01  1.0610834179E-01
H18      -9.6812541000E-03  2.2692359935E-05  6.2027054003E-01 -6.2091896465E-01  1.2470531104E-01
H19      -3.6958187800E-02  2.6455224193E-05  6.3245385006E-01 -6.3311501100E-01  1.2664344318E-01
B20       2.5167421486E+00 -4.3796493510E-04  2.3291761846E+01 -2.3316110821E+01  2.0276430836E-03
F21      -8.8252738400E-01  2.0455002370E-05  9.9841187800E+01 -9.9945560779E+01  2.7945592501E-01
F22      -8.8792859730E-01  7.1638219637E-05  9.9833687761E+01 -9.9938052900E+01  2.4713690117E-01
F23      -8.6775937550E-01  1.7498843977E-05  9.9861414045E+01 -9.9965808169E+01  3.2926926400E-01
F24      -8.8511476810E-01 -2.8921323277E-06  9.9843815653E+01 -9.9948191379E+01  2.6966214350E-01
--------------------------------------------------------------------------------------------------
Total    -7.2521784000E-04 -7.4726347462E-04  7.6457472271E+02 -7.6537400147E+02
 
1st Largest |L(A)| = 4.3796493510E-04, atom B20     
2nd Largest |L(A)| = 4.1046302371E-04, atom C10     
 
Molecular charge q(Mol) from the wfn file:   0.0000000000E+00
Molecular energy E(Mol) from the wfn file:  -7.6756455145E+02
Molecular virial ratio (-V(Mol)/T(Mol)) from the wfn file:   2.0010453900E+00
Note.  K_Scaled(A) = (1+V(Mol)/T(Mol))*K(A) = (E(Mol)/T(Mol))*K(A)
       Only use K_Scaled(A) data with caution.
 
N_AIMInt(SumA)     =        102.000725
N_Analytic(Mol)    =        102.000000
 
G_AIMInt(SumA)     =        764.575470
G_Analytic(Mol)    =        764.574687
 
K_AIMInt(SumA)     =        764.574723
K_Analytic(Mol)    =        764.574687
 
L_AIMInt(SumA)     =         -0.000747
L_Analytic(Mol)    =          0.000000
 
VenT_AIMInt(SumA)  =      -3604.100308
VenT_Analytic(Mol) =      -3604.086506
 
Some Information About the Atomic Calculations:
----------------------------------------------
  Time(sec) = "Elapsed User Time", in Seconds, for Atom A by AIMInt and, if used, by TWOe
  NProc = Number of Processors Used for AIMInt Job
  BIM = Basin Integration Method
  OAQ = Angular Quadrature Outside of Beta Sphere
  ORQ = Multiple of Default for Radial Quadrature Outside of Beta Sphere
  IAQ = Multiple of Default for Angular Quadrature Inside of Beta Sphere
  IRQ = Multiple of Default for Radial Quadrature Inside of Beta Sphere
  MIR = Maximum Integration Radius
------------------------------------------------------------------------------------------------------
Atom A     Time(sec)   NProc      BIM          OAQ                     ORQ      IAQ      IRQ      MIR
------------------------------------------------------------------------------------------------------
C1             72        4     Proaim(5)    4500(GS4)                  1.00     1.00     1.00    13.00
C2             59        4     Proaim(5)    4500(GS4)                  1.00     1.00     1.00    13.00
N3             70        4     Proaim(5)    4500(GS4)                  1.00     1.00     1.00    13.00
N4             51        4     Proaim(5)    4500(GS4)                  1.00     1.00     1.00    13.00
C5             42        4     Proaim(5)    4500(GS4)                  1.00     1.00     1.00    13.00
C6             48        4     Proaim(5)    4500(GS4)                  1.00     1.00     1.00    13.00
H7             10        4     Proaim(5)    1800(GS4)                  1.00     1.00     1.00    13.00
H8             11        4     Proaim(5)    1800(GS4)                  1.00     1.00     1.00    13.00
H9             13        4     Proaim(5)    1800(GS4)                  1.00     1.00     1.00    13.00
C10            52        4     Proaim(5)    4500(GS4)                  1.00     1.00     1.00    13.00
H11            11        4     Proaim(5)    1800(GS4)                  1.00     1.00     1.00    13.00
H12            21        4     Proaim(5)    1800(GS4)                  1.00     1.00     1.00    13.00
H13            11        4     Proaim(5)    1800(GS4)                  1.00     1.00     1.00    13.00
C14            46        4     Proaim(5)    4500(GS4)                  1.00     1.00     1.00    13.00
H15            22        4     Proaim(5)    4500(GS4)                  1.00     1.00     1.00    13.00
H16             9        4     Proaim(5)    1800(GS4)                  1.00     1.00     1.00    13.00
H17            21        4     Proaim(5)    4500(GS4)                  1.00     1.00     1.00    13.00
H18             9        4     Proaim(5)    1800(GS4)                  1.00     1.00     1.00    13.00
H19            10        4     Proaim(5)    1800(GS4)                  1.00     1.00     1.00    13.00
B20            61        4     Proaim(5)    5400(GS5)                  1.00     1.00     1.00    13.00
F21            39        4     Proaim(5)    4500(GS4)                  1.00     1.00     1.00    13.00
F22            43        4     Proaim(5)    4500(GS4)                  1.00     1.00     1.00    13.00
F23            20        4     Proaim(5)    2700(GS4)                  1.00     1.00     1.00    13.00
F24            40        4     Proaim(5)    4500(GS4)                  1.00     1.00     1.00    13.00
------------------------------------------------------------------------------------------------------
Total         791
Note:  Total wall clock time is less than total of atomic times if more than one atom
       was calculated at a time
 
Electron Density Critical Point Analysis of Molecular Structure:               
---------------------------------------------------------------                
  NACP = Nuclear Attractor Critical Point                                      
  NNACP = Non-Nuclear Attractor Critical Point                                 
  BCP = Bond Critical Point                                                    
  RCP = Ring Critical Point                                                    
  CCP = Cage Critical Point                                                    
  Rho = Electron Density                                                       
  GradRho = Gradient of Electron Density                                       
  HessRho_EigVals = Eigenvalues of the Hessian of Rho, Ascending Order         
  HessRho_EigVecs = Eigenvectors of the Hessian of Rho                         
  DelSqRho = Laplacian of Rho = Trace of Hessian of Rho                        
  Bond Ellipticity = (HessRho_EigVal(1) / HessRho_EigVal(2)) - 1               
  V = Virial Field = Potential Energy Density = Trace of Stress Tensor         
  G = Lagrangian Form of Kinetic Energy Density                                
  K = Hamiltonian Form of Kinetic Energy Density                               
  L = K - G = Lagrangian Density = (-1/4)DelSqRho                              
  Vnuc = Electrostatic Potential from Nuclei                                   
  Ven = Electron-nuclear attractive contribution to Virial Field V             
  Vrep = V - Ven = Repulsive contribution to Virial Field V                    
  DelSqV = Laplacian of V                                                      
  DelSqVen = Laplacian of Ven                                                  
  DelSqVrep = Laplacian of Vrep                                                
  DelSqG = Laplacian of G                                                      
  DelSqK = Laplacian of K                                                      
  Stress_EigVals = Eigenvalues of Stress Tensor, Ascending Order               
  Stress_EigVecs = Eigenvectors of Stress Tensor                               
  -DivStress = Ehrenfest Force Density = Minus Divergence of Stress Tensor     
  ESP = Total Electrostatic Potential                                          
  ESPe = Electrostatic Potential from Electrons                                
  ESPn = Electrostatic Potential from Nuclei                                   
  BP = Bond Path                                                               
  BPL = Bond Path Length                                                       
  GBL = Geometric Bond Length                                                  
  GBL_I = Distance Between Nuclear Attractors                                  
  GBL_II = Distance Between Nuclei                                             
  GBL_III = Sum of Distances Between BCP and Nuclear Attractors                
  GBL_IV = Sum of Distances Between BCP and Nuclei                             

CP# 1      Coords = -2.02733095033173E+00  9.18081982028147E-01 -2.15121101991371E+00
           Type = (3,-3) NACP C1
           Rho =  1.1952898144E+02     Rho at Nucleus =  1.1952897826E+02
           GradRho =  1.2419065776E-11 -8.8509685692E-12  8.2112858180E-12
           HessRho_EigVals = -1.8124913097E+05 -1.8124909137E+05 -1.8124637847E+05
           HessRho_EigVec1 =  9.3375567892E-01 -3.3132660182E-01  1.3536253179E-01
           HessRho_EigVec2 = -2.0881484919E-04  3.7769720382E-01  9.2592914341E-01
           HessRho_EigVec3 =  3.5791100638E-01  8.6461986164E-01 -3.5260772307E-01
           DelSqRho = -5.4374460081E+05
           Bond Ellipticity = NA
           V = -1.3595024512E+05
           G =  7.0474589448E+00
           K =  1.3594319766E+05
           L =  1.3593615020E+05
           Vnuc =  1.0125237941E+06
           Ven = -1.2102593779E+08
           Vrep =  1.2088998755E+08
           DelSqV =  4.6073780105E+09
           DelSqVen =  5.5055434547E+11
           DelSqVrep = -5.4594696746E+11
           DelSqG =  2.0614958667E+08
           DelSqK = -4.8135275972E+09
           Stress_EigVals = -4.5317364280E+04 -4.5316563612E+04 -4.5316317229E+04
           Stress_EigVec1 =  3.6880791499E-01  8.6074661133E-01 -3.5085038539E-01
           Stress_EigVec2 = -1.9268998179E-01  4.4005901632E-01  8.7705110061E-01
           Stress_EigVec3 =  9.0931363828E-01 -2.5585803338E-01  3.2815449715E-01
           -DivStress =  4.0025841172E+03 -4.0962886761E+03 -6.7893174152E+03
           ESP =  -1.4654324316E+01     ESP at Nucleus =  -1.4654324403E+01
           ESPe = -3.4599297166E+01     ESPe at Nucleus = -3.4599290966E+01
           ESPn =  1.9944972850E+01     ESPn at Nucleus =  1.9944966563E+01

CP# 2      Coords = -2.67466707868474E+00 -1.55998900884781E+00 -2.31969464361524E+00
           Type = (3,-3) NACP C2
           Rho =  1.1949736521E+02     Rho at Nucleus =  1.1949736213E+02
           GradRho = -1.6240028419E-11  1.7995399550E-11  2.1255578244E-11
           HessRho_EigVals = -1.8120075699E+05 -1.8120010478E+05 -1.8119807359E+05
           HessRho_EigVec1 = -4.0183988844E-01 -3.4735903457E-01  8.4726997183E-01
           HessRho_EigVec2 = -9.1005461861E-01  2.5416296897E-01 -3.2741682357E-01
           HessRho_EigVec3 =  1.0161345982E-01  9.0263109093E-01  4.1824851282E-01
           DelSqRho = -5.4359893536E+05
           Bond Ellipticity = NA
           V = -1.3591389762E+05
           G =  7.0818896214E+00
           K =  1.3590681573E+05
           L =  1.3589973384E+05
           Vnuc =  1.0297662955E+06
           Ven = -1.2305435910E+08
           Vrep =  1.2291844520E+08
           DelSqV =  4.6061500438E+09
           DelSqVen =  5.5977985997E+11
           DelSqVrep = -5.5517370992E+11
           DelSqG =  2.0609376847E+08
           DelSqK = -4.8122438123E+09
           Stress_EigVals = -4.5305188490E+04 -4.5304386198E+04 -4.5304322932E+04
           Stress_EigVec1 =  8.4273641230E-02  9.0271897692E-01  4.2189619827E-01
           Stress_EigVec2 = -4.0762737694E-01 -3.5512132100E-01  8.4126617009E-01
           Stress_EigVec3 =  9.0925127163E-01 -2.4287300404E-01  3.3804560188E-01
           -DivStress =  4.6741449240E+03  3.6258797064E+03 -6.4221939143E+03
           ESP =  -1.4654300233E+01     ESP at Nucleus =  -1.4654300319E+01
           ESPe = -3.3714443426E+01     ESPe at Nucleus = -3.3714439038E+01
           ESPn =  1.9060143192E+01     ESPn at Nucleus =  1.9060138720E+01

CP# 3      Coords = -2.74536361514706E+00  1.75319332496379E+00  2.07788083233285E-01
           Type = (3,-3) NACP N3
           Rho =  1.9376854798E+02     Rho at Nucleus =  1.9376854725E+02
           GradRho =  1.2655692674E-09 -9.1028526904E-09  3.1341374409E-09
           HessRho_EigVals = -4.0299594214E+05 -4.0299469073E+05 -4.0298954926E+05
           HessRho_EigVec1 = -4.7044130300E-01 -4.5872008793E-01  7.5383079094E-01
           HessRho_EigVec2 =  1.9947836230E-01  7.7687012829E-01  5.9722791859E-01
           HessRho_EigVec3 =  8.5958906660E-01 -4.3133361183E-01  2.7396706352E-01
           DelSqRho = -1.2089801821E+06
           Bond Ellipticity = NA
           V = -3.0229265400E+05
           G =  2.3804237175E+01
           K =  3.0226884977E+05
           L =  3.0224504553E+05
           Vnuc =  3.6622994535E+06
           Ven = -7.0963844739E+08
           Vrep =  7.0933615474E+08
           DelSqV =  1.4117172608E+10
           DelSqVen =  4.4276473364E+12
           DelSqVrep = -4.4135302294E+12
           DelSqG =  6.2870051993E+08
           DelSqK = -1.4745873128E+10
           Stress_EigVals = -1.0076490333E+05 -1.0076403550E+05 -1.0076371517E+05
           Stress_EigVec1 =  8.4222938954E-01 -4.7571228538E-01  2.5366804474E-01
           Stress_EigVec2 =  2.5832400975E-01  7.6908935693E-01  5.8461121015E-01
           Stress_EigVec3 = -4.7320012825E-01 -4.2684819619E-01  7.7063756464E-01
           -DivStress = -1.0766976453E+03  8.2439858711E+03 -2.8164446834E+03
           ESP =  -1.8231517716E+01     ESP at Nucleus =  -1.8231517728E+01
           ESPe = -3.8485900877E+01     ESPe at Nucleus = -3.8485898714E+01
           ESPn =  2.0254383162E+01     ESPn at Nucleus =  2.0254380986E+01

CP# 4      Coords = -3.67219324292438E+00 -2.23961374827080E+00 -6.04841395513549E-03
           Type = (3,-3) NACP N4
           Rho =  1.9373680419E+02     Rho at Nucleus =  1.9373680401E+02
           GradRho =  1.9359632300E-10  6.4092267344E-10  9.8078021399E-10
           HessRho_EigVals = -4.0292856676E+05 -4.0292785369E+05 -4.0292223550E+05
           HessRho_EigVec1 = -1.1903051024E-01  7.7506917558E-01  6.2056386513E-01
           HessRho_EigVec2 = -2.5409625782E-01 -6.2797303109E-01  7.3558477689E-01
           HessRho_EigVec3 =  9.5982645796E-01 -7.0125924549E-02  2.7169012737E-01
           DelSqRho = -1.2087786559E+06
           Bond Ellipticity = NA
           V = -3.0224237323E+05
           G =  2.3854619323E+01
           K =  3.0221851861E+05
           L =  3.0219466399E+05
           Vnuc =  7.3956078439E+06
           Ven = -1.4328014287E+09
           Vrep =  1.4324991863E+09
           DelSqV =  1.4114832163E+10
           DelSqVen =  8.9396535624E+12
           DelSqVrep = -8.9255387302E+12
           DelSqG =  6.2859410062E+08
           DelSqK = -1.4743426263E+10
           Stress_EigVals = -1.0074817030E+05 -1.0074718325E+05 -1.0074701968E+05
           Stress_EigVec1 =  9.6594756262E-01 -2.9774277471E-02  2.5701906284E-01
           Stress_EigVec2 =  1.9548629948E-01  7.3473585860E-01 -6.4957549585E-01
           Stress_EigVec3 = -1.6950048076E-01  6.7769957245E-01  7.1553677510E-01
           -DivStress = -5.8121704376E+02 -2.3507491968E+03 -3.6106149708E+03
           ESP =  -1.8220324987E+01     ESP at Nucleus =  -1.8220324989E+01
           ESPe = -3.7316592934E+01     ESPe at Nucleus = -3.7316592220E+01
           ESPn =  1.9096267947E+01     ESPn at Nucleus =  1.9096267231E+01

CP# 5      Coords = -3.67060322985001E+00 -2.11386444617475E-01  1.49703039120343E+00
           Type = (3,-3) NACP C5
           Rho =  1.1953998368E+02     Rho at Nucleus =  1.1953998257E+02
           GradRho =  1.1688983115E-12  1.0919355697E-12 -1.8971189203E-11
           HessRho_EigVals = -1.8126774467E+05 -1.8126663430E+05 -1.8126511466E+05
           HessRho_EigVec1 =  8.9208425547E-01 -3.0301789946E-01  3.3521013373E-01
           HessRho_EigVec2 =  2.7593720250E-01  9.5275950325E-01  1.2691725351E-01
           HessRho_EigVec3 = -3.5783284006E-01 -2.0723937051E-02  9.3355566358E-01
           DelSqRho = -5.4379949363E+05
           Bond Ellipticity = NA
           V = -1.3596370498E+05
           G =  6.9157838665E+00
           K =  1.3595678919E+05
           L =  1.3594987341E+05
           Vnuc =  1.7126306375E+06
           Ven = -2.0472783845E+08
           Vrep =  2.0459187475E+08
           DelSqV =  4.6078399137E+09
           DelSqVen =  9.3132768461E+11
           DelSqVrep = -9.2671984060E+11
           DelSqG =  2.0617183158E+08
           DelSqK = -4.8140117453E+09
           Stress_EigVals = -4.5321702994E+04 -4.5321293587E+04 -4.5320708396E+04
           Stress_EigVec1 = -3.4299958871E-01 -2.5304086283E-02  9.3899466738E-01
           Stress_EigVec2 =  2.4100542318E-01  9.6380420822E-01  1.1400804455E-01
           Stress_EigVec3 =  9.0789188131E-01 -2.6540751957E-01  3.2448602499E-01
           -DivStress =  1.9541165164E+02  1.8687936998E+02  5.2444225985E+03
           ESP =  -1.4578676052E+01     ESP at Nucleus =  -1.4578676071E+01
           ESPe = -3.4104763796E+01     ESPe at Nucleus = -3.4104757597E+01
           ESPn =  1.9526087744E+01     ESPn at Nucleus =  1.9526081526E+01

CP# 6      Coords = -4.21800168551430E+00 -4.82790901872581E+00  7.87821350737689E-01
           Type = (3,-3) NACP C6
           Rho =  1.1937263116E+02     Rho at Nucleus =  1.1937262703E+02
           GradRho = -4.7936359418E-11  1.7749495667E-11  2.5184405885E-12
           HessRho_EigVals = -1.8101130696E+05 -1.8100806490E+05 -1.8100786127E+05
           HessRho_EigVec1 =  2.1293070272E-01  9.3179521210E-01 -2.9396972384E-01
           HessRho_EigVec2 = -8.9395743228E-02  3.1818669917E-01  9.4380380671E-01
           HessRho_EigVec3 =  9.7296912435E-01 -1.7468516585E-01  1.5105024298E-01
           DelSqRho = -5.4302723313E+05
           Bond Ellipticity = NA
           V = -1.3577078867E+05
           G =  6.9901914748E+00
           K =  1.3576379847E+05
           L =  1.3575680828E+05
           Vnuc =  8.8841009532E+05
           Ven = -1.0605185063E+08
           Vrep =  1.0591607984E+08
           DelSqV =  4.6013235215E+09
           DelSqVen =  4.8243087590E+11
           DelSqVrep = -4.7782955264E+11
           DelSqG =  2.0587498498E+08
           DelSqK = -4.8071985064E+09
           Stress_EigVals = -4.5257253942E+04 -4.5257202517E+04 -4.5256332207E+04
           Stress_EigVec1 =  9.7366903494E-01 -1.7033030086E-01  1.5151303245E-01
           Stress_EigVec2 = -9.1181462985E-02  3.1816541897E-01  9.4364013638E-01
           Stress_EigVec3 =  2.0893671578E-01  9.3260836088E-01 -2.9425685041E-01
           -DivStress = -7.8455778381E+02 -9.7156404778E+03  2.6778875949E+03
           ESP =  -1.4635051338E+01     ESP at Nucleus =  -1.4635051437E+01
           ESPe = -2.9845887573E+01     ESPe at Nucleus = -2.9845874772E+01
           ESPn =  1.5210836236E+01     ESPn at Nucleus =  1.5210823336E+01

CP# 7      Coords = -5.26811913522240E+00 -5.76898379179863E+00 -6.68576936293943E-01
           Type = (3,-3) NACP H7
           Rho =  4.3151484312E-01     Rho at Nucleus =  4.2764895321E-01
           GradRho =  3.0632656056E-09  2.8466692259E-09  4.1639738136E-09
           HessRho_EigVals = -8.4523231862E+00 -8.4446897427E+00 -7.7018587952E+00
           HessRho_EigVec1 = -8.4928993237E-02  8.5195595275E-01 -5.1667990156E-01
           HessRho_EigVec2 =  8.5072307438E-01 -2.0795088371E-01 -4.8272837154E-01
           HessRho_EigVec3 =  5.1870735182E-01  4.8054914893E-01  7.0711752816E-01
           DelSqRho = -2.4598871724E+01
           Bond Ellipticity = NA
           V = -6.1606657197E+00
           G =  5.4738943251E-03
           K =  6.1551918253E+00
           L =  6.1497179310E+00
           Vnuc =  4.7193472662E+01
           Ven = -2.0364683952E+01
           Vrep =  1.4204018232E+01
           DelSqV =  1.5763489436E+03
           DelSqVen =  1.1609061924E+03
           DelSqVrep =  4.1544275121E+02
           DelSqG =  1.1729532588E+02
           DelSqK = -1.6936442695E+03
           Stress_EigVals = -2.1168415016E+00 -2.1162954208E+00 -1.9275287973E+00
           Stress_EigVec1 = -7.5999830476E-01  6.3838617328E-01  1.2192485606E-01
           Stress_EigVec2 =  3.9214890001E-01  6.0002461127E-01 -6.9727304988E-01
           Stress_EigVec3 =  5.1828738840E-01  4.8211363768E-01  7.0636012301E-01
           -DivStress = -8.3174895969E+00 -7.7358685541E+00 -1.1302727415E+01
           ESP =  -1.0503370929E+00     ESP at Nucleus =  -1.0517166239E+00
           ESPe = -1.6100758424E+01     ESPe at Nucleus = -1.6018630782E+01
           ESPn =  1.5050421331E+01     ESPn at Nucleus =  1.4966914158E+01

CP# 8      Coords = -5.32098973879708E+00 -4.78413689794036E+00  2.48735102390204E+00
           Type = (3,-3) NACP H8
           Rho =  4.3214715461E-01     Rho at Nucleus =  4.2831361086E-01
           GradRho =  4.6006882521E-15  3.7264401363E-15 -1.1864323471E-14
           HessRho_EigVals = -8.4610602957E+00 -8.4543275619E+00 -7.7175173033E+00
           HessRho_EigVec1 = -6.9347118154E-02  9.9685547604E-01 -3.8342366877E-02
           HessRho_EigVec2 =  8.3547485280E-01  7.9037466132E-02  5.4381508741E-01
           HessRho_EigVec3 = -5.4513553136E-01 -5.6779257977E-03  8.3832870261E-01
           DelSqRho = -2.4632905161E+01
           Bond Ellipticity = NA
           V = -6.1693726944E+00
           G =  5.5732021063E-03
           K =  6.1637994923E+00
           L =  6.1582262902E+00
           Vnuc =  4.7589956062E+01
           Ven = -2.0565864101E+01
           Vrep =  1.4396491406E+01
           DelSqV =  1.5789622202E+03
           DelSqVen =  1.1722788743E+03
           DelSqVrep =  4.0668334587E+02
           DelSqG =  1.1744726607E+02
           DelSqK = -1.6964094862E+03
           Stress_EigVals = -2.1192840264E+00 -2.1186628873E+00 -1.9314257808E+00
           Stress_EigVec1 =  8.1460712361E-01 -2.4170378562E-01  5.2725185080E-01
           Stress_EigVec2 =  1.9870580047E-01  9.7032111995E-01  1.3781483608E-01
           Stress_EigVec3 = -5.4491397396E-01 -7.4969461525E-03  8.3845844070E-01
           -DivStress = -8.7112404844E+00 -2.1660322438E-01  1.3377210052E+01
           ESP =  -1.0449327340E+00     ESP at Nucleus =  -1.0463068418E+00
           ESPe = -1.6329919996E+01     ESPe at Nucleus = -1.6250174260E+01
           ESPn =  1.5284987262E+01     ESPn at Nucleus =  1.5203867418E+01

CP# 9      Coords = -2.46561744020166E+00 -5.79496174497230E+00  1.12320400801076E+00
           Type = (3,-3) NACP H9
           Rho =  4.2682291183E-01     Rho at Nucleus =  4.2282282150E-01
           GradRho = -5.4710522137E-14  3.1596687072E-14 -1.0366964990E-14
           HessRho_EigVals = -8.3651279635E+00 -8.3567592908E+00 -7.5956466777E+00
           HessRho_EigVec1 =  5.0761965502E-01  8.3564814767E-01 -2.0979623238E-01
           HessRho_EigVec2 = -3.8908024635E-02  2.6548650656E-01  9.6332916516E-01
           HessRho_EigVec3 =  8.6070230129E-01 -4.8084206152E-01  1.6727958759E-01
           DelSqRho = -2.4317533932E+01
           Bond Ellipticity = NA
           V = -6.0898798333E+00
           G =  5.2481751601E-03
           K =  6.0846316582E+00
           L =  6.0793834830E+00
           Vnuc =  4.7760573987E+01
           Ven = -2.0385307260E+01
           Vrep =  1.4295427427E+01
           DelSqV =  1.5562241371E+03
           DelSqVen =  1.1614193786E+03
           DelSqVrep =  3.9480475854E+02
           DelSqG =  1.1589744023E+02
           DelSqK = -1.6721215773E+03
           Stress_EigVals = -2.0945622955E+00 -2.0943599122E+00 -1.9009576257E+00
           Stress_EigVec1 =  4.4242939319E-01  8.6815542728E-01  2.2486081502E-01
           Stress_EigVec2 = -2.5363433428E-01 -1.1936816186E-01  9.5990669672E-01
           Stress_EigVec3 =  8.6018943060E-01 -4.8172336047E-01  1.6738204043E-01
           -DivStress =  1.4007247369E+01 -7.7117002915E+00  2.6886459350E+00
           ESP =  -1.0590342382E+00     ESP at Nucleus =  -1.0604505170E+00
           ESPe = -1.7410527439E+01     ESPe at Nucleus = -1.7344525346E+01
           ESPn =  1.6351493201E+01     ESPn at Nucleus =  1.6284074829E+01

CP# 10     Coords = -1.97834014860712E+00  4.16402694927754E+00  1.41735763760456E+00
           Type = (3,-3) NACP C10
           Rho =  1.1938888399E+02     Rho at Nucleus =  1.1938887907E+02
           GradRho = -9.3997878058E-13 -2.9938764141E-11  1.5223251587E-11
           HessRho_EigVals = -1.8104001582E+05 -1.8103656090E+05 -1.8103602612E+05
           HessRho_EigVec1 =  2.5300150111E-01  8.5470204952E-01  4.5329311376E-01
           HessRho_EigVec2 = -6.8156839495E-01 -1.7506561616E-01  7.1050443562E-01
           HessRho_EigVec3 =  6.8662563558E-01 -4.8870894874E-01  5.3824604038E-01
           DelSqRho = -5.4311260284E+05
           Bond Ellipticity = NA
           V = -1.3579188721E+05
           G =  6.8682481758E+00
           K =  1.3578501896E+05
           L =  1.3577815071E+05
           Vnuc =  8.1398328286E+05
           Ven = -9.7180555730E+07
           Vrep =  9.7044763842E+07
           DelSqV =  4.6020450573E+09
           DelSqVen =  4.4208457862E+11
           DelSqVrep = -4.3748253357E+11
           DelSqG =  2.0591141140E+08
           DelSqK = -4.8079564687E+09
           Stress_EigVals = -4.5264366974E+04 -4.5264235274E+04 -4.5263284957E+04
           Stress_EigVec1 =  6.6886360700E-01 -4.9959308589E-01  5.5047999396E-01
           Stress_EigVec2 = -6.9766580079E-01 -1.6618122192E-01  6.9688322687E-01
           Stress_EigVec3 =  2.5667860378E-01  8.5017089459E-01  4.5970158185E-01
           -DivStress =  4.4457342165E+03  8.3850917657E+03  5.6306606520E+03
           ESP =  -1.4647815857E+01     ESP at Nucleus =  -1.4647815976E+01
           ESPe = -3.2312337109E+01     ESPe at Nucleus = -3.2312326069E+01
           ESPn =  1.7664521252E+01     ESPn at Nucleus =  1.7664510092E+01

CP# 11     Coords = -4.21877212562188E+00 -1.87586095000574E-01  3.41876342929157E+00
           Type = (3,-3) NACP H11
           Rho =  4.2359854530E-01     Rho at Nucleus =  4.1902000349E-01
           GradRho = -1.4230153514E-15  2.1806016194E-17 -5.6270092752E-16
           HessRho_EigVals = -8.2775012187E+00 -8.2652839658E+00 -7.4331249753E+00
           HessRho_EigVec1 =  2.2105130584E-01  9.7406045638E-01  4.8399870988E-02
           HessRho_EigVec2 =  9.3854941333E-01 -2.2595629746E-01  2.6089988573E-01
           HessRho_EigVec3 = -2.6506851741E-01  1.2246589913E-02  9.6415180450E-01
           DelSqRho = -2.3975910160E+01
           Bond Ellipticity = NA
           V = -6.0036011294E+00
           G =  4.8117947308E-03
           K =  5.9987893347E+00
           L =  5.9939775399E+00
           Vnuc =  4.6962752479E+01
           Ven = -1.9893353634E+01
           Vrep =  1.3889752504E+01
           DelSqV =  1.5257882193E+03
           DelSqVen =  1.1259747343E+03
           DelSqVrep =  3.9981348498E+02
           DelSqG =  1.1355650511E+02
           DelSqK = -1.6393447244E+03
           Stress_EigVals = -2.0720817820E+00 -2.0720089231E+00 -1.8595104243E+00
           Stress_EigVec1 =  9.6415242402E-01  1.7503106504E-02  2.6477111723E-01
           Stress_EigVec2 = -1.3618929282E-02  9.9977113278E-01 -1.6498691335E-02
           Stress_EigVec3 = -2.6499929815E-01  1.2301354122E-02  9.6417013471E-01
           -DivStress = -4.5117163669E+00  2.1654886234E-01  1.6626450623E+01
           ESP =  -9.8419164283E-01     ESP at Nucleus =  -9.8590139006E-01
           ESPe = -1.8810939015E+01     ESPe at Nucleus = -1.8701875953E+01
           ESPn =  1.7826747373E+01     ESPn at Nucleus =  1.7715974563E+01

CP# 12     Coords = -1.08714546627346E+00  2.08885107168721E+00 -3.46000675898818E+00
           Type = (3,-3) NACP H12
           Rho =  4.2416429036E-01     Rho at Nucleus =  4.1957797057E-01
           GradRho = -4.6197854570E-16 -1.0830637602E-15  4.7108584394E-16
           HessRho_EigVals = -8.2986000119E+00 -8.2883991541E+00 -7.4542941399E+00
           HessRho_EigVec1 =  1.2676719379E-02 -7.6110849276E-01 -6.4850070396E-01
           HessRho_EigVec2 =  8.7130410600E-01 -3.0978441729E-01  3.8060842040E-01
           HessRho_EigVec3 = -4.9057971387E-01 -5.6986619224E-01  6.5922990472E-01
           DelSqRho = -2.4041293306E+01
           Bond Ellipticity = NA
           V = -6.0210382904E+00
           G =  5.3574819740E-03
           K =  6.0156808085E+00
           L =  6.0103233265E+00
           Vnuc =  4.8333020419E+01
           Ven = -2.0501141307E+01
           Vrep =  1.4480103017E+01
           DelSqV =  1.5304672609E+03
           DelSqVen =  1.1619883203E+03
           DelSqVrep =  3.6847894068E+02
           DelSqG =  1.1404985518E+02
           DelSqK = -1.6445171161E+03
           Stress_EigVals = -2.0784250544E+00 -2.0778098738E+00 -1.8648033622E+00
           Stress_EigVec1 =  8.6812467370E-01 -2.5514192514E-01  4.2574892713E-01
           Stress_EigVec2 =  7.3783881381E-02 -7.8189861891E-01 -6.1902381909E-01
           Stress_EigVec3 = -4.9083142703E-01 -5.6880325930E-01  6.5996012187E-01
           -DivStress =  8.6288933060E+00  9.7715579996E+00 -1.1331037539E+01
           ESP =  -1.0414685741E+00     ESP at Nucleus =  -1.0431511954E+00
           ESPe = -2.0222123334E+01     ESPe at Nucleus = -2.0124943263E+01
           ESPn =  1.9180654760E+01     ESPn at Nucleus =  1.9081792067E+01

CP# 13     Coords = -2.35530559945175E+00 -2.89286555139856E+00 -3.77252671023076E+00
           Type = (3,-3) NACP H13
           Rho =  4.2332722526E-01     Rho at Nucleus =  4.1893071475E-01
           GradRho = -6.2450045135E-17  5.8834230890E-15  8.9375121887E-15
           HessRho_EigVals = -8.2865209123E+00 -8.2743546619E+00 -7.4710966035E+00
           HessRho_EigVec1 =  3.8087151863E-01  7.3415364688E-01 -5.6209902069E-01
           HessRho_EigVec2 = -9.0702124658E-01  1.7858317444E-01 -3.8134040968E-01
           HessRho_EigVec3 = -1.7958102501E-01  6.5507745540E-01  7.3391020083E-01
           DelSqRho = -2.4031972178E+01
           Bond Ellipticity = NA
           V = -6.0191335624E+00
           G =  5.5702589697E-03
           K =  6.0135633034E+00
           L =  6.0079930444E+00
           Vnuc =  4.7396447724E+01
           Ven = -2.0064206702E+01
           Vrep =  1.4045073140E+01
           DelSqV =  1.5325123545E+03
           DelSqVen =  1.1390301130E+03
           DelSqVrep =  3.9348224148E+02
           DelSqG =  1.1416953492E+02
           DelSqK = -1.6466818894E+03
           Stress_EigVals = -2.0755526738E+00 -2.0746140981E+00 -1.8689667905E+00
           Stress_EigVec1 =  8.9286802447E-01 -2.0483471699E-01  4.0103544681E-01
           Stress_EigVec2 =  4.1289386887E-01  7.2783459840E-01 -5.4751753436E-01
           Stress_EigVec3 = -1.7973687417E-01  6.5444597645E-01  7.3443523879E-01
           -DivStress =  3.1491554961E+00 -1.1038888396E+01 -1.2408284400E+01
           ESP =  -1.0341882470E+00     ESP at Nucleus =  -1.0358196101E+00
           ESPe = -1.8651343227E+01     ESPe at Nucleus = -1.8548548601E+01
           ESPn =  1.7617154980E+01     ESPn at Nucleus =  1.7512728991E+01

CP# 14     Coords = -9.32973861325682E-01  6.05766280436100E+00 -4.68433886753567E-01
           Type = (3,-3) NACP C14
           Rho =  1.1935897418E+02     Rho at Nucleus =  1.1935897372E+02
           GradRho = -3.5242035661E-09 -1.8524609130E-09  3.1583899532E-09
           HessRho_EigVals = -1.8098613873E+05 -1.8098526960E+05 -1.8098489056E+05
           HessRho_EigVec1 =  2.7943584597E-01  7.1163919409E-01 -6.4458146531E-01
           HessRho_EigVec2 =  6.5265686154E-01  3.5160988107E-01  6.7112555652E-01
           HessRho_EigVec3 =  7.0424046253E-01 -6.0822705380E-01 -3.6620379840E-01
           DelSqRho = -5.4295629889E+05
           Bond Ellipticity = NA
           V = -1.3575334743E+05
           G =  7.1363519331E+00
           K =  1.3574621107E+05
           L =  1.3573907472E+05
           Vnuc =  2.6872637142E+06
           Ven = -3.2074904027E+08
           Vrep =  3.2061328692E+08
           DelSqV =  4.6007266490E+09
           DelSqVen =  1.4590667203E+12
           DelSqVrep = -1.4544659936E+12
           DelSqG =  2.0584517965E+08
           DelSqK = -4.8065718286E+09
           Stress_EigVals = -4.5251256968E+04 -4.5251157111E+04 -4.5250933348E+04
           Stress_EigVec1 =  7.0464490786E-01 -6.1122148300E-01 -3.6039402403E-01
           Stress_EigVec2 =  6.5137791944E-01  3.5579097349E-01  6.7016385253E-01
           Stress_EigVec3 =  2.8139360315E-01  7.0698025567E-01 -6.4884247565E-01
           -DivStress =  2.3208669907E+03  1.2188172647E+03 -2.0678211302E+03
           ESP =  -1.4712591728E+01     ESP at Nucleus =  -1.4712591737E+01
           ESPe = -2.9976370830E+01     ESPe at Nucleus = -2.9976368590E+01
           ESPn =  1.5263779102E+01     ESPn at Nucleus =  1.5263776853E+01

CP# 15     Coords = -5.49146519009862E-01  3.66537329241184E+00  2.76742276268925E+00
           Type = (3,-3) NACP H15
           Rho =  4.3068875697E-01     Rho at Nucleus =  4.2657411296E-01
           GradRho = -5.6974824164E-16  2.7311052725E-16 -1.8552867576E-15
           HessRho_EigVals = -8.4370858157E+00 -8.4293051006E+00 -7.6479502802E+00
           HessRho_EigVec1 =  6.7711801189E-02  9.5617369178E-01  2.8486309540E-01
           HessRho_EigVec2 = -6.9745588929E-01 -1.5879931186E-01  6.9881189247E-01
           HessRho_EigVec3 =  7.1342161061E-01 -2.4599725546E-01  6.5613638508E-01
           DelSqRho = -2.4514341197E+01
           Bond Ellipticity = NA
           V = -6.1393637509E+00
           G =  5.3892258839E-03
           K =  6.1339745250E+00
           L =  6.1285852991E+00
           Vnuc =  4.9913203355E+01
           Ven = -2.1497055510E+01
           Vrep =  1.5357691759E+01
           DelSqV =  1.5675083812E+03
           DelSqVen =  1.2235892973E+03
           DelSqVrep =  3.4391908392E+02
           DelSqG =  1.1674487329E+02
           DelSqK = -1.6842532545E+03
           Stress_EigVals = -2.1126736390E+00 -2.1124138067E+00 -1.9142763052E+00
           Stress_EigVec1 =  2.2005126150E-01  9.6784726105E-01  1.2185697186E-01
           Stress_EigVec2 = -6.6503994621E-01  5.7456250083E-02  7.4459428501E-01
