AIMSum (Version 17.11.14, Professional)
Copyright (c) 1997-2017 by Todd A. Keith
AIMSum is a component of the AIMAll package ( http://aim.tkgristmill.com )

TP:  64-bit Linux

Much of the Quantum Theory of Atoms in Molecules (QTAIM) is described in the book:
  "Atoms in Molecules - A Quantum Theory"
  R.F.W. Bader, Oxford University Press, Oxford, 1990

For additional references see:  http://aim.tkgristmill.com/references.html

Wfn File:  /home/localuser/Desktop/AIMAll/emimbf4/wfn/370.wfn
Sum File:  /home/localuser/Desktop/AIMAll/emimbf4/wfn/370.sum

SumViz File:  /home/localuser/Desktop/AIMAll/emimbf4/wfn/370.sumviz

Wfn Title:  B3LYP                                                                          
 
Total memory allocated for AIMSum =        1.391 Megabytes

Atomic units (a.u.) used throughout, except where stated otherwise

Model:  Restricted SCF
 
Restricted, closed-shell, single-determinant wavefunction.
  Number of electrons (from MO Occs)                   =         102.0000000000
  Number of Alpha electrons (from MO Occs)             =          51.0000000000
  Number of Beta electrons (from MO Occs)              =          51.0000000000
  Number of electron pairs (N*(N-1)/2)                 =        5151.0000000000
  Number of electron pairs (from Muller 2EDM)          =        5151.0000000000
 
Nuclear Charges and Cartesian Coordinates:
-------------------------------------------------------------------------------
Atom      Charge                X                  Y                  Z
-------------------------------------------------------------------------------
C1         6.0           2.5024531600E+00  -9.3250904000E-01  -2.2255740700E+00
C2         6.0           3.0948331800E+00   1.5638420500E+00  -2.3229556900E+00
N3         7.0           3.1467102400E+00  -1.7966174600E+00   1.4404559000E-01
N4         7.0           3.9569405100E+00   2.2268484000E+00   5.0927790000E-02
C5         6.0           3.9427854200E+00   1.6817914000E-01   1.5117559100E+00
C6         6.0           4.3746478800E+00   4.8166110300E+00   9.2265584000E-01
H7         1.0           5.6245204300E+00   5.7901215500E+00  -3.9202063000E-01
H8         1.0           5.2463314600E+00   4.7688894400E+00   2.7850817200E+00
H9         1.0           2.5568173000E+00   5.7815597800E+00   1.0305360600E+00
C10        6.0           2.5421317600E+00  -4.3172018800E+00   1.2224225400E+00
H11        1.0           4.4075995100E+00   1.2146924000E-01   3.4903490600E+00
H12        1.0           1.6484284100E+00  -2.1270791600E+00  -3.6258561400E+00
H13        1.0           2.8022070700E+00   2.9392327400E+00  -3.7899767600E+00
C14        6.0           4.8220431000E-01  -5.6686885000E+00  -2.5871394000E-01
H15        1.0           1.9058266600E+00  -3.9633778000E+00   3.1494262900E+00
H16        1.0           4.2914285200E+00  -5.4136043700E+00   1.2781315500E+00
H17        1.0          -1.1943740800E+00  -4.4796970100E+00  -4.4316863000E-01
H18        1.0          -2.5024000000E-02  -7.3863702800E+00   7.6523549000E-01
H19        1.0           1.1366425100E+00  -6.2375985400E+00  -2.1331130200E+00
B20        5.0          -3.8924920900E+00   6.7570310000E-01   9.9549440000E-02
F21        9.0          -3.3745114600E+00   2.9641867800E+00  -1.1631038400E+00
F22        9.0          -1.8489881800E+00   2.5628224000E-01   1.8884148400E+00
F23        9.0          -6.1861731800E+00   7.2711545000E-01   1.3492828800E+00
F24        9.0          -3.7763729500E+00  -1.3547373100E+00  -1.6615304400E+00
 
Some Atomic Properties:
----------------------
  q(A) = Net Charge of Atom A
  L(A) = Lagrangian of Atom A = -(1/4) Times Atomic Integral of the Laplacian of the Electron Density
  K(A) = Electronic Kinetic Energy of Atom A (Hamiltonian Form)
  K_Scaled(A) = K(A) * E(Mol)/K(Mol) = Approximation to Virial-Based Total Energy of Atom A.
  |Mu_Intra(A)| = Magnitude of Intraatomic Dipole Moment of Atom A
--------------------------------------------------------------------------------------------------
Atom A          q(A)              L(A)              K(A)          K_Scaled(A)      |Mu_Intra(A)|
--------------------------------------------------------------------------------------------------
C1        5.5957796450E-01 -2.2852174492E-04  3.7459420964E+01 -3.7501178853E+01  7.8782996942E-01
C2        5.2170560540E-01 -5.1343190383E-05  3.7466965973E+01 -3.7508732274E+01  7.8811503251E-01
N3       -1.5437857874E+00 -2.9041934014E-04  5.5385391857E+01 -5.5447132723E+01  1.7873058605E-01
N4       -1.5616550203E+00  1.1840646817E-04  5.5395170895E+01 -5.5456922662E+01  1.7302207752E-01
C5        1.3541031184E+00 -4.5761821714E-04  3.6958581140E+01 -3.6999780718E+01  8.8326945924E-01
C6        5.2181322120E-01 -1.7502172828E-04  3.7437578186E+01 -3.7479311726E+01  6.1617626782E-01
H7        2.7451193930E-02  2.3364263516E-05  6.1122826677E-01 -6.1190963348E-01  1.2137125486E-01
H8        2.0274977940E-02  2.5116291159E-05  6.1407749953E-01 -6.1476204242E-01  1.1970006854E-01
H9        7.2096299840E-02  1.6448306427E-05  5.9201031098E-01 -5.9267025447E-01  1.1872708049E-01
C10       4.6165743930E-01  2.1162046008E-04  3.7475760594E+01 -3.7517536698E+01  6.1023196014E-01
H11       1.3156522336E-01  1.7746634837E-05  5.6390694798E-01 -5.6453556325E-01  1.1282074432E-01
H12       1.2659085843E-01  4.6333512160E-05  5.6712845196E-01 -5.6776065841E-01  1.1108855182E-01
H13       1.0823007293E-01  2.1101142330E-05  5.7091319386E-01 -5.7154961935E-01  1.1528795084E-01
C14       1.3079805290E-01 -8.2476010480E-05  3.7691713987E+01 -3.7733730825E+01  1.9890238854E-01
H15       2.6386873430E-02  3.0347448647E-05  6.1961275931E-01 -6.2030347264E-01  1.2190725840E-01
H16      -5.6651682000E-03  3.0635315642E-05  6.3134671816E-01 -6.3205051191E-01  1.2433605702E-01
H17       1.0721803553E-01  3.3075248001E-05  5.7679375138E-01 -5.7743673222E-01  8.8618871002E-02
H18      -1.2063223600E-02  1.9817168028E-05  6.2114819159E-01 -6.2184061654E-01  1.2501748059E-01
H19      -4.4578084200E-02  3.3257935869E-05  6.3781702694E-01 -6.3852803347E-01  1.2386745434E-01
B20       2.5163010252E+00 -2.0430663246E-04  2.3291758692E+01 -2.3317723180E+01  3.0288537072E-03
F21      -8.7757659920E-01  2.6176783088E-05  9.9838253326E+01 -9.9949548019E+01  2.8647199650E-01
F22      -8.8900678350E-01  7.2553523954E-05  9.9813450916E+01 -9.9924717961E+01  2.3002022429E-01
F23      -8.6888714130E-01  2.2924230569E-05  9.9858800794E+01 -9.9970118393E+01  3.2671344578E-01
F24      -8.8297629490E-01  7.8961323543E-06  9.9839324216E+01 -9.9950620103E+01  2.7250806156E-01
--------------------------------------------------------------------------------------------------
Total    -4.2414031000E-04 -7.3288599897E-04  7.6451815466E+02 -7.6537040127E+02
 
1st Largest |L(A)| = 4.5761821714E-04, atom C5      
2nd Largest |L(A)| = 2.9041934014E-04, atom N3      
 
Molecular charge q(Mol) from the wfn file:   0.0000000000E+00
Molecular energy E(Mol) from the wfn file:  -7.6755791162E+02
Molecular virial ratio (-V(Mol)/T(Mol)) from the wfn file:   2.0011147500E+00
Note.  K_Scaled(A) = (1+V(Mol)/T(Mol))*K(A) = (E(Mol)/T(Mol))*K(A)
       Only use K_Scaled(A) data with caution.
 
N_AIMInt(SumA)     =        102.000424
N_Analytic(Mol)    =        102.000000
 
G_AIMInt(SumA)     =        764.518888
G_Analytic(Mol)    =        764.518307
 
K_AIMInt(SumA)     =        764.518155
K_Analytic(Mol)    =        764.518307
 
L_AIMInt(SumA)     =         -0.000733
L_Analytic(Mol)    =          0.000000
 
VenT_AIMInt(SumA)  =      -3563.944071
VenT_Analytic(Mol) =      -3563.936213
 
Some Information About the Atomic Calculations:
----------------------------------------------
  Time(sec) = "Elapsed User Time", in Seconds, for Atom A by AIMInt and, if used, by TWOe
  NProc = Number of Processors Used for AIMInt Job
  BIM = Basin Integration Method
  OAQ = Angular Quadrature Outside of Beta Sphere
  ORQ = Multiple of Default for Radial Quadrature Outside of Beta Sphere
  IAQ = Multiple of Default for Angular Quadrature Inside of Beta Sphere
  IRQ = Multiple of Default for Radial Quadrature Inside of Beta Sphere
  MIR = Maximum Integration Radius
------------------------------------------------------------------------------------------------------
Atom A     Time(sec)   NProc      BIM          OAQ                     ORQ      IAQ      IRQ      MIR
------------------------------------------------------------------------------------------------------
C1             64        4     Proaim(5)    4500(GS4)                  1.00     1.00     1.00    13.00
C2             55        4     Proaim(5)    4500(GS4)                  1.00     1.00     1.00    13.00
N3             91        4     Proaim(5)    4500(GS4)                  1.00     1.00     1.00    13.00
N4             51        4     Proaim(5)    4500(GS4)                  1.00     1.00     1.00    13.00
C5             40        4     Proaim(5)    4500(GS4)                  1.00     1.00     1.00    13.00
C6             46        4     Proaim(5)    4500(GS4)                  1.00     1.00     1.00    13.00
H7             10        4     Proaim(5)    1800(GS4)                  1.00     1.00     1.00    13.00
H8             11        4     Proaim(5)    1800(GS4)                  1.00     1.00     1.00    13.00
H9             13        4     Proaim(5)    1800(GS4)                  1.00     1.00     1.00    13.00
C10            65        4     Proaim(5)    4500(GS4)                  1.00     1.00     1.00    13.00
H11            12        4     Proaim(5)    1800(GS4)                  1.00     1.00     1.00    13.00
H12            14        4     Proaim(5)    1800(GS4)                  1.00     1.00     1.00    13.00
H13            11        4     Proaim(5)    1800(GS4)                  1.00     1.00     1.00    13.00
C14            51        4     Proaim(5)    4500(GS4)                  1.00     1.00     1.00    13.00
H15            12        4     Proaim(5)    1800(GS4)                  1.00     1.00     1.00    13.00
H16            11        4     Proaim(5)    1800(GS4)                  1.00     1.00     1.00    13.00
H17            22        4     Proaim(5)    4500(GS4)                  1.00     1.00     1.00    13.00
H18            10        4     Proaim(5)    1800(GS4)                  1.00     1.00     1.00    13.00
H19            13        4     Proaim(5)    1800(GS4)                  1.00     1.00     1.00    13.00
B20            66        4     Proaim(5)    4500(GS4)                  1.00     1.00     1.00    13.00
F21            37        4     Proaim(5)    4500(GS4)                  1.00     1.00     1.00    13.00
F22            47        4     Proaim(5)    4500(GS4)                  1.00     1.00     1.00    13.00
F23            22        4     Proaim(5)    2700(GS4)                  1.00     1.00     1.00    13.00
F24            46        4     Proaim(5)    4500(GS4)                  1.00     1.00     1.00    13.00
------------------------------------------------------------------------------------------------------
Total         820
Note:  Total wall clock time is less than total of atomic times if more than one atom
       was calculated at a time
 
Electron Density Critical Point Analysis of Molecular Structure:               
---------------------------------------------------------------                
  NACP = Nuclear Attractor Critical Point                                      
  NNACP = Non-Nuclear Attractor Critical Point                                 
  BCP = Bond Critical Point                                                    
  RCP = Ring Critical Point                                                    
  CCP = Cage Critical Point                                                    
  Rho = Electron Density                                                       
  GradRho = Gradient of Electron Density                                       
  HessRho_EigVals = Eigenvalues of the Hessian of Rho, Ascending Order         
  HessRho_EigVecs = Eigenvectors of the Hessian of Rho                         
  DelSqRho = Laplacian of Rho = Trace of Hessian of Rho                        
  Bond Ellipticity = (HessRho_EigVal(1) / HessRho_EigVal(2)) - 1               
  V = Virial Field = Potential Energy Density = Trace of Stress Tensor         
  G = Lagrangian Form of Kinetic Energy Density                                
  K = Hamiltonian Form of Kinetic Energy Density                               
  L = K - G = Lagrangian Density = (-1/4)DelSqRho                              
  Vnuc = Electrostatic Potential from Nuclei                                   
  Ven = Electron-nuclear attractive contribution to Virial Field V             
  Vrep = V - Ven = Repulsive contribution to Virial Field V                    
  DelSqV = Laplacian of V                                                      
  DelSqVen = Laplacian of Ven                                                  
  DelSqVrep = Laplacian of Vrep                                                
  DelSqG = Laplacian of G                                                      
  DelSqK = Laplacian of K                                                      
  Stress_EigVals = Eigenvalues of Stress Tensor, Ascending Order               
  Stress_EigVecs = Eigenvectors of Stress Tensor                               
  -DivStress = Ehrenfest Force Density = Minus Divergence of Stress Tensor     
  ESP = Total Electrostatic Potential                                          
  ESPe = Electrostatic Potential from Electrons                                
  ESPn = Electrostatic Potential from Nuclei                                   
  BP = Bond Path                                                               
  BPL = Bond Path Length                                                       
  GBL = Geometric Bond Length                                                  
  GBL_I = Distance Between Nuclear Attractors                                  
  GBL_II = Distance Between Nuclei                                             
  GBL_III = Sum of Distances Between BCP and Nuclear Attractors                
  GBL_IV = Sum of Distances Between BCP and Nuclei                             

CP# 1      Coords =  2.50245550647309E+00 -9.32511887529727E-01 -2.22556966831521E+00
           Type = (3,-3) NACP C1
           Rho =  1.1952219558E+02     Rho at Nucleus =  1.1952219259E+02
           GradRho = -2.9149599401E-11 -5.0671480900E-12  3.4593307385E-11
           HessRho_EigVals = -1.8123891033E+05 -1.8123886229E+05 -1.8123622068E+05
           HessRho_EigVec1 =  9.0488360520E-01 -3.9164337790E-01  1.6673669537E-01
           HessRho_EigVec2 = -2.9423020823E-01 -2.9243749250E-01  9.0989499259E-01
           HessRho_EigVec3 =  3.0759428733E-01  8.7240803385E-01  3.7985520514E-01
           DelSqRho = -5.4371399330E+05
           Bond Ellipticity = NA
           V = -1.3594258385E+05
           G =  7.0427605968E+00
           K =  1.3593554109E+05
           L =  1.3592849832E+05
           Vnuc =  1.0446563367E+06
           Ven = -1.2485961899E+08
           Vrep =  1.2472367641E+08
           DelSqV =  4.6071200044E+09
           DelSqVen =  5.6799426662E+11
           DelSqVrep = -5.6338714662E+11
           DelSqG =  2.0613807283E+08
           DelSqK = -4.8132580772E+09
           Stress_EigVals = -4.5314797112E+04 -4.5314015030E+04 -4.5313771703E+04
           Stress_EigVec1 =  3.2328197648E-01  8.6740462547E-01  3.7828293565E-01
           Stress_EigVec2 =  1.6328466811E-01 -4.4488391392E-01  8.8057732216E-01
           Stress_EigVec3 =  9.3210883530E-01 -2.2290697355E-01 -2.8545682738E-01
           -DivStress = -3.5169086615E+03  4.2694908848E+03 -6.5962704718E+03
           ESP =  -1.4642515338E+01     ESP at Nucleus =  -1.4642515422E+01
           ESPe = -3.3938818868E+01     ESPe at Nucleus = -3.3938812763E+01
           ESPn =  1.9296303530E+01     ESPn at Nucleus =  1.9296297342E+01

CP# 2      Coords =  3.09483582128308E+00  1.56384446310019E+00 -2.32295122867995E+00
           Type = (3,-3) NACP C2
           Rho =  1.1949822185E+02     Rho at Nucleus =  1.1949821889E+02
           GradRho =  2.3000726324E-11 -4.3395773086E-12 -3.4845969860E-11
           HessRho_EigVals = -1.8120228725E+05 -1.8120172815E+05 -1.8119962945E+05
           HessRho_EigVec1 = -3.9783461862E-01 -3.3267760745E-01 -8.5501650611E-01
           HessRho_EigVec2 =  9.1322903714E-01 -2.3296153025E-01 -3.3427780534E-01
           HessRho_EigVec3 =  8.7979213147E-02  9.1381318382E-01 -3.9649101267E-01
           DelSqRho = -5.4360364485E+05
           Bond Ellipticity = NA
           V = -1.3591505080E+05
           G =  7.0697942188E+00
           K =  1.3590798101E+05
           L =  1.3590091121E+05
           Vnuc =  1.0492196401E+06
           Ven = -1.2537988132E+08
           Vrep =  1.2524396627E+08
           DelSqV =  4.6061898227E+09
           DelSqVen =  5.7035961856E+11
           DelSqVrep = -5.6575342874E+11
           DelSqG =  2.0609583137E+08
           DelSqK = -4.8122856541E+09
           Stress_EigVals = -4.5305575505E+04 -4.5304781099E+04 -4.5304694196E+04
           Stress_EigVec1 =  7.3905618970E-02  9.1289166678E-01 -4.0145580604E-01
           Stress_EigVec2 =  2.9113521093E-01  3.6527063111E-01  8.8420453234E-01
           Stress_EigVec3 =  9.5382296494E-01 -1.8222560403E-01 -2.3877935588E-01
           -DivStress = -3.9584784620E+03 -3.6175745277E+03 -6.6844639893E+03
           ESP =  -1.4643006304E+01     ESP at Nucleus =  -1.4643006386E+01
           ESPe = -3.3163246096E+01     ESPe at Nucleus = -3.3163241261E+01
           ESPn =  1.8520239792E+01     ESPn at Nucleus =  1.8520234875E+01

CP# 3      Coords =  3.14671023462680E+00 -1.79661581812977E+00  1.44046061171232E-01
           Type = (3,-3) NACP N3
           Rho =  1.9376724991E+02     Rho at Nucleus =  1.9376724932E+02
           GradRho =  1.4513550084E-11  6.6435545173E-09  1.9202000510E-09
           HessRho_EigVals = -4.0299329092E+05 -4.0299202553E+05 -4.0298703363E+05
           HessRho_EigVec1 =  4.0962166149E-01  4.3557211953E-01  8.0155288230E-01
           HessRho_EigVec2 =  1.4371318303E-01  8.3686699332E-01 -5.2820465400E-01
           HessRho_EigVec3 =  9.0086437129E-01 -3.3155778406E-01 -2.8020139252E-01
           DelSqRho = -1.2089723501E+06
           Bond Ellipticity = NA
           V = -3.0229069799E+05
           G =  2.3805238492E+01
           K =  3.0226689276E+05
           L =  3.0224308752E+05
           Vnuc =  4.0980256918E+06
           Ven = -7.9406316835E+08
           Vrep =  7.9376087766E+08
           DelSqV =  1.4117082006E+10
           DelSqVen =  4.9543997030E+12
           DelSqVrep = -4.9402825883E+12
           DelSqG =  6.2869659893E+08
           DelSqK = -1.4745778605E+10
           Stress_EigVals = -1.0076422235E+05 -1.0076340234E+05 -1.0076307331E+05
           Stress_EigVec1 =  8.8999899180E-01 -3.6421529121E-01 -2.7431554139E-01
           Stress_EigVec2 =  1.8941686251E-01  8.4258000756E-01 -5.0416285371E-01
           Stress_EigVec3 =  4.1475661152E-01  3.9674444231E-01  8.1888387497E-01
           -DivStress =  2.3707577360E+01 -7.5411399166E+03 -2.1646636363E+03
           ESP =  -1.8221953737E+01     ESP at Nucleus =  -1.8221953746E+01
           ESPe = -3.7969258178E+01     ESPe at Nucleus = -3.7969256435E+01
           ESPn =  1.9747304442E+01     ESPn at Nucleus =  1.9747302689E+01

CP# 4      Coords =  3.95694025418637E+00  2.22684779302605E+00  5.09284739338212E-02
           Type = (3,-3) NACP N4
           Rho =  1.9373562619E+02     Rho at Nucleus =  1.9373562601E+02
           GradRho = -3.0598321620E-10 -7.0079643911E-10  8.5813917083E-10
           HessRho_EigVals = -4.0292629405E+05 -4.0292558795E+05 -4.0291990471E+05
           HessRho_EigVec1 = -1.2356879678E-01  7.2781945831E-01 -6.7454398564E-01
           HessRho_EigVec2 =  1.8978262065E-01  6.8453940991E-01  7.0383830045E-01
           HessRho_EigVec3 =  9.7401915246E-01 -4.1044273424E-02 -2.2271519539E-01
           DelSqRho = -1.2087717867E+06
           Bond Ellipticity = NA
           V = -3.0224065775E+05
           G =  2.3855538373E+01
           K =  3.0221680221E+05
           L =  3.0219294668E+05
           Vnuc =  7.3720205982E+06
           Ven = -1.4282230269E+09
           Vrep =  1.4279207862E+09
           DelSqV =  1.4114752786E+10
           DelSqVen =  8.9110915318E+12
           DelSqVrep = -8.8969767790E+12
           DelSqG =  6.2859079052E+08
           DelSqK = -1.4743343576E+10
           Stress_EigVals = -1.0074760834E+05 -1.0074661000E+05 -1.0074643941E+05
           Stress_EigVec1 =  9.7820887790E-01 -3.7376257010E-03 -2.0758955021E-01
           Stress_EigVec2 =  1.3054190767E-01  7.8855806728E-01  6.0094507642E-01
           Stress_EigVec3 =  1.6145030674E-01 -6.1494894478E-01  7.7186241894E-01
           -DivStress =  1.1725480620E+03  2.7881679910E+03 -3.1418719273E+03
           ESP =  -1.8212594205E+01     ESP at Nucleus =  -1.8212594207E+01
           ESPe = -3.6930801168E+01     ESPe at Nucleus = -3.6930800237E+01
           ESPn =  1.8718206963E+01     ESPn at Nucleus =  1.8718206030E+01

CP# 5      Coords =  3.94278570895060E+00  1.68179323572938E-01  1.51175233475167E+00
           Type = (3,-3) NACP C5
           Rho =  1.1954739112E+02     Rho at Nucleus =  1.1954738995E+02
           GradRho =  2.2249410647E-11 -1.3380963004E-12  1.4935202380E-11
           HessRho_EigVals = -1.8127919721E+05 -1.8127799167E+05 -1.8127645628E+05
           HessRho_EigVec1 =  9.2599764159E-01 -2.4714746267E-01 -2.8538833098E-01
           HessRho_EigVec2 =  2.3432445225E-01  9.6895864461E-01 -7.8811142062E-02
           HessRho_EigVec3 =  2.9600746417E-01  6.1054673437E-03  9.5516611352E-01
           DelSqRho = -5.4383364517E+05
           Bond Ellipticity = NA
           V = -1.3597221968E+05
           G =  6.9041945375E+00
           K =  1.3596531549E+05
           L =  1.3595841129E+05
           Vnuc =  1.6705837235E+06
           Ven = -1.9971392580E+08
           Vrep =  1.9957795358E+08
           DelSqV =  4.6081276965E+09
           DelSqVen =  9.0851963290E+11
           DelSqVrep = -9.0391150930E+11
           DelSqG =  2.0618492134E+08
           DelSqK = -4.8143126178E+09
           Stress_EigVals = -4.5324551810E+04 -4.5324138925E+04 -4.5323528946E+04
           Stress_EigVec1 =  2.8629849615E-01  1.1552006734E-02  9.5807083363E-01
           Stress_EigVec2 =  2.0724951563E-01  9.7550848113E-01 -7.3694243388E-02
           Stress_EigVec3 =  9.3545754012E-01 -2.1965826727E-01 -2.7689246333E-01
           -DivStress = -4.3400232718E+02 -2.7509741984E+02  5.3593463116E+03
           ESP =  -1.4569696107E+01     ESP at Nucleus =  -1.4569696127E+01
           ESPe = -3.3741803041E+01     ESPe at Nucleus = -3.3741796849E+01
           ESPn =  1.9172106934E+01     ESPn at Nucleus =  1.9172100722E+01

CP# 6      Coords =  4.37464762347812E+00  4.81660445667037E+00  9.22653882535425E-01
           Type = (3,-3) NACP C6
           Rho =  1.1937368687E+02     Rho at Nucleus =  1.1937368260E+02
           GradRho = -6.7459667193E-11  5.3842684651E-11  8.6050366051E-12
           HessRho_EigVals = -1.8101298596E+05 -1.8100969035E+05 -1.8100948824E+05
           HessRho_EigVec1 =  1.6372055650E-01  9.3139307863E-01  3.2511922806E-01
           HessRho_EigVec2 = -7.6926986640E-02 -3.1650906607E-01  9.4546509709E-01
           HessRho_EigVec3 =  9.8350283076E-01 -1.7980251437E-01  1.9830222480E-02
           DelSqRho = -5.4303216455E+05
           Bond Ellipticity = NA
           V = -1.3577201731E+05
           G =  6.9880863301E+00
           K =  1.3576502922E+05
           L =  1.3575804114E+05
           Vnuc =  8.7421845717E+05
           Ven = -1.0435868036E+08
           Vrep =  1.0422290834E+08
           DelSqV =  4.6013650516E+09
           DelSqVen =  4.7472874214E+11
           DelSqVrep = -4.7012737709E+11
           DelSqG =  2.0587689900E+08
           DelSqK = -4.8072419506E+09
           Stress_EigVals = -4.5257668487E+04 -4.5257617646E+04 -4.5256731178E+04
           Stress_EigVec1 =  9.8398726529E-01 -1.7665733490E-01  2.3690668679E-02
           Stress_EigVec2 = -7.9455816774E-02 -3.1577488867E-01  9.4550145048E-01
           Stress_EigVec3 =  1.5954884812E-01  9.3224374801E-01  3.2475492198E-01
           -DivStress =  3.8345388328E+02  9.8385586753E+03  2.9296758773E+03
           ESP =  -1.4629321498E+01     ESP at Nucleus =  -1.4629321600E+01
           ESPe = -2.9625760953E+01     ESPe at Nucleus = -2.9625748269E+01
           ESPn =  1.4996439455E+01     ESPn at Nucleus =  1.4996426669E+01

CP# 7      Coords =  5.60563994634691E+00  5.77485420927648E+00 -3.72564844866509E-01
           Type = (3,-3) NACP H7
           Rho =  4.3142609179E-01     Rho at Nucleus =  4.2755987089E-01
           GradRho = -1.0031673842E-12 -8.0961868205E-13  1.0320085715E-12
           HessRho_EigVals = -8.4515558401E+00 -8.4437223975E+00 -7.7008429000E+00
           HessRho_EigVec1 = -1.5667635802E-01  8.4681339266E-01  5.0829085851E-01
           HessRho_EigVec2 =  7.7947360803E-01 -2.1003001325E-01  5.9017648879E-01
           HessRho_EigVec3 =  6.0652569049E-01  4.8866601226E-01 -6.2716195296E-01
           DelSqRho = -2.4596121138E+01
           Bond Ellipticity = NA
           V = -6.1599499159E+00
           G =  5.4598157395E-03
           K =  6.1544901002E+00
           L =  6.1490302844E+00
           Vnuc =  4.6956560274E+01
           Ven = -2.0258285283E+01
           Vrep =  1.4098335367E+01
           DelSqV =  1.5761825344E+03
           DelSqVen =  1.1549492447E+03
           DelSqVrep =  4.2123328964E+02
           DelSqG =  1.1729264482E+02
           DelSqK = -1.6934751792E+03
           Stress_EigVals = -2.1165901701E+00 -2.1160826006E+00 -1.9272771452E+00
           Stress_EigVec1 = -7.3318144798E-01  6.4967043210E-01 -2.0093106776E-01
           Stress_EigVec2 =  3.0849206146E-01  5.8107241077E-01  7.5311851754E-01
           Stress_EigVec3 =  6.0603433266E-01  4.9018688589E-01 -6.2644968238E-01
           -DivStress =  9.7229187927E+00  7.8628734972E+00 -1.0021022761E+01
           ESP =  -1.0453929928E+00     ESP at Nucleus =  -1.0467724046E+00
           ESPe = -1.5862262057E+01     ESPe at Nucleus = -1.5780291473E+01
           ESPn =  1.4816869064E+01     ESPn at Nucleus =  1.4733519068E+01

CP# 8      Coords =  5.23321149015633E+00  4.76845530958693E+00  2.75692993817323E+00
           Type = (3,-3) NACP H8
           Rho =  4.3177387223E-01     Rho at Nucleus =  4.2791858445E-01
           GradRho = -2.5266227522E-14 -8.8274470334E-16 -5.8071135731E-14
           HessRho_EigVals = -8.4521693780E+00 -8.4456908017E+00 -7.7059213596E+00
           HessRho_EigVec1 = -5.3339276598E-02  9.9839096112E-01  1.9246047220E-02
           HessRho_EigVec2 =  9.0467249443E-01  5.6473986959E-02 -4.2234863161E-01
           HessRho_EigVec3 =  4.2275595726E-01  5.1164009364E-03  9.0622912282E-01
           DelSqRho = -2.4603781539E+01
           Bond Ellipticity = NA
           V = -6.1620669776E+00
           G =  5.5607963969E-03
           K =  6.1565061812E+00
           L =  6.1509453848E+00
           Vnuc =  4.7397956326E+01
           Ven = -2.0465199139E+01
           Vrep =  1.4303132161E+01
           DelSqV =  1.5767356529E+03
           DelSqVen =  1.1661689629E+03
           DelSqVrep =  4.1056669004E+02
           DelSqG =  1.1727278709E+02
           DelSqK = -1.6940084400E+03
           Stress_EigVals = -2.1171055985E+00 -2.1164490029E+00 -1.9285123762E+00
           Stress_EigVec1 =  8.9510795580E-01 -1.6036098885E-01 -4.1601214010E-01
           Stress_EigVec2 =  1.4242795734E-01  9.8703358273E-01 -7.4020156255E-02
           Stress_EigVec3 =  4.2248789856E-01  7.0042714094E-03  9.0634150062E-01
           -DivStress =  6.7582092916E+00  2.2089091371E-01  1.4502151522E+01
           ESP =  -1.0391303492E+00     ESP at Nucleus =  -1.0405125172E+00
           ESPe = -1.6243360363E+01     ESPe at Nucleus = -1.6164769719E+01
           ESPn =  1.5204230014E+01     ESPn at Nucleus =  1.5124257202E+01

CP# 9      Coords =  2.58495895888607E+00  5.76660464563365E+00  1.02868899374634E+00
           Type = (3,-3) NACP H9
           Rho =  4.2657654427E-01     Rho at Nucleus =  4.2255961692E-01
           GradRho =  8.6345156285E-14 -4.5565927333E-14 -6.1144055856E-15
           HessRho_EigVals = -8.3573456541E+00 -8.3489452567E+00 -7.5858655510E+00
           HessRho_EigVec1 =  4.7084719448E-01  8.4212458853E-01  2.6292412755E-01
           HessRho_EigVec2 = -7.5704038550E-02 -2.5836007596E-01  9.6307786274E-01
           HessRho_EigVec3 =  8.7896064644E-01 -4.7336692802E-01 -5.7895884615E-02
           DelSqRho = -2.4292156462E+01
           Bond Ellipticity = NA
           V = -6.0835212501E+00
           G =  5.2410673137E-03
           K =  6.0782801828E+00
           L =  6.0730391155E+00
           Vnuc =  4.7482030568E+01
           Ven = -2.0254720515E+01
           Vrep =  1.4171199265E+01
           DelSqV =  1.5542651741E+03
           DelSqVen =  1.1534409157E+03
           DelSqVrep =  4.0082425842E+02
           DelSqG =  1.1572412276E+02
           DelSqK = -1.6699892969E+03
           Stress_EigVals = -2.0926242464E+00 -2.0923993267E+00 -1.8984976770E+00
           Stress_EigVec1 =  4.4961120890E-01  8.6163572372E-01 -2.3544349735E-01
           Stress_EigVec2 =  1.6174544908E-01  1.8069419937E-01  9.7014845050E-01
           Stress_EigVec3 =  8.7845783651E-01 -4.7427153186E-01 -5.8123519656E-02
           -DivStress = -1.4315045657E+01  7.6101054664E+00  9.3973385229E-01
           ESP =  -1.0530718860E+00     ESP at Nucleus =  -1.0544960374E+00
           ESPe = -1.7208845574E+01     ESPe at Nucleus = -1.7143228559E+01
           ESPn =  1.6155773688E+01     ESPn at Nucleus =  1.6088732521E+01

CP# 10     Coords =  2.54213384759789E+00 -4.31719543411477E+00  1.22241961367393E+00
           Type = (3,-3) NACP C10
           Rho =  1.1939162705E+02     Rho at Nucleus =  1.1939162212E+02
           GradRho =  2.8548160472E-11 -2.6371116337E-11  2.6047849316E-12
           HessRho_EigVals = -1.8104467804E+05 -1.8104105167E+05 -1.8104088274E+05
           HessRho_EigVec1 =  2.0046182303E-01  8.8510636344E-01 -4.2000212250E-01
           HessRho_EigVec2 =  9.7016154122E-01 -1.1966119458E-01  2.1087385433E-01
           HessRho_EigVec3 = -1.3638783465E-01  4.4974206375E-01  8.8268365492E-01
           DelSqRho = -5.4312661246E+05
           Bond Ellipticity = NA
           V = -1.3579534670E+05
           G =  6.8467917370E+00
           K =  1.3578849991E+05
           L =  1.3578165311E+05
           Vnuc =  8.1297689213E+05
           Ven = -9.7062633906E+07
           Vrep =  9.6926838560E+07
           DelSqV =  4.6021632579E+09
           DelSqVen =  4.4154938586E+11
           DelSqVrep = -4.3694722260E+11
           DelSqG =  2.0591725144E+08
           DelSqK = -4.8080805093E+09
           Stress_EigVals = -4.5265476272E+04 -4.5265430368E+04 -4.5264440058E+04
           Stress_EigVec1 = -4.8255614421E-02  4.3919441917E-01  8.9709512196E-01
           Stress_EigVec2 =  9.7819879077E-01 -1.6084404048E-01  1.3136331446E-01
           Stress_EigVec3 =  2.0198643870E-01  8.8387638096E-01 -4.2185782174E-01
           -DivStress = -3.1274831495E+03 -9.6503200380E+03  4.3793481126E+03
           ESP =  -1.4637930418E+01     ESP at Nucleus =  -1.4637930537E+01
           ESPe = -3.1801981302E+01     ESPe at Nucleus = -3.1801970289E+01
           ESPn =  1.7164050884E+01     ESPn at Nucleus =  1.7164039752E+01

CP# 11     Coords =  4.40015219952224E+00  1.22283905900767E-01  3.45674604705005E+00
           Type = (3,-3) NACP H11
           Rho =  4.2329811925E-01     Rho at Nucleus =  4.1869588691E-01
           GradRho = -2.2037493358E-15  4.4235448637E-17  1.4009518372E-15
           HessRho_EigVals = -8.2712139180E+00 -8.2590938575E+00 -7.4233878684E+00
           HessRho_EigVec1 =  1.9927296024E-01  9.7971026139E-01 -2.1403061484E-02
           HessRho_EigVec2 =  9.5502069503E-01 -1.9905299225E-01 -2.1980304445E-01
           HessRho_EigVec3 =  2.1960364156E-01 -2.3360436684E-02  9.7530945377E-01
           DelSqRho = -2.3953695644E+01
           Bond Ellipticity = NA
           V = -5.9978934617E+00
           G =  4.7347753511E-03
           K =  5.9931586863E+00
           L =  5.9884239110E+00
           Vnuc =  4.6644847670E+01
           Ven = -1.9744676292E+01
           Vrep =  1.3746782830E+01
           DelSqV =  1.5239869621E+03
           DelSqVen =  1.1173164845E+03
           DelSqVrep =  4.0667047762E+02
           DelSqG =  1.1342664727E+02
           DelSqK = -1.6374136093E+03
           Stress_EigVals = -2.0704180950E+00 -2.0703985261E+00 -1.8570768406E+00
           Stress_EigVec1 =  5.5452035902E-01  8.2552043417E-01 -1.0499135293E-01
           Stress_EigVec2 =  8.0272473724E-01 -5.6388964219E-01 -1.9406562719E-01
           Stress_EigVec3 =  2.1940867725E-01 -2.3334185067E-02  9.7535396044E-01
           -DivStress =  3.7362998284E+00 -4.0863016733E-01  1.6851982197E+01
           ESP =  -9.7651492804E-01     ESP at Nucleus =  -9.7823110435E-01
           ESPe = -1.8575254618E+01     ESPe at Nucleus = -1.8467739027E+01
           ESPn =  1.7598739690E+01     ESPn at Nucleus =  1.7489507923E+01

CP# 12     Coords =  1.66350978279249E+00 -2.10763121002795E+00 -3.60221208771469E+00
           Type = (3,-3) NACP H12
           Rho =  4.2313100801E-01     Rho at Nucleus =  4.1860095030E-01
           GradRho =  1.3347612945E-15  2.3282970604E-15  3.4499719704E-15
           HessRho_EigVals = -8.2770897716E+00 -8.2659368851E+00 -7.4420294210E+00
           HessRho_EigVec1 =  1.2417499034E-02 -7.7516898073E-01  6.3163189995E-01
           HessRho_EigVec2 =  9.0028007088E-01 -2.6621977605E-01 -3.4441664422E-01
           HessRho_EigVec3 =  4.3513400200E-01  5.7292240501E-01  6.9456340110E-01
           DelSqRho = -2.3985056078E+01
           Bond Ellipticity = NA
           V = -6.0070631761E+00
           G =  5.3995783256E-03
           K =  6.0016635978E+00
           L =  5.9962640194E+00
           Vnuc =  4.7784183779E+01
           Ven = -2.0218969849E+01
           Vrep =  1.4211906673E+01
           DelSqV =  1.5274865316E+03
           DelSqVen =  1.1461063276E+03
           DelSqVrep =  3.8138020406E+02
           DelSqG =  1.1378620233E+02
           DelSqK = -1.6412727340E+03
           Stress_EigVals = -2.0729041836E+00 -2.0724152948E+00 -1.8617436976E+00
           Stress_EigVec1 = -8.9960135714E-01  2.5086429074E-01  3.5746958733E-01
           Stress_EigVec2 =  3.0002573334E-02 -7.8111126295E-01  6.2367061859E-01
           Stress_EigVec3 =  4.3568020821E-01  5.7177994240E-01  6.9516217794E-01
           -DivStress = -7.5731875217E+00 -9.7692620538E+00 -1.1879467390E+01
           ESP =  -1.0284292883E+00     ESP at Nucleus =  -1.0300969738E+00
           ESPe = -1.9511051385E+01     ESPe at Nucleus = -1.9414768858E+01
           ESPn =  1.8482622097E+01     ESPn at Nucleus =  1.8384671884E+01

CP# 13     Coords =  2.80778073023080E+00  2.91695459209402E+00 -3.76541520386534E+00
           Type = (3,-3) NACP H13
           Rho =  4.2246354981E-01     Rho at Nucleus =  4.1806499618E-01
           GradRho =  2.6951097604E-15 -7.7093821778E-15  5.9902170030E-15
           HessRho_EigVals = -8.2687565754E+00 -8.2563813669E+00 -7.4538105056E+00
           HessRho_EigVec1 =  3.3956146503E-01  7.3133522104E-01  5.9147849152E-01
           HessRho_EigVec2 = -9.2681432045E-01  1.5294847065E-01  3.4296061105E-01
           HessRho_EigVec3 =  1.6035344359E-01 -6.6464694372E-01  7.2974736268E-01
           DelSqRho = -2.3978948448E+01
           Bond Ellipticity = NA
           V = -6.0058737839E+00
           G =  5.5683359705E-03
           K =  6.0003054479E+00
           L =  5.9947371120E+00
           Vnuc =  4.6899617656E+01
           Ven = -1.9813378960E+01
           Vrep =  1.3807505176E+01
           DelSqV =  1.5289899094E+03
           DelSqVen =  1.1246035140E+03
           DelSqVrep =  4.0438639537E+02
           DelSqG =  1.1389987466E+02
           DelSqK = -1.6428897840E+03
           Stress_EigVals = -2.0710517426E+00 -2.0701761703E+00 -1.8646458710E+00
           Stress_EigVec1 =  9.1501039961E-01 -1.7756334761E-01 -3.6225298646E-01
           Stress_EigVec2 =  3.7022380912E-01  7.2632499576E-01  5.7912548873E-01
           Stress_EigVec3 =  1.6028193838E-01 -6.6402052538E-01  7.3033310353E-01
           -DivStress = -2.7971920179E+00  1.1188286808E+01 -1.2338502408E+01
           ESP =  -1.0230559131E+00     ESP at Nucleus =  -1.0246867684E+00
           ESPe = -1.8183040986E+01     ESPe at Nucleus = -1.8082122546E+01
           ESPn =  1.7159985073E+01     ESPn at Nucleus =  1.7057435778E+01

CP# 14     Coords =  4.82207286931686E-01 -5.66868848322397E+00 -2.58712935854338E-01
           Type = (3,-3) NACP C14
           Rho =  1.1936184232E+02     Rho at Nucleus =  1.1936184143E+02
           GradRho = -2.2440359236E-12 -4.0740374597E-11 -4.3997842614E-12
           HessRho_EigVals = -1.8099055186E+05 -1.8098955818E+05 -1.8098889948E+05
           HessRho_EigVec1 = -6.2985968466E-01 -5.6854817705E-01 -5.2917837069E-01
           HessRho_EigVec2 = -4.2858784907E-01 -3.1378522145E-01  8.4726105211E-01
           HessRho_EigVec3 = -6.4775707890E-01  7.6045499878E-01 -4.6032179661E-02
           DelSqRho = -5.4296900953E+05
           Bond Ellipticity = NA
           V = -1.3575652976E+05
           G =  7.1386891251E+00
           K =  1.3574939107E+05
           L =  1.3574225238E+05
           Vnuc =  1.9097677160E+06
           Ven = -2.2795339300E+08
           Vrep =  2.2781763647E+08
           DelSqV =  4.6008335508E+09
           DelSqVen =  1.0369447076E+12
           DelSqVrep = -1.0323438761E+12
           DelSqG =  2.0584987270E+08
           DelSqK = -4.8066834235E+09
           Stress_EigVals = -4.5252378238E+04 -4.5252205018E+04 -4.5251946504E+04
           Stress_EigVec1 = -6.3876958270E-01  7.6787770973E-01 -4.8345042294E-02
           Stress_EigVec2 = -4.3372212107E-01 -3.0747352959E-01  8.4696230748E-01
           Stress_EigVec3 = -6.3549865610E-01 -5.6198207400E-01 -5.2945028717E-01
           -DivStress = -4.4537493268E+03 -2.3678757529E+01 -1.5011477838E+03
           ESP =  -1.4717788473E+01     ESP at Nucleus =  -1.4717788494E+01
           ESPe = -3.0293015859E+01     ESPe at Nucleus = -3.0293014195E+01
           ESPn =  1.5575227386E+01     ESPn at Nucleus =  1.5575225701E+01

CP# 15     Coords =  1.91624723987885E+00 -3.96813527775607E+00  3.12048714197506E+00
           Type = (3,-3) NACP H15
           Rho =  4.3551144609E-01     Rho at Nucleus =  4.3160613851E-01
           GradRho =  3.4372353054E-14 -1.7575459317E-14 -9.8001576472E-14
           HessRho_EigVals = -8.5340906588E+00 -8.5267453579E+00 -7.7734925582E+00
           HessRho_EigVec1 =  1.1310085222E-02  9.8705835983E-01 -1.5996210883E-01
           HessRho_EigVec2 =  9.4605585506E-01  4.1240487493E-02  3.2136823317E-01
           HessRho_EigVec3 = -3.2380611649E-01  1.5496779175E-01  9.3334590718E-01
           DelSqRho = -2.4834328575E+01
           Bond Ellipticity = NA
           V = -6.2196457288E+00
           G =  5.5317925481E-03
           K =  6.2141139363E+00
           L =  6.2085821437E+00
           Vnuc =  4.9790040670E+01
           Ven = -2.1684132613E+01
           Vrep =  1.5464486884E+01
           DelSqV =  1.5912911187E+03
           DelSqVen =  1.2365022298E+03
           DelSqVrep =  3.5478888896E+02
           DelSqG =  1.1845855507E+02
           DelSqK = -1.7097496738E+03
           Stress_EigVals = -2.1370949306E+00 -2.1368946591E+00 -1.9456561390E+00
           Stress_EigVec1 =  8.5857846602E-01 -3.6636051689E-01  3.5864047366E-01
           Stress_EigVec2 =  3.9705175692E-01  9.1770305423E-01 -1.3076948727E-02
