AIMSum (Version 17.11.14, Professional)
Copyright (c) 1997-2017 by Todd A. Keith
AIMSum is a component of the AIMAll package ( http://aim.tkgristmill.com )

TP:  64-bit Linux

Much of the Quantum Theory of Atoms in Molecules (QTAIM) is described in the book:
  "Atoms in Molecules - A Quantum Theory"
  R.F.W. Bader, Oxford University Press, Oxford, 1990

For additional references see:  http://aim.tkgristmill.com/references.html

Wfn File:  /home/localuser/Desktop/AIMAll/emimbf4/wfn/375.wfn
Sum File:  /home/localuser/Desktop/AIMAll/emimbf4/wfn/375.sum

SumViz File:  /home/localuser/Desktop/AIMAll/emimbf4/wfn/375.sumviz

Wfn Title:  B3LYP                                                                          
 
Total memory allocated for AIMSum =        1.481 Megabytes

Atomic units (a.u.) used throughout, except where stated otherwise

Model:  Restricted SCF
 
Restricted, closed-shell, single-determinant wavefunction.
  Number of electrons (from MO Occs)                   =         102.0000000000
  Number of Alpha electrons (from MO Occs)             =          51.0000000000
  Number of Beta electrons (from MO Occs)              =          51.0000000000
  Number of electron pairs (N*(N-1)/2)                 =        5151.0000000000
  Number of electron pairs (from Muller 2EDM)          =        5151.0000000000
 
Nuclear Charges and Cartesian Coordinates:
-------------------------------------------------------------------------------
Atom      Charge                X                  Y                  Z
-------------------------------------------------------------------------------
C1         6.0          -2.5941451600E+00   7.6596095000E-01  -2.4781841900E+00
C2         6.0          -3.2577279800E+00  -1.7001094500E+00  -2.2318953600E+00
N3         7.0          -3.1947326200E+00   1.9579691100E+00  -2.4158137000E-01
N4         7.0          -4.1008183900E+00  -2.0156412500E+00   2.1934952000E-01
C5         6.0          -4.0148242000E+00   2.1848310000E-01   1.3913670000E+00
C6         6.0          -4.5115892900E+00  -4.4552834100E+00   1.4508972600E+00
H7         1.0          -5.6505808200E+00  -5.6539486800E+00   2.2511313000E-01
H8         1.0          -5.5049793200E+00  -4.1591167500E+00   3.2277852600E+00
H9         1.0          -2.6781878600E+00  -5.3259220300E+00   1.8100376200E+00
C10        6.0          -2.5294135200E+00   4.5949398600E+00   3.9649049000E-01
H11        1.0          -4.4789777000E+00   5.5049507000E-01   3.3426518900E+00
H12        1.0          -1.7356017500E+00   1.7542237400E+00  -4.0315558600E+00
H13        1.0          -3.0298820100E+00  -3.2685286500E+00  -3.5037339200E+00
C14        6.0           3.0946371000E-01   4.9180638400E+00   7.7031712000E-01
H15        1.0          -3.5882352800E+00   5.0736636300E+00   2.1007957100E+00
H16        1.0          -3.2465810400E+00   5.7755371200E+00  -1.1361511500E+00
H17        1.0           1.0086073500E+00   3.7341076400E+00   2.3039210200E+00
H18        1.0           7.0382104000E-01   6.8974552000E+00   1.2056146300E+00
H19        1.0           1.3599274400E+00   4.3759258600E+00  -9.1680477000E-01
B20        5.0           3.8590853700E+00  -7.1843495000E-01   4.5796090000E-02
F21        9.0           5.2941497900E+00  -2.8844809100E+00  -2.9132850000E-01
F22        9.0           1.4964717900E+00  -1.3732368700E+00   1.2975986600E+00
F23        9.0           5.0898279500E+00   1.1026365300E+00   1.5141774700E+00
F24        9.0           3.1683851000E+00   3.5390773000E-01  -2.3333088300E+00
 
Some Atomic Properties:
----------------------
  q(A) = Net Charge of Atom A
  L(A) = Lagrangian of Atom A = -(1/4) Times Atomic Integral of the Laplacian of the Electron Density
  K(A) = Electronic Kinetic Energy of Atom A (Hamiltonian Form)
  K_Scaled(A) = K(A) * E(Mol)/K(Mol) = Approximation to Virial-Based Total Energy of Atom A.
  |Mu_Intra(A)| = Magnitude of Intraatomic Dipole Moment of Atom A
--------------------------------------------------------------------------------------------------
Atom A          q(A)              L(A)              K(A)          K_Scaled(A)      |Mu_Intra(A)|
--------------------------------------------------------------------------------------------------
C1        5.6655616700E-01  4.8767949496E-04  3.7458443741E+01 -3.7499358101E+01  7.7926167016E-01
C2        5.3053749510E-01  2.5742611119E-04  3.7463965816E+01 -3.7504886207E+01  7.8811828597E-01
N3       -1.5550495131E+00  1.3263897369E-04  5.5400410070E+01 -5.5460921722E+01  1.7414513713E-01
N4       -1.5558678731E+00  8.6426595902E-05  5.5394004281E+01 -5.5454508936E+01  1.7606009772E-01
C5        1.3542414493E+00  1.8785417945E-04  3.6955428849E+01 -3.6995793786E+01  8.8592265715E-01
C6        5.2149138890E-01 -2.1319422447E-04  3.7437846074E+01 -3.7478737936E+01  6.1844299366E-01
H7        2.5820343330E-02  2.3035155179E-05  6.1184312176E-01 -6.1251141353E-01  1.2129888608E-01
H8        1.7662899310E-02  2.5395670759E-05  6.1512850958E-01 -6.1580038985E-01  1.2011431837E-01
H9        7.7150974900E-02  3.2238836346E-05  5.8979983484E-01 -5.9044404961E-01  1.1861151411E-01
C10       4.6965071340E-01 -4.8522665542E-05  3.7471684707E+01 -3.7512613530E+01  6.2705722854E-01
H11       1.3009321949E-01  1.9730905553E-05  5.6422861460E-01 -5.6484489894E-01  1.1306322887E-01
H12       1.2445145433E-01  2.9765206510E-05  5.6584793750E-01 -5.6646599056E-01  1.1424402330E-01
H13       1.0229610951E-01  2.1507608713E-05  5.7352122839E-01 -5.7414766269E-01  1.1556377405E-01
C14       1.4210601850E-01  6.9882824331E-05  3.7690773747E+01 -3.7731941871E+01  1.6034112389E-01
H15      -9.4406865000E-03  2.9267401008E-05  6.3256651626E-01 -6.3325744336E-01  1.2259769206E-01
H16       4.5241738600E-03  2.4773485098E-05  6.2650414325E-01 -6.2718844867E-01  1.2390045347E-01
H17       4.2564207800E-02  3.0492410925E-05  6.0316556170E-01 -6.0382437532E-01  1.1815412697E-01
H18      -2.7465357700E-02  2.0284385451E-05  6.2645952441E-01 -6.2714378109E-01  1.2652939247E-01
H19       4.6514021020E-02  6.3347527271E-05  6.0252409331E-01 -6.0318220628E-01  1.1257079951E-01
B20       2.5165339778E+00  1.2400361141E-04  2.3292068975E+01 -2.3317509970E+01  3.9723346537E-03
F21      -8.7022186580E-01  2.3684286444E-05  9.9856064669E+01 -9.9965133454E+01  3.2030419629E-01
F22      -8.9214611670E-01  3.3750548686E-05  9.9815135650E+01 -9.9924159730E+01  2.2704134145E-01
F23      -8.7556772320E-01  1.7891565163E-05  9.9853580828E+01 -9.9962646900E+01  3.0540934757E-01
F24      -8.8552581280E-01  9.5969072490E-06  9.9835721732E+01 -9.9944768297E+01  2.6459825782E-01
--------------------------------------------------------------------------------------------------
Total     9.0966465000E-04  1.4889568013E-03  7.6453671822E+02 -7.6537179110E+02
 
1st Largest |L(A)| = 4.8767949496E-04, atom C1      
2nd Largest |L(A)| = 2.5742611119E-04, atom C2      
 
Molecular charge q(Mol) from the wfn file:   0.0000000000E+00
Molecular energy E(Mol) from the wfn file:  -7.6755931145E+02
Molecular virial ratio (-V(Mol)/T(Mol)) from the wfn file:   2.0010922600E+00
Note.  K_Scaled(A) = (1+V(Mol)/T(Mol))*K(A) = (E(Mol)/T(Mol))*K(A)
       Only use K_Scaled(A) data with caution.
 
N_AIMInt(SumA)     =        101.999090
N_Analytic(Mol)    =        102.000000
 
G_AIMInt(SumA)     =        764.535229
G_Analytic(Mol)    =        764.536247
 
K_AIMInt(SumA)     =        764.536718
K_Analytic(Mol)    =        764.536247
 
L_AIMInt(SumA)     =          0.001489
L_Analytic(Mol)    =          0.000000
 
VenT_AIMInt(SumA)  =      -3575.661052
VenT_Analytic(Mol) =      -3575.676358
 
Some Information About the Atomic Calculations:
----------------------------------------------
  Time(sec) = "Elapsed User Time", in Seconds, for Atom A by AIMInt and, if used, by TWOe
  NProc = Number of Processors Used for AIMInt Job
  BIM = Basin Integration Method
  OAQ = Angular Quadrature Outside of Beta Sphere
  ORQ = Multiple of Default for Radial Quadrature Outside of Beta Sphere
  IAQ = Multiple of Default for Angular Quadrature Inside of Beta Sphere
  IRQ = Multiple of Default for Radial Quadrature Inside of Beta Sphere
  MIR = Maximum Integration Radius
------------------------------------------------------------------------------------------------------
Atom A     Time(sec)   NProc      BIM          OAQ                     ORQ      IAQ      IRQ      MIR
------------------------------------------------------------------------------------------------------
C1            196        4    Promega(1)    4500(GS4)                  1.00     1.00     1.00    13.00
C2            655        4    Promega(5)    4500(GS4)                  1.00     1.00     1.00    13.00
N3             54        4     Proaim(5)    4500(GS4)                  1.00     1.00     1.00    13.00
N4            136        4    Promega(1)    4500(GS4)                  1.00     1.00     1.00    13.00
C5             58        4     Proaim(5)    6300(GS6)                  1.00     1.00     1.00    13.00
C6             51        4     Proaim(5)    4500(GS4)                  1.00     1.00     1.00    13.00
H7              9        4     Proaim(5)    1800(GS4)                  1.00     1.00     1.00    13.00
H8             11        4     Proaim(5)    1800(GS4)                  1.00     1.00     1.00    13.00
H9             13        4     Proaim(5)    1800(GS4)                  1.00     1.00     1.00    13.00
C10            50        4     Proaim(5)    4500(GS4)                  1.00     1.00     1.00    13.00
H11            11        4     Proaim(5)    1800(GS4)                  1.00     1.00     1.00    13.00
H12            12        4     Proaim(5)    1800(GS4)                  1.00     1.00     1.00    13.00
H13            11        4     Proaim(5)    1800(GS4)                  1.00     1.00     1.00    13.00
C14            46        4     Proaim(5)    4500(GS4)                  1.00     1.00     1.00    13.00
H15            11        4     Proaim(5)    1800(GS4)                  1.00     1.00     1.00    13.00
H16             9        4     Proaim(5)    1800(GS4)                  1.00     1.00     1.00    13.00
H17            29        4     Proaim(5)    4500(GS4)                  1.00     1.00     1.00    13.00
H18            11        4     Proaim(5)    1800(GS4)                  1.00     1.00     1.00    13.00
H19            23        4     Proaim(5)    4500(GS4)                  1.00     1.00     1.00    13.00
B20            63        4     Proaim(5)    4500(GS4)                  1.00     1.00     1.00    13.00
F21            23        4     Proaim(5)    2700(GS4)                  1.00     1.00     1.00    13.00
F22           141        4    Promega(1)    4500(GS4)                  1.00     1.00     1.00    13.00
F23            36        4     Proaim(5)    4500(GS4)                  1.00     1.00     1.00    13.00
F24            44        4     Proaim(5)    4500(GS4)                  1.00     1.00     1.00    13.00
------------------------------------------------------------------------------------------------------
Total        1703
Note:  Total wall clock time is less than total of atomic times if more than one atom
       was calculated at a time
 
Electron Density Critical Point Analysis of Molecular Structure:               
---------------------------------------------------------------                
  NACP = Nuclear Attractor Critical Point                                      
  NNACP = Non-Nuclear Attractor Critical Point                                 
  BCP = Bond Critical Point                                                    
  RCP = Ring Critical Point                                                    
  CCP = Cage Critical Point                                                    
  Rho = Electron Density                                                       
  GradRho = Gradient of Electron Density                                       
  HessRho_EigVals = Eigenvalues of the Hessian of Rho, Ascending Order         
  HessRho_EigVecs = Eigenvectors of the Hessian of Rho                         
  DelSqRho = Laplacian of Rho = Trace of Hessian of Rho                        
  Bond Ellipticity = (HessRho_EigVal(1) / HessRho_EigVal(2)) - 1               
  V = Virial Field = Potential Energy Density = Trace of Stress Tensor         
  G = Lagrangian Form of Kinetic Energy Density                                
  K = Hamiltonian Form of Kinetic Energy Density                               
  L = K - G = Lagrangian Density = (-1/4)DelSqRho                              
  Vnuc = Electrostatic Potential from Nuclei                                   
  Ven = Electron-nuclear attractive contribution to Virial Field V             
  Vrep = V - Ven = Repulsive contribution to Virial Field V                    
  DelSqV = Laplacian of V                                                      
  DelSqVen = Laplacian of Ven                                                  
  DelSqVrep = Laplacian of Vrep                                                
  DelSqG = Laplacian of G                                                      
  DelSqK = Laplacian of K                                                      
  Stress_EigVals = Eigenvalues of Stress Tensor, Ascending Order               
  Stress_EigVecs = Eigenvectors of Stress Tensor                               
  -DivStress = Ehrenfest Force Density = Minus Divergence of Stress Tensor     
  ESP = Total Electrostatic Potential                                          
  ESPe = Electrostatic Potential from Electrons                                
  ESPn = Electrostatic Potential from Nuclei                                   
  BP = Bond Path                                                               
  BPL = Bond Path Length                                                       
  GBL = Geometric Bond Length                                                  
  GBL_I = Distance Between Nuclear Attractors                                  
  GBL_II = Distance Between Nuclei                                             
  GBL_III = Sum of Distances Between BCP and Nuclear Attractors                
  GBL_IV = Sum of Distances Between BCP and Nuclei                             

CP# 1      Coords = -2.59414732384404E+00  7.65964501051498E-01 -2.47818027555907E+00
           Type = (3,-3) NACP C1
           Rho =  1.1952356068E+02     Rho at Nucleus =  1.1952355772E+02
           GradRho = -2.4610480320E-11  4.2092995756E-12 -1.4724887976E-11
           HessRho_EigVals = -1.8124120350E+05 -1.8124116422E+05 -1.8123857295E+05
           HessRho_EigVec1 =  7.6438921977E-02  4.8900852272E-01  8.6892333144E-01
           HessRho_EigVec2 =  9.4755388013E-01 -3.0685643455E-01  8.9335171267E-02
           HessRho_EigVec3 =  3.1032037551E-01  8.1652299005E-01 -4.8681769818E-01
           DelSqRho = -5.4372094067E+05
           Bond Ellipticity = NA
           V = -1.3594431861E+05
           G =  7.0417191492E+00
           K =  1.3593727689E+05
           L =  1.3593023517E+05
           Vnuc =  1.0506311027E+06
           Ven = -1.2557517036E+08
           Vrep =  1.2543922604E+08
           DelSqV =  4.6071789627E+09
           DelSqVen =  5.7125013581E+11
           DelSqVrep = -5.6664295659E+11
           DelSqG =  2.0614099265E+08
           DelSqK = -4.8133199553E+09
           Stress_EigVals = -4.5315368744E+04 -4.5314589017E+04 -4.5314360845E+04
           Stress_EigVec1 =  3.3029313136E-01  8.1027579233E-01 -4.8410700031E-01
           Stress_EigVec2 = -1.7245826838E-01  5.5606398221E-01  8.1305042485E-01
           Stress_EigVec3 =  9.2798954361E-01 -1.8505671579E-01  3.2340287398E-01
           -DivStress =  3.2437171457E+03 -5.3240872063E+03 -5.8657970445E+03
           ESP =  -1.4643257339E+01     ESP at Nucleus =  -1.4643257420E+01
           ESPe = -3.3830076160E+01     ESPe at Nucleus = -3.3830070392E+01
           ESPn =  1.9186818821E+01     ESPn at Nucleus =  1.9186812972E+01

CP# 2      Coords = -3.25773062065085E+00 -1.70011122384660E+00 -2.23189068895579E+00
           Type = (3,-3) NACP C2
           Rho =  1.1949771647E+02     Rho at Nucleus =  1.1949771358E+02
           GradRho = -3.5897854134E-11  1.0310792151E-11 -3.5648458144E-11
           HessRho_EigVals = -1.8120146698E+05 -1.8120090885E+05 -1.8119882975E+05
           HessRho_EigVec1 = -4.0361235240E-01 -1.9561815873E-01  8.9377324024E-01
           HessRho_EigVec2 =  9.0664815121E-01 -2.1665576349E-01  3.6200747238E-01
           HessRho_EigVec3 =  1.2282588856E-01  9.5644854337E-01  2.6480178432E-01
           DelSqRho = -5.4360120559E+05
           Bond Ellipticity = NA
           V = -1.3591444126E+05
           G =  7.0699296713E+00
           K =  1.3590737133E+05
           L =  1.3590030140E+05
           Vnuc =  1.0617039977E+06
           Ven = -1.2687120329E+08
           Vrep =  1.2673528885E+08
           DelSqV =  4.6061692094E+09
           DelSqVen =  5.7714357350E+11
           DelSqVrep = -5.7253740481E+11
           DelSqG =  2.0609485060E+08
           DelSqK = -4.8122640600E+09
           Stress_EigVals = -4.5305368664E+04 -4.5304581456E+04 -4.5304491136E+04
           Stress_EigVec1 =  1.0804322023E-01  9.5674294612E-01  2.7012885371E-01
           Stress_EigVec2 = -2.7148521592E-01 -2.3299668047E-01  9.3381385963E-01
           Stress_EigVec3 =  9.5635894940E-01 -1.7422824666E-01  2.3456785365E-01
           -DivStress =  3.9577543978E+03  2.6597696882E+03 -6.9987344520E+03
           ESP =  -1.4643704522E+01     ESP at Nucleus =  -1.4643704602E+01
           ESPe = -3.3160477801E+01     ESPe at Nucleus = -3.3160473036E+01
           ESPn =  1.8516773279E+01     ESPn at Nucleus =  1.8516768434E+01

CP# 3      Coords = -3.19473246341146E+00  1.95796756282452E+00 -2.41580648162715E-01
           Type = (3,-3) NACP N3
           Rho =  1.9376993655E+02     Rho at Nucleus =  1.9376993596E+02
           GradRho =  6.2548843882E-10 -6.3149566201E-09  2.9552423963E-09
           HessRho_EigVals = -4.0299852009E+05 -4.0299717531E+05 -4.0299236919E+05
           HessRho_EigVec1 = -4.0313355122E-01 -3.3936318077E-01  8.4989174100E-01
           HessRho_EigVec2 =  1.5076250337E-01  8.9138289652E-01  4.2744262698E-01
           HessRho_EigVec3 =  9.0263725131E-01 -3.0044827063E-01  3.0818310989E-01
           DelSqRho = -1.2089880646E+06
           Bond Ellipticity = NA
           V = -3.0229466284E+05
           G =  2.3823344680E+01
           K =  3.0227083949E+05
           L =  3.0224701615E+05
           Vnuc =  4.0829741153E+06
           Ven = -7.9115763527E+08
           Vrep =  7.9085534061E+08
           DelSqV =  1.4117264635E+10
           DelSqVen =  4.9362670223E+12
           DelSqVrep = -4.9221497577E+12
           DelSqG =  6.2870429087E+08
           DelSqK = -1.4745968926E+10
           Stress_EigVals = -1.0076551725E+05 -1.0076474606E+05 -1.0076439952E+05
           Stress_EigVec1 =  8.9404222504E-01 -3.2881794509E-01  3.0424867925E-01
           Stress_EigVec2 =  2.0044397819E-01  9.0099577748E-01  3.8474513715E-01
           Stress_EigVec3 = -4.0063788069E-01 -2.8299358287E-01  8.7143784667E-01
           -DivStress = -7.1806719492E+02  7.1061047134E+03 -3.3164801053E+03
           ESP =  -1.8221317287E+01     ESP at Nucleus =  -1.8221317296E+01
           ESPe = -3.7916291059E+01     ESPe at Nucleus = -3.7916289026E+01
           ESPn =  1.9694973772E+01     ESPn at Nucleus =  1.9694971730E+01

CP# 4      Coords = -4.10081796490047E+00 -2.01564051958698E+00  2.19350131097432E-01
           Type = (3,-3) NACP N4
           Rho =  1.9373248847E+02     Rho at Nucleus =  1.9373248825E+02
           GradRho =  8.0948405271E-10  1.1596489428E-09  9.3147554166E-10
           HessRho_EigVals = -4.0291990026E+05 -4.0291917314E+05 -4.0291328827E+05
           HessRho_EigVec1 = -1.0176980842E-01  7.8770976590E-01  6.0758228316E-01
           HessRho_EigVec2 = -1.6899123377E-01 -6.1556556767E-01  7.6975385339E-01
           HessRho_EigVec3 =  9.8034936069E-01 -2.4338377455E-02  1.9576203508E-01
           DelSqRho = -1.2087523617E+06
           Bond Ellipticity = NA
           V = -3.0223581520E+05
           G =  2.3862388367E+01
           K =  3.0221195281E+05
           L =  3.0218809042E+05
           Vnuc =  6.7120333058E+06
           Ven = -1.3003389150E+09
           Vrep =  1.3000366792E+09
           DelSqV =  1.4114527609E+10
           DelSqVen =  8.1131859067E+12
           DelSqVrep = -8.0990713258E+12
           DelSqG =  6.2858080442E+08
           DelSqK = -1.4743108413E+10
           Stress_EigVals = -1.0074602946E+05 -1.0074498264E+05 -1.0074480310E+05
           Stress_EigVec1 =  9.8510959191E-01  9.6519799606E-03  1.7165643366E-01
           Stress_EigVec2 =  1.1153634051E-01  7.2393189606E-01 -6.8079531036E-01
           Stress_EigVec3 = -1.3083859019E-01  6.8980392080E-01  7.1207570817E-01
           -DivStress = -1.9492611555E+03 -3.3552436113E+03 -2.8070915813E+03
           ESP =  -1.8215250022E+01     ESP at Nucleus =  -1.8215250025E+01
           ESPe = -3.7016632678E+01     ESPe at Nucleus = -3.7016631495E+01
           ESPn =  1.8801382656E+01     ESPn at Nucleus =  1.8801381470E+01

CP# 5      Coords = -4.01482434737847E+00  2.18482576857491E-01  1.39136351936351E+00
           Type = (3,-3) NACP C5
           Rho =  1.1954575036E+02     Rho at Nucleus =  1.1954574924E+02
           GradRho =  7.1459435591E-11 -9.8001988469E-13 -4.4579340219E-12
           HessRho_EigVals = -1.8127686032E+05 -1.8127565512E+05 -1.8127412455E+05
           HessRho_EigVec1 =  9.2490394278E-01 -2.0041587095E-01  3.2308849454E-01
           HessRho_EigVec2 =  2.3881043405E-01  9.6746882256E-01 -8.3508406490E-02
           HessRho_EigVec3 = -2.9584163538E-01  1.5439415803E-01  9.4267712964E-01
           DelSqRho = -5.4382663999E+05
           Bond Ellipticity = NA
           V = -1.3597045990E+05
           G =  6.8999534814E+00
           K =  1.3596355995E+05
           L =  1.3595666000E+05
           Vnuc =  1.7032024066E+06
           Ven = -2.0361060971E+08
           Vrep =  2.0347463926E+08
           DelSqV =  4.6080687710E+09
           DelSqVen =  9.2624685056E+11
           DelSqVrep = -9.2163878179E+11
           DelSqG =  2.0618242813E+08
           DelSqK = -4.8142511992E+09
           Stress_EigVals = -4.5323964317E+04 -4.5323552725E+04 -4.5322942862E+04
           Stress_EigVec1 = -2.8175601091E-01  1.4985743712E-01  9.4771108406E-01
           Stress_EigVec2 =  2.2522490097E-01  9.7045988012E-01 -8.6494884560E-02
           Stress_EigVec3 =  9.3267748675E-01 -1.8907768142E-01  3.0718453101E-01
           -DivStress =  2.2204362797E+02  7.8391345839E+02  5.2175688034E+03
           ESP =  -1.4569308094E+01     ESP at Nucleus =  -1.4569308113E+01
           ESPe = -3.3815938731E+01     ESPe at Nucleus = -3.3815932467E+01
           ESPn =  1.9246630637E+01     ESPn at Nucleus =  1.9246624354E+01

CP# 6      Coords = -4.51158918730375E+00 -4.45527718988233E+00  1.45089434201248E+00
           Type = (3,-3) NACP C6
           Rho =  1.1937441786E+02     Rho at Nucleus =  1.1937441358E+02
           GradRho =  5.8902670718E-11 -7.9170736048E-11  6.6537823428E-13
           HessRho_EigVals = -1.8101413200E+05 -1.8101085052E+05 -1.8101061228E+05
           HessRho_EigVec1 =  1.6319272286E-01  8.7744410372E-01 -4.5106538334E-01
           HessRho_EigVec2 = -1.2424818430E-02  4.5898599795E-01  8.8835661622E-01
           HessRho_EigVec3 =  9.8651597001E-01 -1.3936892959E-01  8.5805258433E-02
           DelSqRho = -5.4303559480E+05
           Bond Ellipticity = NA
           V = -1.3577287373E+05
           G =  6.9875131642E+00
           K =  1.3576588621E+05
           L =  1.3575889870E+05
           Vnuc =  8.7320956347E+05
           Ven = -1.0423888331E+08
           Vrep =  1.0410311043E+08
           DelSqV =  4.6013940119E+09
           DelSqVen =  4.7418387443E+11
           DelSqVrep = -4.6958248016E+11
           DelSqG =  2.0587823852E+08
           DelSqK = -4.8072722504E+09
           Stress_EigVals = -4.5257959011E+04 -4.5257899014E+04 -4.5257015702E+04
           Stress_EigVec1 =  9.8728237637E-01 -1.3314163786E-01  8.6872398198E-02
           Stress_EigVec2 = -1.6260435649E-02  4.5901127869E-01  8.8828162441E-01
           Stress_EigVec3 =  1.5814268093E-01  8.7839737608E-01 -4.5100880497E-01
           -DivStress = -1.5305933942E+02 -9.3098910245E+03  4.3674351187E+03
           ESP =  -1.4631811295E+01     ESP at Nucleus =  -1.4631811397E+01
           ESPe = -2.9737759409E+01     ESPe at Nucleus = -2.9737746798E+01
           ESPn =  1.5105948114E+01     ESPn at Nucleus =  1.5105935401E+01

CP# 7      Coords = -5.63336160325728E+00 -5.63531159341525E+00  2.43111384204104E-01
           Type = (3,-3) NACP H7
           Rho =  4.3155445824E-01     Rho at Nucleus =  4.2768866928E-01
           GradRho =  7.0009335785E-13  7.5718562822E-13  7.3264097154E-13
           HessRho_EigVals = -8.4528053381E+00 -8.4451471489E+00 -7.7025772297E+00
           HessRho_EigVec1 =  1.4771948928E-01 -7.5686325260E-01  6.3666079614E-01
           HessRho_EigVec2 =  8.1993696110E-01 -2.6625378382E-01 -5.0676651668E-01
           HessRho_EigVec3 = -5.5306630011E-01 -5.9688100947E-01 -5.8124928234E-01
           DelSqRho = -2.4600529717E+01
           Bond Ellipticity = NA
           V = -6.1610653196E+00
           G =  5.4664452358E-03
           K =  6.1555988744E+00
           L =  6.1501324292E+00
           Vnuc =  4.7052409267E+01
           Ven = -2.0305676990E+01
           Vrep =  1.4144611670E+01
           DelSqV =  1.5764537250E+03
           DelSqVen =  1.1575141924E+03
           DelSqVrep =  4.1893953261E+02
           DelSqG =  1.1729977740E+02
           DelSqK = -1.6937535024E+03
           Stress_EigVals = -2.1169656588E+00 -2.1164057155E+00 -1.9276939453E+00
           Stress_EigVec1 =  7.7275907819E-01 -6.2860108471E-01 -8.7772908015E-02
           Stress_EigVec2 =  3.1223253985E-01  4.9689659666E-01 -8.0969414799E-01
           Stress_EigVec3 = -5.5258867898E-01 -5.9829294541E-01 -5.8025106922E-01
           -DivStress = -8.8686775743E+00 -9.5998356174E+00 -9.2719812035E+00
           ESP =  -1.0466838284E+00     ESP at Nucleus =  -1.0480634813E+00
           ESPe = -1.5954215693E+01     ESPe at Nucleus = -1.5871932005E+01
           ESPn =  1.4907531865E+01     ESPn at Nucleus =  1.4823868524E+01

CP# 8      Coords = -5.49002947229210E+00 -4.16247076917128E+00  3.20082428338931E+00
           Type = (3,-3) NACP H8
           Rho =  4.3195647619E-01     Rho at Nucleus =  4.2811202290E-01
           GradRho =  1.3665006355E-14  2.7471650172E-16 -2.4669066753E-14
           HessRho_EigVals = -8.4557699388E+00 -8.4491092933E+00 -7.7108361256E+00
           HessRho_EigVec1 = -1.0230218079E-01  9.7682665845E-01 -1.8799984881E-01
           HessRho_EigVec2 =  8.7013126257E-01  1.7946362709E-01  4.5898190864E-01
           HessRho_EigVec3 = -4.8208489886E-01  1.1662969561E-01  8.6832693405E-01
           DelSqRho = -2.4615715358E+01
           Bond Ellipticity = NA
           V = -6.1650658336E+00
           G =  5.5684970732E-03
           K =  6.1594973365E+00
           L =  6.1539288394E+00
           Vnuc =  4.7481971632E+01
           Ven = -2.0510145149E+01
           Vrep =  1.4345079315E+01
           DelSqV =  1.5776514277E+03
           DelSqVen =  1.1688026983E+03
           DelSqVrep =  4.0884872934E+02
           DelSqG =  1.1733597340E+02
           DelSqK = -1.6949874011E+03
           Stress_EigVals = -2.1179920028E+00 -2.1173255712E+00 -1.9297482595E+00
           Stress_EigVec1 =  8.5973600018E-01 -1.3008493682E-01  4.9389464383E-01
           Stress_EigVec2 =  1.6972149894E-01  9.8483255986E-01 -3.6047771591E-02
           Stress_EigVec3 = -4.8171425429E-01  1.1481610623E-01  8.6877421633E-01
           -DivStress = -7.7041586247E+00  1.7313031530E+00  1.3895121827E+01
           ESP =  -1.0415775996E+00     ESP at Nucleus =  -1.0429567816E+00
           ESPe = -1.6276248533E+01     ESPe at Nucleus = -1.6196896349E+01
           ESPn =  1.5234670933E+01     ESPn at Nucleus =  1.5153939567E+01

CP# 9      Coords = -2.70669451527475E+00 -5.31256797941384E+00  1.80434025729757E+00
           Type = (3,-3) NACP H9
           Rho =  4.2613981178E-01     Rho at Nucleus =  4.2210946673E-01
           GradRho = -1.0925391451E-13  5.0759797841E-14 -2.1636260627E-14
           HessRho_EigVals = -8.3508246617E+00 -8.3423644670E+00 -7.5771334408E+00
           HessRho_EigVec1 = -4.6014207409E-01 -8.0547042314E-01  3.7347914144E-01
           HessRho_EigVec2 =  1.4027985763E-02  4.1400967282E-01  9.1016438429E-01
           HessRho_EigVec3 =  8.8773446890E-01 -4.2404408763E-01  1.7920414192E-01
           DelSqRho = -2.4270322570E+01
           Bond Ellipticity = NA
           V = -6.0780155897E+00
           G =  5.2174736390E-03
           K =  6.0727981160E+00
           L =  6.0675806424E+00
           Vnuc =  4.7629329712E+01
           Ven = -2.0296753599E+01
           Vrep =  1.4218738009E+01
           DelSqV =  1.5527092784E+03
           DelSqVen =  1.1559791959E+03
           DelSqVrep =  3.9673008246E+02
           DelSqG =  1.1563614598E+02
           DelSqK = -1.6683454243E+03
           Stress_EigVals = -2.0909571480E+00 -2.0907420156E+00 -1.8963164261E+00
           Stress_EigVec1 =  4.3603165876E-01  8.9953943882E-01 -2.6555424444E-02
           Stress_EigVec2 = -1.5023154138E-01  1.0185218441E-01  9.8339036832E-01
           Stress_EigVec3 =  8.8730314805E-01 -4.2479987116E-01  1.7954997334E-01
           -DivStress =  1.4488185758E+01 -6.7904216844E+00  2.8965358339E+00
           ESP =  -1.0565494470E+00     ESP at Nucleus =  -1.0579766994E+00
           ESPe = -1.7427025358E+01     ESPe at Nucleus = -1.7362938310E+01
           ESPn =  1.6370475911E+01     ESPn at Nucleus =  1.6304961610E+01

CP# 10     Coords = -2.52941610671898E+00  4.59493320778149E+00  3.96489015127863E-01
           Type = (3,-3) NACP C10
           Rho =  1.1939610991E+02     Rho at Nucleus =  1.1939610511E+02
           GradRho =  4.1679849676E-12  4.4662830061E-11 -2.0392042411E-12
           HessRho_EigVals = -1.8105133372E+05 -1.8104778077E+05 -1.8104766903E+05
           HessRho_EigVec1 =  1.9000284243E-01  9.5322161513E-01  2.3509034927E-01
           HessRho_EigVec2 = -3.5571490665E-01 -1.5634473364E-01  9.2142456525E-01
           HessRho_EigVec3 =  9.1507695035E-01 -2.5869842813E-01  3.0936919405E-01
           DelSqRho = -5.4314678353E+05
           Bond Ellipticity = NA
           V = -1.3580038926E+05
           G =  6.8466891863E+00
           K =  1.3579354257E+05
           L =  1.3578669588E+05
           Vnuc =  8.2326161348E+05
           Ven = -9.8294234091E+07
           Vrep =  9.8158433702E+07
           DelSqV =  4.6023332381E+09
           DelSqVen =  4.4715189658E+11
           DelSqVrep = -4.4254956308E+11
           DelSqG =  2.0592481075E+08
           DelSqK = -4.8082580489E+09
           Stress_EigVals = -4.5267140218E+04 -4.5267108244E+04 -4.5266140798E+04
           Stress_EigVec1 =  9.2841625853E-01 -2.5668112281E-01  2.6862250854E-01
           Stress_EigVec2 = -3.1609044906E-01 -1.6569320559E-01  9.3414805552E-01
           Stress_EigVec3 =  1.9526924723E-01  9.5218725197E-01  2.3496671737E-01
           -DivStress =  3.8759829636E+03  9.9587226489E+03  2.2083020409E+03
           ESP =  -1.4636857673E+01     ESP at Nucleus =  -1.4636857793E+01
           ESPe = -3.1700913120E+01     ESPe at Nucleus = -3.1700902696E+01
           ESPn =  1.7064055447E+01     ESPn at Nucleus =  1.7064044903E+01

CP# 11     Coords = -4.47149555737343E+00  5.44889265108733E-01  3.30954579375009E+00
           Type = (3,-3) NACP H11
           Rho =  4.2326171270E-01     Rho at Nucleus =  4.1866701402E-01
           GradRho =  3.4797197675E-15  4.2675510410E-16  2.3621038393E-16
           HessRho_EigVals = -8.2701977377E+00 -8.2579741679E+00 -7.4234862397E+00
           HessRho_EigVec1 =  2.1380788959E-01  9.7002955809E-01 -1.1545060753E-01
           HessRho_EigVec2 =  9.5170204202E-01 -1.8018145212E-01  2.4859176884E-01
           HessRho_EigVec3 = -2.2033930556E-01  1.6302546041E-01  9.6170332727E-01
           DelSqRho = -2.3951658145E+01
           Bond Ellipticity = NA
           V = -5.9974453607E+00
           G =  4.7654121958E-03
           K =  5.9926799485E+00
           L =  5.9879145363E+00
           Vnuc =  4.6744261504E+01
           Ven = -1.9785056183E+01
           Vrep =  1.3787610822E+01
           DelSqV =  1.5239539493E+03
           DelSqVen =  1.1196025718E+03
           DelSqVrep =  4.0435137747E+02
           DelSqG =  1.1341744764E+02
           DelSqK = -1.6373713969E+03
           Stress_EigVals = -2.0702068264E+00 -2.0701356733E+00 -1.8571028610E+00
           Stress_EigVec1 =  8.6816579068E-01  4.8226990045E-01  1.1706367076E-01
           Stress_EigVec2 =  4.4473126825E-01 -8.6072280709E-01  2.4773039455E-01
           Stress_EigVec3 = -2.2023228403E-01  1.6300917910E-01  9.6173060085E-01
           -DivStress = -3.7530247005E+00  2.8112693063E+00  1.6601483149E+01
           ESP =  -9.7605774097E-01     ESP at Nucleus =  -9.7777225673E-01
           ESPe = -1.8651302441E+01     ESPe at Nucleus = -1.8543863156E+01
           ESPn =  1.7675244700E+01     ESPn at Nucleus =  1.7566090899E+01

CP# 12     Coords = -1.75073579443157E+00  1.73849247053461E+00 -4.00551939469742E+00
           Type = (3,-3) NACP H12
           Rho =  4.2236451278E-01     Rho at Nucleus =  4.1787876087E-01
           GradRho = -2.4311173734E-14 -2.4150237474E-14  3.7754589494E-14
           HessRho_EigVals = -8.2663042000E+00 -8.2557038119E+00 -7.4380337892E+00
           HessRho_EigVec1 =  1.2755168822E-02  8.5070370924E-01  5.2549072755E-01
           HessRho_EigVec2 =  8.9892670905E-01 -2.3991255885E-01  3.6656886920E-01
           HessRho_EigVec3 = -4.3791332183E-01 -4.6770200254E-01  7.6778041091E-01
           DelSqRho = -2.3960041801E+01
           Bond Ellipticity = NA
           V = -6.0005438737E+00
           G =  5.2667117448E-03
           K =  5.9952771620E+00
           L =  5.9900104503E+00
           Vnuc =  4.7632882249E+01
           Ven = -2.0118439103E+01
           Vrep =  1.4117895230E+01
           DelSqV =  1.5265134674E+03
           DelSqVen =  1.1412858498E+03
           DelSqVrep =  3.8522761762E+02
           DelSqG =  1.1374667336E+02
           DelSqK = -1.6402601408E+03
           Stress_EigVals = -2.0702664774E+00 -2.0695870121E+00 -1.8606903843E+00
           Stress_EigVec1 =  8.9872921626E-01 -2.3818541331E-01  3.6817591546E-01
           Stress_EigVec2 =  1.1022877517E-02  8.5162408215E-01  5.2403713502E-01
           Stress_EigVec3 = -4.3836547767E-01 -4.6690912563E-01  7.6800493253E-01
           -DivStress =  7.5913522342E+00  7.8946199301E+00 -1.3068647115E+01
           ESP =  -1.0285919430E+00     ESP at Nucleus =  -1.0302528848E+00
           ESPe = -1.9229457381E+01     ESPe at Nucleus = -1.9131263414E+01
           ESPn =  1.8200865438E+01     ESPn at Nucleus =  1.8101010529E+01

CP# 13     Coords = -3.03429798512206E+00 -3.24309446236430E+00 -3.48237201229870E+00
           Type = (3,-3) NACP H13
           Rho =  4.2321834880E-01     Rho at Nucleus =  4.1884087218E-01
           GradRho = -3.4930825593E-15  1.7394451764E-14  1.4615045285E-14
           HessRho_EigVals = -8.2851335529E+00 -8.2726858012E+00 -7.4727904678E+00
           HessRho_EigVec1 =  3.5151982395E-01  6.3424810528E-01 -6.8859505830E-01
           HessRho_EigVec2 =  9.2748910163E-01 -1.3594476023E-01  3.4825707247E-01
           HessRho_EigVec3 = -1.2727049827E-01  7.6108367681E-01  6.3604548356E-01
           DelSqRho = -2.4030609822E+01
           Bond Ellipticity = NA
           V = -6.0188383762E+00
           G =  5.5929603513E-03
           K =  6.0132454158E+00
           L =  6.0076524555E+00
           Vnuc =  4.6949461995E+01
           Ven = -1.9869873782E+01
           Vrep =  1.3851035406E+01
           DelSqV =  1.5326937093E+03
           DelSqVen =  1.1282242025E+03
           DelSqVrep =  4.0446950675E+02
           DelSqG =  1.1418454714E+02
           DelSqK = -1.6468782564E+03
           Stress_EigVals = -2.0751514619E+00 -2.0742869876E+00 -1.8693999267E+00
           Stress_EigVec1 =  9.1468751206E-01 -1.5832949900E-01  3.7185820555E-01
           Stress_EigVec2 = -3.8362250454E-01 -6.2969328907E-01  6.7551471910E-01
           Stress_EigVec3 = -1.2720270948E-01  7.6053805391E-01  6.3671134688E-01
           -DivStress =  2.2211652729E+00 -1.2801373637E+01 -1.0754400303E+01
           ESP =  -1.0233029131E+00     ESP at Nucleus =  -1.0249256953E+00
           ESPe = -1.8128398198E+01     ESPe at Nucleus = -1.8027038860E+01
           ESPn =  1.7105095285E+01     ESPn at Nucleus =  1.7002113165E+01

CP# 14     Coords =  3.09460705191136E-01  4.91806459157599E+00  7.70316930766970E-01
           Type = (3,-3) NACP C14
           Rho =  1.1937153910E+02     Rho at Nucleus =  1.1937153823E+02
           GradRho =  1.1395728111E-12  7.9830180227E-11 -4.0790235772E-12
           HessRho_EigVals = -1.8100533270E+05 -1.8100406263E+05 -1.8100381127E+05
           HessRho_EigVec1 =  9.6062880164E-01  2.2706924650E-01  1.6009954015E-01
           HessRho_EigVec2 = -2.4958004815E-01  9.5844696091E-01  1.3816375318E-01
           HessRho_EigVec3 = -1.2207417837E-01 -1.7268173159E-01  9.7738370897E-01
           DelSqRho = -5.4301320660E+05
           Bond Ellipticity = NA
           V = -1.3576757375E+05
           G =  7.1360516763E+00
           K =  1.3576043770E+05
           L =  1.3575330165E+05
           Vnuc =  1.9335342617E+06
           Ven = -2.3080896073E+08
           Vrep =  2.3067319316E+08
           DelSqV =  4.6012061179E+09
           DelSqVen =  1.0499346145E+12
           DelSqVrep = -1.0453334084E+12
           DelSqG =  2.0586665479E+08
           DelSqK = -4.8070727727E+09
           Stress_EigVals = -4.5256012784E+04 -4.5255948263E+04 -4.5255612706E+04
           Stress_EigVec1 = -1.2327192261E-01 -1.6509361586E-01  9.7854388307E-01
           Stress_EigVec2 = -2.4775300115E-01  9.5996015786E-01  1.3074764144E-01
           Stress_EigVec3 =  9.6094874136E-01  2.2631967065E-01  1.5923857309E-01
           -DivStress =  4.4954807528E+03 -1.1253896462E+03  2.8337839585E+02
           ESP =  -1.4729466223E+01     ESP at Nucleus =  -1.4729466242E+01
           ESPe = -3.1029981867E+01     ESPe at Nucleus = -3.1029980798E+01
           ESPn =  1.6300515645E+01     ESPn at Nucleus =  1.6300514556E+01

CP# 15     Coords = -3.57292582205399E+00  5.06549513358104E+00  2.07576850959433E+00
           Type = (3,-3) NACP H15
           Rho =  4.3707341799E-01     Rho at Nucleus =  4.3331693622E-01
           GradRho =  2.2666330618E-15 -2.9581033261E-15 -2.6535314541E-15
           HessRho_EigVals = -8.5589257335E+00 -8.5530447511E+00 -7.8224484206E+00
           HessRho_EigVec1 =  5.3165793619E-01  8.4468519845E-01  6.2022208963E-02
           HessRho_EigVec2 =  6.7869454173E-01 -4.6869739874E-01  5.6541707389E-01
           HessRho_EigVec3 = -5.0666908127E-01  2.5851433990E-01  8.2246992538E-01
           DelSqRho = -2.4934418905E+01
           Bond Ellipticity = NA
           V = -6.2448248605E+00
           G =  5.6100670997E-03
           K =  6.2392147934E+00
           L =  6.2336047263E+00
           Vnuc =  4.9439801067E+01
           Ven = -2.1608822837E+01
           Vrep =  1.5363997977E+01
           DelSqV =  1.5996745300E+03
           DelSqVen =  1.2327527104E+03
           DelSqVrep =  3.6692181959E+02
           DelSqG =  1.1897444365E+02
           DelSqK = -1.7186489736E+03
           Stress_EigVals = -2.1439183981E+00 -2.1430124148E+00 -1.9578940476E+00
           Stress_EigVec1 =  8.5082955622E-01 -7.6497269953E-03  5.2538609417E-01
           Stress_EigVec2 =  1.4306770204E-01  9.6548858680E-01 -2.1763138880E-01
