AIMSum (Version 17.11.14, Professional)
Copyright (c) 1997-2017 by Todd A. Keith
AIMSum is a component of the AIMAll package ( http://aim.tkgristmill.com )

TP:  64-bit Linux

Much of the Quantum Theory of Atoms in Molecules (QTAIM) is described in the book:
  "Atoms in Molecules - A Quantum Theory"
  R.F.W. Bader, Oxford University Press, Oxford, 1990

For additional references see:  http://aim.tkgristmill.com/references.html

Wfn File:  /home/localuser/Desktop/AIMAll/emimbf4/wfn/385.wfn
Sum File:  /home/localuser/Desktop/AIMAll/emimbf4/wfn/385.sum

SumViz File:  /home/localuser/Desktop/AIMAll/emimbf4/wfn/385.sumviz

Wfn Title:  B3LYP                                                                          
 
Total memory allocated for AIMSum =        1.481 Megabytes

Atomic units (a.u.) used throughout, except where stated otherwise

Model:  Restricted SCF
 
Restricted, closed-shell, single-determinant wavefunction.
  Number of electrons (from MO Occs)                   =         102.0000000000
  Number of Alpha electrons (from MO Occs)             =          51.0000000000
  Number of Beta electrons (from MO Occs)              =          51.0000000000
  Number of electron pairs (N*(N-1)/2)                 =        5151.0000000000
  Number of electron pairs (from Muller 2EDM)          =        5151.0000000000
 
Nuclear Charges and Cartesian Coordinates:
-------------------------------------------------------------------------------
Atom      Charge                X                  Y                  Z
-------------------------------------------------------------------------------
C1         6.0          -2.7112919200E+00   7.6062257000E-01  -2.4833907900E+00
C2         6.0          -3.3431247200E+00  -1.7136605100E+00  -2.2328811900E+00
N3         7.0          -3.3021731000E+00   1.9444646200E+00  -2.4001757000E-01
N4         7.0          -4.1525099200E+00  -2.0414547500E+00   2.2835507000E-01
C5         6.0          -4.0813112100E+00   1.9305551000E-01   1.4010025300E+00
C6         6.0          -4.5309184900E+00  -4.4870826300E+00   1.4594637300E+00
H7         1.0          -5.6834443200E+00  -5.6882645700E+00   2.4891683000E-01
H8         1.0          -5.4961282700E+00  -4.2011748300E+00   3.2534157200E+00
H9         1.0          -2.6877860200E+00  -5.3498834200E+00   1.7867432800E+00
C10        6.0          -2.6145623000E+00   4.5755918000E+00   4.0539319000E-01
H11        1.0          -4.5235213000E+00   5.1722521000E-01   3.3588215500E+00
H12        1.0          -1.8857813200E+00   1.7609915400E+00  -4.0474734400E+00
H13        1.0          -3.1214432900E+00  -3.2766546300E+00  -3.5125548000E+00
C14        6.0           2.2797495000E-01   4.8639414800E+00   7.8592106000E-01
H15        1.0          -3.6740204300E+00   5.0610253000E+00   2.1073191900E+00
H16        1.0          -3.3157213500E+00   5.7645701000E+00  -1.1279347600E+00
H17        1.0           9.0753419000E-01   3.6707368500E+00   2.3212968800E+00
H18        1.0           6.4695416000E-01   6.8379246400E+00   1.2221445500E+00
H19        1.0           1.2771600500E+00   4.3080036300E+00  -8.9793442000E-01
B20        5.0           3.9581614800E+00  -6.8727656000E-01   3.7339310000E-02
F21        9.0           5.4003345700E+00  -2.8504445800E+00  -2.8814660000E-01
F22        9.0           1.5906560200E+00  -1.3438281000E+00   1.2868701700E+00
F23        9.0           5.1800218500E+00   1.1423426900E+00   1.5023623700E+00
F24        9.0           3.2630478600E+00   3.7469883000E-01  -2.3444153500E+00
 
Some Atomic Properties:
----------------------
  q(A) = Net Charge of Atom A
  L(A) = Lagrangian of Atom A = -(1/4) Times Atomic Integral of the Laplacian of the Electron Density
  K(A) = Electronic Kinetic Energy of Atom A (Hamiltonian Form)
  K_Scaled(A) = K(A) * E(Mol)/K(Mol) = Approximation to Virial-Based Total Energy of Atom A.
  |Mu_Intra(A)| = Magnitude of Intraatomic Dipole Moment of Atom A
--------------------------------------------------------------------------------------------------
Atom A          q(A)              L(A)              K(A)          K_Scaled(A)      |Mu_Intra(A)|
--------------------------------------------------------------------------------------------------
C1        5.6386406190E-01 -3.0845232199E-04  3.7457460896E+01 -3.7499022946E+01  7.7937486805E-01
C2        5.2980628470E-01  4.7468529761E-04  3.7463993435E+01 -3.7505562733E+01  7.8715972689E-01
N3       -1.5545006540E+00  1.0752084960E-04  5.5398870693E+01 -5.5460340172E+01  1.7357493488E-01
N4       -1.5564282440E+00  6.8444130819E-05  5.5393120736E+01 -5.5454583835E+01  1.7539187059E-01
C5        1.3525507804E+00 -2.9884864894E-05  3.6956236281E+01 -3.6997242182E+01  8.8483173256E-01
C6        5.2041128100E-01  3.7194050750E-05  3.7438564219E+01 -3.7480105301E+01  6.1848885796E-01
H7        2.6579675430E-02  2.3780155017E-05  6.1154019579E-01 -6.1221874856E-01  1.2122039490E-01
H8        1.8811706820E-02  2.5794419655E-05  6.1463363533E-01 -6.1531562052E-01  1.1999936111E-01
H9        7.7487108520E-02  3.1350897328E-05  5.8961261253E-01 -5.9026683489E-01  1.1846325259E-01
C10       4.6661834520E-01 -3.0493053382E-04  3.7473012754E+01 -3.7514592060E+01  6.2745759866E-01
H11       1.3156129841E-01  2.0040679951E-05  5.6355077323E-01 -5.6417607790E-01  1.1292338871E-01
H12       1.2326561600E-01  2.8636717990E-05  5.6594420398E-01 -5.6657216435E-01  1.1408714641E-01
H13       1.0364816329E-01  2.1163084653E-05  5.7293279912E-01 -5.7356851389E-01  1.1537702781E-01
C14       1.4174783480E-01 -5.8120581213E-05  3.7690422552E+01 -3.7732243091E+01  1.6116560484E-01
H15      -8.6987031000E-03  3.0412557336E-05  6.3217732799E-01 -6.3287877931E-01  1.2260075373E-01
H16       5.2689694400E-03  2.4922539679E-05  6.2613951982E-01 -6.2683427171E-01  1.2372897434E-01
H17       4.1407234770E-02  4.1559178043E-05  6.0340766054E-01 -6.0407718961E-01  1.1867961771E-01
H18      -2.6158323400E-02  2.0434496656E-05  6.2591455958E-01 -6.2660906186E-01  1.2649219032E-01
H19       4.8841320490E-02  5.4716933064E-05  6.0125317702E-01 -6.0192031552E-01  1.1201670961E-01
B20       2.5168262789E+00  3.5158229065E-04  2.3291557980E+01 -2.3317401827E+01  4.5992013080E-03
F21      -8.7038609530E-01  2.0956693454E-05  9.9855672656E+01 -9.9966470513E+01  3.2012766796E-01
F22      -8.9153207890E-01  4.7064181645E-05  9.9810119636E+01 -9.9920866949E+01  2.2440843940E-01
F23      -8.7538360110E-01  1.9751025802E-05  9.9852440451E+01 -9.9963234722E+01  3.0519293852E-01
F24      -8.8482999480E-01 -1.5586216415E-05  9.9833518791E+01 -9.9944292067E+01  2.6468716216E-01
--------------------------------------------------------------------------------------------------
Total     7.7826547000E-04  7.3303566137E-04  7.6452209754E+02 -7.6537039598E+02
 
1st Largest |L(A)| = 4.7468529761E-04, atom C2      
2nd Largest |L(A)| = 3.5158229065E-04, atom B20     
 
Molecular charge q(Mol) from the wfn file:   0.0000000000E+00
Molecular energy E(Mol) from the wfn file:  -7.6755759734E+02
Molecular virial ratio (-V(Mol)/T(Mol)) from the wfn file:   2.0011095800E+00
Note.  K_Scaled(A) = (1+V(Mol)/T(Mol))*K(A) = (E(Mol)/T(Mol))*K(A)
       Only use K_Scaled(A) data with caution.
 
N_AIMInt(SumA)     =        101.999222
N_Analytic(Mol)    =        102.000000
 
G_AIMInt(SumA)     =        764.521365
G_Analytic(Mol)    =        764.521904
 
K_AIMInt(SumA)     =        764.522098
K_Analytic(Mol)    =        764.521904
 
L_AIMInt(SumA)     =          0.000733
L_Analytic(Mol)    =          0.000000
 
VenT_AIMInt(SumA)  =      -3565.290489
VenT_Analytic(Mol) =      -3565.301427
 
Some Information About the Atomic Calculations:
----------------------------------------------
  Time(sec) = "Elapsed User Time", in Seconds, for Atom A by AIMInt and, if used, by TWOe
  NProc = Number of Processors Used for AIMInt Job
  BIM = Basin Integration Method
  OAQ = Angular Quadrature Outside of Beta Sphere
  ORQ = Multiple of Default for Radial Quadrature Outside of Beta Sphere
  IAQ = Multiple of Default for Angular Quadrature Inside of Beta Sphere
  IRQ = Multiple of Default for Radial Quadrature Inside of Beta Sphere
  MIR = Maximum Integration Radius
------------------------------------------------------------------------------------------------------
Atom A     Time(sec)   NProc      BIM          OAQ                     ORQ      IAQ      IRQ      MIR
------------------------------------------------------------------------------------------------------
C1             66        4     Proaim(5)    4500(GS4)                  1.00     1.00     1.00    13.00
C2            202        4    Promega(1)    4500(GS4)                  1.00     1.00     1.00    13.00
N3             52        4     Proaim(5)    4500(GS4)                  1.00     1.00     1.00    13.00
N4            136        4    Promega(1)    4500(GS4)                  1.00     1.00     1.00    13.00
C5            155        4    Promega(1)    4500(GS4)                  1.00     1.00     1.00    13.00
C6             49        4     Proaim(5)    4500(GS4)                  1.00     1.00     1.00    13.00
H7             11        4     Proaim(5)    1800(GS4)                  1.00     1.00     1.00    13.00
H8             11        4     Proaim(5)    1800(GS4)                  1.00     1.00     1.00    13.00
H9             14        4     Proaim(5)    1800(GS4)                  1.00     1.00     1.00    13.00
C10            48        4     Proaim(5)    4500(GS4)                  1.00     1.00     1.00    13.00
H11            12        4     Proaim(5)    1800(GS4)                  1.00     1.00     1.00    13.00
H12            11        4     Proaim(5)    1800(GS4)                  1.00     1.00     1.00    13.00
H13             9        4     Proaim(5)    1800(GS4)                  1.00     1.00     1.00    13.00
C14            45        4     Proaim(5)    4500(GS4)                  1.00     1.00     1.00    13.00
H15            12        4     Proaim(5)    1800(GS4)                  1.00     1.00     1.00    13.00
H16            11        4     Proaim(5)    1800(GS4)                  1.00     1.00     1.00    13.00
H17            30        4     Proaim(5)    4500(GS4)                  1.00     1.00     1.00    13.00
H18            11        4     Proaim(5)    1800(GS4)                  1.00     1.00     1.00    13.00
H19            21        4     Proaim(5)    4500(GS4)                  1.00     1.00     1.00    13.00
B20            68        4     Proaim(5)    5400(GS5)                  1.00     1.00     1.00    13.00
F21            24        4     Proaim(5)    2700(GS4)                  1.00     1.00     1.00    13.00
F22           149        4    Promega(1)    4500(GS4)                  1.00     1.00     1.00    13.00
F23            38        4     Proaim(5)    4500(GS4)                  1.00     1.00     1.00    13.00
F24            44        4     Proaim(5)    4500(GS4)                  1.00     1.00     1.00    13.00
------------------------------------------------------------------------------------------------------
Total        1229
Note:  Total wall clock time is less than total of atomic times if more than one atom
       was calculated at a time
 
Electron Density Critical Point Analysis of Molecular Structure:               
---------------------------------------------------------------                
  NACP = Nuclear Attractor Critical Point                                      
  NNACP = Non-Nuclear Attractor Critical Point                                 
  BCP = Bond Critical Point                                                    
  RCP = Ring Critical Point                                                    
  CCP = Cage Critical Point                                                    
  Rho = Electron Density                                                       
  GradRho = Gradient of Electron Density                                       
  HessRho_EigVals = Eigenvalues of the Hessian of Rho, Ascending Order         
  HessRho_EigVecs = Eigenvectors of the Hessian of Rho                         
  DelSqRho = Laplacian of Rho = Trace of Hessian of Rho                        
  Bond Ellipticity = (HessRho_EigVal(1) / HessRho_EigVal(2)) - 1               
  V = Virial Field = Potential Energy Density = Trace of Stress Tensor         
  G = Lagrangian Form of Kinetic Energy Density                                
  K = Hamiltonian Form of Kinetic Energy Density                               
  L = K - G = Lagrangian Density = (-1/4)DelSqRho                              
  Vnuc = Electrostatic Potential from Nuclei                                   
  Ven = Electron-nuclear attractive contribution to Virial Field V             
  Vrep = V - Ven = Repulsive contribution to Virial Field V                    
  DelSqV = Laplacian of V                                                      
  DelSqVen = Laplacian of Ven                                                  
  DelSqVrep = Laplacian of Vrep                                                
  DelSqG = Laplacian of G                                                      
  DelSqK = Laplacian of K                                                      
  Stress_EigVals = Eigenvalues of Stress Tensor, Ascending Order               
  Stress_EigVecs = Eigenvectors of Stress Tensor                               
  -DivStress = Ehrenfest Force Density = Minus Divergence of Stress Tensor     
  ESP = Total Electrostatic Potential                                          
  ESPe = Electrostatic Potential from Electrons                                
  ESPn = Electrostatic Potential from Nuclei                                   
  BP = Bond Path                                                               
  BPL = Bond Path Length                                                       
  GBL = Geometric Bond Length                                                  
  GBL_I = Distance Between Nuclear Attractors                                  
  GBL_II = Distance Between Nuclei                                             
  GBL_III = Sum of Distances Between BCP and Nuclear Attractors                
  GBL_IV = Sum of Distances Between BCP and Nuclei                             

CP# 1      Coords = -2.71129403804073E+00  7.60626076523381E-01 -2.48338688197252E+00
           Type = (3,-3) NACP C1
           Rho =  1.1952229767E+02     Rho at Nucleus =  1.1952229477E+02
           GradRho = -2.9344443542E-11 -1.2553222350E-12 -3.9202155411E-11
           HessRho_EigVals = -1.8123928239E+05 -1.8123924580E+05 -1.8123666853E+05
           HessRho_EigVec1 =  3.4050675080E-01 -5.6845726185E-01 -7.4894024736E-01
           HessRho_EigVec2 =  8.9240561712E-01 -5.5442358087E-02  4.4781509517E-01
           HessRho_EigVec3 =  2.9608675619E-01  8.2084254665E-01 -4.8841595636E-01
           DelSqRho = -5.4371519671E+05
           Bond Ellipticity = NA
           V = -1.3594288270E+05
           G =  7.0417598956E+00
           K =  1.3593584094E+05
           L =  1.3592879918E+05
           Vnuc =  1.0597774531E+06
           Ven = -1.2666703622E+08
           Vrep =  1.2653109334E+08
           DelSqV =  4.6071305552E+09
           DelSqVen =  5.7621710950E+11
           DelSqVrep = -5.7160997920E+11
           DelSqG =  2.0613881569E+08
           DelSqK = -4.8132693709E+09
           Stress_EigVals = -4.5314886854E+04 -4.5314112068E+04 -4.5313883776E+04
           Stress_EigVec1 =  3.1585347745E-01  8.1477112162E-01 -4.8619399436E-01
           Stress_EigVec2 = -1.5330081837E-01  5.4951702415E-01  8.2129769223E-01
           Stress_EigVec3 =  9.3634151882E-01 -1.8487579489E-01  2.9847194273E-01
           -DivStress =  3.1750957451E+03 -5.2572829597E+03 -5.8561323038E+03
           ESP =  -1.4640724411E+01     ESP at Nucleus =  -1.4640724492E+01
           ESPe = -3.3682331139E+01     ESPe at Nucleus = -3.3682325369E+01
           ESPn =  1.9041606728E+01     ESPn at Nucleus =  1.9041600877E+01

CP# 2      Coords = -3.34312725837849E+00 -1.71366230663363E+00 -2.23287647087655E+00
           Type = (3,-3) NACP C2
           Rho =  1.1949874981E+02     Rho at Nucleus =  1.1949874691E+02
           GradRho = -9.0323581947E-12 -1.8165900208E-11  2.3652120193E-11
           HessRho_EigVals = -1.8120308848E+05 -1.8120255284E+05 -1.8120044776E+05
           HessRho_EigVec1 = -3.9464964549E-01 -2.0134696335E-01  8.9649933500E-01
           HessRho_EigVec2 =  9.1166213195E-01 -2.0745509823E-01  3.5473164419E-01
           HessRho_EigVec3 =  1.1455921825E-01  9.5729921266E-01  2.6543248284E-01
           DelSqRho = -5.4360608908E+05
           Bond Ellipticity = NA
           V = -1.3591565615E+05
           G =  7.0669405338E+00
           K =  1.3590858921E+05
           L =  1.3590152227E+05
           Vnuc =  1.0616513395E+06
           Ven = -1.2686600780E+08
           Vrep =  1.2673009214E+08
           DelSqV =  4.6062103792E+09
           DelSqVen =  5.7712012902E+11
           DelSqVrep = -5.7251391864E+11
           DelSqG =  2.0609676344E+08
           DelSqK = -4.8123071427E+09
           Stress_EigVals = -4.5305776156E+04 -4.5304987953E+04 -4.5304892041E+04
           Stress_EigVec1 =  1.0085394758E-01  9.5721929580E-01  2.7121891713E-01
           Stress_EigVec2 = -2.5631685518E-01 -2.3840763068E-01  9.3673020202E-01
           Stress_EigVec3 =  9.6131688376E-01 -1.6399091860E-01  2.2130708892E-01
           -DivStress =  3.8044770572E+03  2.6939506551E+03 -7.0708800076E+03
           ESP =  -1.4640988187E+01     ESP at Nucleus =  -1.4640988267E+01
           ESPe = -3.3037897966E+01     ESPe at Nucleus = -3.3037893081E+01
           ESPn =  1.8396909779E+01     ESPn at Nucleus =  1.8396904814E+01

CP# 3      Coords = -3.30217279249062E+00  1.94446298578283E+00 -2.40016824710048E-01
           Type = (3,-3) NACP N3
           Rho =  1.9377226953E+02     Rho at Nucleus =  1.9377226886E+02
           GradRho =  1.3604080570E-09 -7.5739459478E-09  3.4495096467E-09
           HessRho_EigVals = -4.0300356038E+05 -4.0300218011E+05 -4.0299741964E+05
           HessRho_EigVec1 = -3.9171996155E-01 -3.3848651927E-01  8.5555966945E-01
           HessRho_EigVec2 =  1.6091580681E-01  8.9033570438E-01  4.2592069287E-01
           HessRho_EigVec3 =  9.0590373376E-01 -3.0451471192E-01  2.9429443655E-01
           DelSqRho = -1.2090031601E+06
           Bond Ellipticity = NA
           V = -3.0229842245E+05
           G =  2.3816208352E+01
           K =  3.0227460624E+05
           L =  3.0225079003E+05
           Vnuc =  3.8413724642E+06
           Ven = -7.4435146050E+08
           Vrep =  7.4404916207E+08
           DelSqV =  1.4117439990E+10
           DelSqVen =  4.6442314138E+12
           DelSqVrep = -4.6301139738E+12
           DelSqG =  6.2871239645E+08
           DelSqK = -1.4746152386E+10
           Stress_EigVals = -1.0076676683E+05 -1.0076600509E+05 -1.0076565052E+05
           Stress_EigVec1 =  8.9664350691E-01 -3.3515328548E-01  2.8931418346E-01
           Stress_EigVec2 =  2.1135860737E-01  8.9819208924E-01  3.8545883039E-01
           Stress_EigVec3 = -3.8904750431E-01 -2.8447011454E-01  8.7619563644E-01
           -DivStress = -1.4114879331E+03  7.5060834058E+03 -3.4243182640E+03
           ESP =  -1.8219277168E+01     ESP at Nucleus =  -1.8219277179E+01
           ESPe = -3.7792609617E+01     ESPe at Nucleus = -3.7792607365E+01
           ESPn =  1.9573332449E+01     ESPn at Nucleus =  1.9573330187E+01

CP# 4      Coords = -4.15250952801648E+00 -2.04145399776844E+00  2.28355653187324E-01
           Type = (3,-3) NACP N4
           Rho =  1.9373352658E+02     Rho at Nucleus =  1.9373352636E+02
           GradRho =  5.1650175976E-10  1.0863107627E-09  8.6228693890E-10
           HessRho_EigVals = -4.0292210068E+05 -4.0292136216E+05 -4.0291553137E+05
           HessRho_EigVec1 = -1.0783977737E-01  7.7974165255E-01  6.1674430496E-01
           HessRho_EigVec2 = -1.5429345497E-01 -6.2597209418E-01  7.6442950432E-01
           HessRho_EigVec3 =  9.8212224910E-01 -1.2723702086E-02  1.8781372483E-01
           DelSqRho = -1.2087589942E+06
           Bond Ellipticity = NA
           V = -3.0223746505E+05
           G =  2.3858247138E+01
           K =  3.0221360680E+05
           L =  3.0218974855E+05
           Vnuc =  6.8002680873E+06
           Ven = -1.3174399182E+09
           Vrep =  1.3171376808E+09
           DelSqV =  1.4114604566E+10
           DelSqVen =  8.2198840852E+12
           DelSqVrep = -8.2057694807E+12
           DelSqG =  6.2858431780E+08
           DelSqK = -1.4743188884E+10
           Stress_EigVals = -1.0074657163E+05 -1.0074553839E+05 -1.0074535502E+05
           Stress_EigVec1 =  9.8615271632E-01  2.2485747686E-02  1.6430828114E-01
           Stress_EigVec2 =  9.6023021968E-02  7.3037127324E-01 -6.7626724191E-01
           Stress_EigVec3 = -1.3521242307E-01  6.8268015525E-01  7.1809846558E-01
           -DivStress = -1.7973487171E+03 -3.4554428346E+03 -2.6790161089E+03
           ESP =  -1.8212715455E+01     ESP at Nucleus =  -1.8212715458E+01
           ESPe = -3.6917700627E+01     ESPe at Nucleus = -3.6917699469E+01
           ESPn =  1.8704985172E+01     ESPn at Nucleus =  1.8704984011E+01

CP# 5      Coords = -4.08131140300896E+00  1.93054975451302E-01  1.40099902672671E+00
           Type = (3,-3) NACP C5
           Rho =  1.1954613268E+02     Rho at Nucleus =  1.1954613154E+02
           GradRho = -3.9760486570E-11  4.5223200185E-13 -1.8329615603E-11
           HessRho_EigVals = -1.8127749662E+05 -1.8127627993E+05 -1.8127474247E+05
           HessRho_EigVec1 =  9.2792687558E-01 -2.0293961456E-01  3.1267751184E-01
           HessRho_EigVec2 =  2.3819603945E-01  9.6803130595E-01 -7.8600492893E-02
           HessRho_EigVec3 = -2.8673046640E-01  1.4741405474E-01  9.4660167764E-01
           DelSqRho = -5.4382851902E+05
           Bond Ellipticity = NA
           V = -1.3597092625E+05
           G =  6.8982456494E+00
           K =  1.3596402800E+05
           L =  1.3595712976E+05
           Vnuc =  1.6906014962E+06
           Ven = -2.0210487078E+08
           Vrep =  2.0196889985E+08
           DelSqV =  4.6080846247E+09
           DelSqVen =  9.1939730227E+11
           DelSqVrep = -9.1478921765E+11
           DelSqG =  2.0618318939E+08
           DelSqK = -4.8142678140E+09
           Stress_EigVals = -4.5324121745E+04 -4.5323708189E+04 -4.5323096313E+04
           Stress_EigVec1 = -2.7250008647E-01  1.4331633505E-01  9.5142216234E-01
           Stress_EigVec2 =  2.1859471251E-01  9.7220748793E-01 -8.3838845856E-02
           Stress_EigVec3 =  9.3699522653E-01 -1.8512976131E-01  2.9625481758E-01
           -DivStress =  2.9041755331E+02  8.0106083072E+02  5.2515113381E+03
           ESP =  -1.4567042760E+01     ESP at Nucleus =  -1.4567042779E+01
           ESPe = -3.3718257134E+01     ESPe at Nucleus = -3.3718250884E+01
           ESPn =  1.9151214374E+01     ESPn at Nucleus =  1.9151208105E+01

CP# 6      Coords = -4.53091844985772E+00 -4.48707637778829E+00  1.45946081313512E+00
           Type = (3,-3) NACP C6
           Rho =  1.1937455830E+02     Rho at Nucleus =  1.1937455399E+02
           GradRho =  2.5113818577E-11 -4.1054241766E-11 -4.8968580926E-12
           HessRho_EigVals = -1.8101435181E+05 -1.8101105499E+05 -1.8101082025E+05
           HessRho_EigVec1 =  1.5115473775E-01  8.7960146403E-01 -4.5105821103E-01
           HessRho_EigVec2 =  3.1031627296E-03  4.5587657893E-01  8.9003759199E-01
           HessRho_EigVec3 =  9.8850524310E-01 -1.3593310583E-01  6.6178358253E-02
           DelSqRho = -5.4303622705E+05
           Bond Ellipticity = NA
           V = -1.3577303173E+05
           G =  6.9874810882E+00
           K =  1.3576604424E+05
           L =  1.3575905676E+05
           Vnuc =  8.6967284376E+05
           Ven = -1.0381681159E+08
           Vrep =  1.0368103856E+08
           DelSqV =  4.6013993206E+09
           DelSqVen =  4.7226386214E+11
           DelSqVrep = -4.6766246282E+11
           DelSqG =  2.0587847550E+08
           DelSqK = -4.8072777961E+09
           Stress_EigVals = -4.5258012504E+04 -4.5257953484E+04 -4.5257065738E+04
           Stress_EigVec1 =  9.8925527741E-01 -1.2985516362E-01  6.7168687682E-02
           Stress_EigVec2 = -5.9281882347E-04  4.5586823988E-01  8.9004707540E-01
           Stress_EigVec3 =  1.4619728004E-01  8.8052358535E-01 -4.5089308152E-01
           -DivStress = -5.9455175606E+01 -9.3579436588E+03  4.3657521218E+03
           ESP =  -1.4630059989E+01     ESP at Nucleus =  -1.4630060092E+01
           ESPe = -2.9673020912E+01     ESPe at Nucleus = -2.9673008317E+01
           ESPn =  1.5042960923E+01     ESPn at Nucleus =  1.5042948224E+01

CP# 7      Coords = -5.66602230187016E+00 -5.66957374283122E+00  2.66690160557862E-01
           Type = (3,-3) NACP H7
           Rho =  4.3148659049E-01     Rho at Nucleus =  4.2761767072E-01
           GradRho =  7.3013042010E-13  7.7956837220E-13  7.4241071732E-13
           HessRho_EigVals = -8.4513503962E+00 -8.4436642141E+00 -7.7006755849E+00
           HessRho_EigVec1 =  1.6146527340E-01 -7.5755635490E-01  6.3248504697E-01
           HessRho_EigVec2 = -8.1305433117E-01  2.6113611760E-01  5.2033698951E-01
           HessRho_EigVec3 =  5.5934928270E-01  5.9826106110E-01  5.7377006083E-01
           DelSqRho = -2.4595690195E+01
           Bond Ellipticity = NA
           V = -6.1598506838E+00
           G =  5.4640674942E-03
           K =  6.1543866163E+00
           L =  6.1489225488E+00
           Vnuc =  4.6985654410E+01
           Ven = -2.0273679823E+01
           Vrep =  1.4113829140E+01
           DelSqV =  1.5760916731E+03
           DelSqVen =  1.1556445995E+03
           DelSqVrep =  4.2044707355E+02
           DelSqG =  1.1727233611E+02
           DelSqK = -1.6933640092E+03
           Stress_EigVals = -2.1165947178E+00 -2.1160386672E+00 -1.9272172988E+00
           Stress_EigVec1 =  7.7398888301E-01 -6.2514647300E-01 -1.0066328165E-01
           Stress_EigVec2 = -2.9771013754E-01 -4.9958528119E-01  8.1350059669E-01
           Stress_EigVec3 =  5.5884692267E-01  5.9967193874E-01  5.7278589622E-01
           -DivStress = -8.9713822652E+00 -9.6255932131E+00 -9.1543593237E+00
           ESP =  -1.0450467218E+00     ESP at Nucleus =  -1.0464275120E+00
           ESPe = -1.5902176962E+01     ESPe at Nucleus = -1.5820027650E+01
           ESPn =  1.4857130241E+01     ESPn at Nucleus =  1.4773600138E+01

CP# 8      Coords = -5.48160664717361E+00 -4.20436282611049E+00  3.22617428075594E+00
           Type = (3,-3) NACP H8
           Rho =  4.3184527183E-01     Rho at Nucleus =  4.2799607521E-01
           GradRho =  1.7762729831E-14 -6.3222606946E-15 -3.2150681348E-14
           HessRho_EigVals = -8.4534473075E+00 -8.4468020676E+00 -7.7079113791E+00
           HessRho_EigVec1 = -1.0806192730E-01  9.7737987164E-01 -1.8179990751E-01
           HessRho_EigVec2 =  8.7707117083E-01  1.7982505017E-01  4.4543137814E-01
           HessRho_EigVec3 = -4.6804784068E-01  1.1131728453E-01  8.7666394987E-01
           DelSqRho = -2.4608160754E+01
           Bond Ellipticity = NA
           V = -6.1631685911E+00
           G =  5.5642012898E-03
           K =  6.1576043898E+00
           L =  6.1520401886E+00
           Vnuc =  4.7417379504E+01
           Ven = -2.0476971141E+01
           Vrep =  1.4313802550E+01
           DelSqV =  1.5770917650E+03
           DelSqVen =  1.1668544974E+03
           DelSqVrep =  4.1023726760E+02
           DelSqG =  1.1729456712E+02
           DelSqK = -1.6943863321E+03
           Stress_EigVals = -2.1174126477E+00 -2.1167424554E+00 -1.9290134880E+00
           Stress_EigVec1 =  8.6972686942E-01 -1.2003872375E-01  4.7871272953E-01
           Stress_EigVec2 =  1.5770135305E-01  9.8671281400E-01 -3.9090995582E-02
           Stress_EigVec3 = -4.6765955123E-01  1.0949213438E-01  8.7710091589E-01
           -DivStress = -7.4812218873E+00  1.6452678143E+00  1.4035357772E+01
           ESP =  -1.0398607658E+00     ESP at Nucleus =  -1.0412410976E+00
           ESPe = -1.6234980255E+01     ESPe at Nucleus = -1.6155858669E+01
           ESPn =  1.5195119489E+01     ESPn at Nucleus =  1.5114617571E+01

CP# 9      Coords = -2.71643911815280E+00 -5.33662330468781E+00  1.78152030267071E+00
           Type = (3,-3) NACP H9
           Rho =  4.2605185992E-01     Rho at Nucleus =  4.2201987333E-01
           GradRho = -1.2061066122E-13  5.5625914031E-14 -2.2837709100E-14
           HessRho_EigVals = -8.3487094340E+00 -8.3402510528E+00 -7.5749116530E+00
           HessRho_EigVec1 = -4.5087463860E-01 -8.0893978411E-01  3.7726447745E-01
           HessRho_EigVec2 =  2.5936318208E-02  4.1061198355E-01  9.1144122485E-01
           HessRho_EigVec3 =  8.9221038307E-01 -4.2073058440E-01  1.6415361004E-01
           DelSqRho = -2.4263872140E+01
           Bond Ellipticity = NA
           V = -6.0763958718E+00
           G =  5.2139184231E-03
           K =  6.0711819534E+00
           L =  6.0659680350E+00
           Vnuc =  4.7547362948E+01
           Ven = -2.0257642418E+01
           Vrep =  1.4181246547E+01
           DelSqV =  1.5522543960E+03
           DelSqVen =  1.1536831352E+03
           DelSqVrep =  3.9857126079E+02
           DelSqG =  1.1559842205E+02
           DelSqK = -1.6678528180E+03
           Stress_EigVals = -2.0904243774E+00 -2.0902151002E+00 -1.8957563942E+00
           Stress_EigVec1 =  4.2879766350E-01  9.0334664708E-01 -9.8690927735E-03
           Stress_EigVec2 = -1.4445266424E-01  7.9343962660E-02  9.8632548552E-01
           Stress_EigVec3 =  8.9177687320E-01 -4.2150844689E-01  1.6451333571E-01
           -DivStress =  1.4558737136E+01 -6.7407947330E+00  2.6546399984E+00
           ESP =  -1.0547279042E+00     ESP at Nucleus =  -1.0561547795E+00
           ESPe = -1.7353771992E+01     ESPe at Nucleus = -1.7289616348E+01
           ESPn =  1.6299044088E+01     ESPn at Nucleus =  1.6233461568E+01

CP# 10     Coords = -2.61456497690728E+00  4.57558514726717E+00  4.05391684641074E-01
           Type = (3,-3) NACP C10
           Rho =  1.1939749544E+02     Rho at Nucleus =  1.1939749058E+02
           GradRho =  3.6447394365E-11 -6.2533458006E-11 -4.3663319894E-12
           HessRho_EigVals = -1.8105349718E+05 -1.8104992093E+05 -1.8104980524E+05
           HessRho_EigVec1 =  2.0007118558E-01  9.5070064871E-01  2.3693838278E-01
           HessRho_EigVec2 = -3.6123843732E-01 -1.5321592027E-01  9.1979980060E-01
           HessRho_EigVec3 =  9.1075699948E-01 -2.6961668774E-01  3.1277552588E-01
           DelSqRho = -5.4315322335E+05
           Bond Ellipticity = NA
           V = -1.3580199496E+05
           G =  6.8445627042E+00
           K =  1.3579515040E+05
           L =  1.3578830584E+05
           Vnuc =  8.1886132916E+05
           Ven = -9.7769991815E+07
           Vrep =  9.7634189820E+07
           DelSqV =  4.6023875121E+09
           DelSqVen =  4.4476717133E+11
           DelSqVrep = -4.4016478382E+11
           DelSqG =  2.0592729926E+08
           DelSqK = -4.8083148114E+09
           Stress_EigVals = -4.5267678523E+04 -4.5267645717E+04 -4.5266670723E+04
           Stress_EigVec1 =  9.2316315056E-01 -2.6858479710E-01  2.7501273465E-01
           Stress_EigVec2 = -3.2474697464E-01 -1.6209204585E-01  9.3180769000E-01
           Stress_EigVec3 =  2.0569200256E-01  9.4952007637E-01  2.3685950402E-01
           -DivStress =  4.0110810468E+03  9.9596041777E+03  2.2539633830E+03
           ESP =  -1.4635655544E+01     ESP at Nucleus =  -1.4635655666E+01
           ESPe = -3.1638241826E+01     ESPe at Nucleus = -3.1638231508E+01
           ESPn =  1.7002586281E+01     ESPn at Nucleus =  1.7002575842E+01

CP# 11     Coords = -4.51640347918683E+00  5.11739861667473E-01  3.32558798955662E+00
           Type = (3,-3) NACP H11
           Rho =  4.2307183086E-01     Rho at Nucleus =  4.1847247880E-01
           GradRho =  1.5495281924E-15  5.0334085858E-17  4.9774874706E-16
           HessRho_EigVals = -8.2664874235E+00 -8.2542782252E+00 -7.4191798930E+00
           HessRho_EigVec1 =  1.9799975183E-01  9.7310834333E-01 -1.1771257548E-01
           HessRho_EigVec2 =  9.5753826906E-01 -1.6634717030E-01  2.3547628804E-01
           HessRho_EigVec3 = -2.0956278670E-01  1.5933854236E-01  9.6472517711E-01
           DelSqRho = -2.3939945542E+01
           Bond Ellipticity = NA
           V = -5.9944957052E+00
           G =  4.7546598761E-03
           K =  5.9897410453E+00
           L =  5.9849863854E+00
           Vnuc =  4.6661374737E+01
           Ven = -1.9741113241E+01
           Vrep =  1.3746617535E+01
           DelSqV =  1.5231239412E+03
           DelSqVen =  1.1170707701E+03
           DelSqVrep =  4.0605317105E+02
           DelSqG =  1.1335772571E+02
           DelSqK = -1.6364816669E+03
           Stress_EigVals = -2.0692708759E+00 -2.0692015913E+00 -1.8560232380E+00
           Stress_EigVec1 =  8.3024672008E-01  5.5017818826E-01  8.9411100844E-02
           Stress_EigVec2 =  5.1653596169E-01 -8.1970616530E-01  2.4753262988E-01
           Stress_EigVec3 = -2.0947788445E-01  1.5932910511E-01  9.6474517474E-01
           -DivStress = -3.5686504595E+00  2.7495161747E+00  1.6657328849E+01
           ESP =  -9.7400028257E-01     ESP at Nucleus =  -9.7571638472E-01
           ESPe = -1.8588450555E+01     ESPe at Nucleus = -1.8481454698E+01
           ESPn =  1.7614450272E+01     ESPn at Nucleus =  1.7505738313E+01

CP# 12     Coords = -1.90030185137527E+00  1.74504240998889E+00 -4.02124889171953E+00
           Type = (3,-3) NACP H12
           Rho =  4.2218769721E-01     Rho at Nucleus =  4.1770963102E-01
           GradRho = -2.7533449696E-14 -2.9443664846E-14  4.7784242248E-14
           HessRho_EigVals = -8.2620943944E+00 -8.2512946476E+00 -7.4351583192E+00
           HessRho_EigVec1 = -5.3272912946E-03 -8.5128184792E-01 -5.2468165146E-01
           HessRho_EigVec2 =  9.0720006610E-01 -2.2483614928E-01  3.5557945110E-01
           HessRho_EigVec3 = -4.2066573432E-01 -4.7409695357E-01  7.7348071636E-01
           DelSqRho = -2.3948547361E+01
           Bond Ellipticity = NA
           V = -5.9976937464E+00
           G =  5.2784530690E-03
           K =  5.9924152934E+00
           L =  5.9871368403E+00
           Vnuc =  4.7502591283E+01
           Ven = -2.0055009625E+01
           Vrep =  1.4057315879E+01
           DelSqV =  1.5258420390E+03
           DelSqVen =  1.1376180571E+03
           DelSqVrep =  3.8822398192E+02
           DelSqG =  1.1368414657E+02
           DelSqK = -1.6395261856E+03
           Stress_EigVals = -2.0691890070E+00 -2.0685322449E+00 -1.8599724946E+00
           Stress_EigVec1 =  9.0694516429E-01 -2.2781564688E-01  3.5433105990E-01
           Stress_EigVec2 = -8.5570493583E-03 -8.5093450043E-01 -5.2520210670E-01
           Stress_EigVec3 = -4.2116178112E-01 -4.7329748258E-01  7.7370036003E-01
           -DivStress =  7.2802294796E+00  7.9998861623E+00 -1.3156450874E+01
           ESP =  -1.0257824612E+00     ESP at Nucleus =  -1.0274404357E+00
           ESPe = -1.9077700193E+01     ESPe at Nucleus = -1.8979709602E+01
           ESPn =  1.8051917732E+01     ESPn at Nucleus =  1.7952269166E+01

CP# 13     Coords = -3.12573602236377E+00 -3.25129333301227E+00 -3.49103525885062E+00
           Type = (3,-3) NACP H13
           Rho =  4.2307407612E-01     Rho at Nucleus =  4.1869083095E-01
           GradRho = -2.6443690987E-15  1.6798845301E-14  1.4756479459E-14
           HessRho_EigVals = -8.2819400460E+00 -8.2695401872E+00 -7.4688536597E+00
           HessRho_EigVec1 = -3.3687485589E-01 -6.3883656065E-01  6.9166695761E-01
           HessRho_EigVec2 =  9.3339910443E-01 -1.3014140534E-01  3.3440892103E-01
           HessRho_EigVec3 = -1.2361813508E-01  7.5825527587E-01  6.4013084076E-01
           DelSqRho = -2.4020333893E+01
           Bond Ellipticity = NA
           V = -6.0162413808E+00
           G =  5.5789537662E-03
           K =  6.0106624270E+00
           L =  6.0050834732E+00
           Vnuc =  4.6823163445E+01
           Ven = -1.9809666615E+01
           Vrep =  1.3793425234E+01
           DelSqV =  1.5319321963E+03
           DelSqVen =  1.1247080199E+03
           DelSqVrep =  4.0722417642E+02
           DelSqG =  1.1412609604E+02
           DelSqK = -1.6460582923E+03
           Stress_EigVals = -2.0743405658E+00 -2.0734869404E+00 -1.8684138745E+00
           Stress_EigVec1 =  9.2074256413E-01 -1.5333081131E-01  3.5877958819E-01
           Stress_EigVec2 = -3.7010381421E-01 -6.3432808086E-01  6.7871279090E-01
           Stress_EigVec3 = -1.2351638475E-01  7.5770544945E-01  6.4080118178E-01
           -DivStress =  2.1581294446E+00 -1.2759154203E+01 -1.0829065576E+01
           ESP =  -1.0208410237E+00     ESP at Nucleus =  -1.0224660117E+00
           ESPe = -1.8025968854E+01     ESPe at Nucleus = -1.7924927193E+01
           ESPn =  1.7005127831E+01     ESPn at Nucleus =  1.6902461181E+01

CP# 14     Coords =  2.27971919660454E-01  4.86394224554391E+00  7.85920887639747E-01
           Type = (3,-3) NACP C14
           Rho =  1.1937179877E+02     Rho at Nucleus =  1.1937179789E+02
           GradRho = -9.7083799333E-14  4.6768982784E-11  9.6465647970E-12
           HessRho_EigVals = -1.8100577632E+05 -1.8100449171E+05 -1.8100423925E+05
           HessRho_EigVec1 =  9.6394951670E-01  2.0969549825E-01  1.6379599281E-01
           HessRho_EigVec2 = -2.2948077786E-01  9.6674839359E-01  1.1285440213E-01
           HessRho_EigVec3 = -1.3468445284E-01 -1.4637397823E-01  9.8001773283E-01
           DelSqRho = -5.4301450727E+05
           Bond Ellipticity = NA
           V = -1.3576789592E+05
           G =  7.1345513364E+00
           K =  1.3576076137E+05
           L =  1.3575362682E+05
           Vnuc =  1.9167708466E+06
           Ven = -2.2880838380E+08
           Vrep =  2.2867261590E+08
           DelSqV =  4.6012170918E+09
           DelSqVen =  1.0408343552E+12
           DelSqVrep = -1.0362331381E+12
           DelSqG =  2.0586718954E+08
           DelSqK = -4.8070842814E+09
           Stress_EigVals = -4.5256121596E+04 -4.5256057041E+04 -4.5255717283E+04
           Stress_EigVec1 = -1.3569213804E-01 -1.3951927001E-01  9.8087818661E-01
           Stress_EigVec2 = -2.2761958589E-01  9.6794255634E-01  1.0619101538E-01
           Stress_EigVec3 =  9.6424943235E-01  2.0885780073E-01  1.6309951344E-01
           -DivStress =  4.5336613856E+03 -1.1463040324E+03  2.5809908516E+02
           ESP =  -1.4728873562E+01     ESP at Nucleus =  -1.4728873582E+01
           ESPe = -3.1022719856E+01     ESPe at Nucleus = -3.1022718805E+01
           ESPn =  1.6293846294E+01     ESPn at Nucleus =  1.6293845223E+01

CP# 15     Coords = -3.65869096110735E+00  5.05275501437344E+00  2.08231279284178E+00
           Type = (3,-3) NACP H15
           Rho =  4.3698753030E-01     Rho at Nucleus =  4.3322700312E-01
           GradRho =  6.6128201005E-16  2.6234033392E-15 -4.0638548638E-15
           HessRho_EigVals = -8.5570181514E+00 -8.5511164696E+00 -7.8199912164E+00
           HessRho_EigVec1 =  5.4171222539E-01  8.3785705248E-01  6.7404929203E-02
           HessRho_EigVec2 =  6.7048357870E-01 -4.7907351140E-01  5.6651596743E-01
           HessRho_EigVec3 = -5.0695131477E-01  2.6169472728E-01  8.2128937297E-01
           DelSqRho = -2.4928125837E+01
           Bond Ellipticity = NA
           V = -6.2432353235E+00
           G =  5.6019320851E-03
           K =  6.2376333914E+00
           L =  6.2320314593E+00
           Vnuc =  4.9359969499E+01
           Ven = -2.1569691167E+01
           Vrep =  1.5326455843E+01
           DelSqV =  1.5992029840E+03
           DelSqVen =  1.2304515310E+03
           DelSqVrep =  3.6875145297E+02
           DelSqG =  1.1893794435E+02
           DelSqK = -1.7181409283E+03
           Stress_EigVals = -2.1434378382E+00 -2.1425238179E+00 -1.9572736674E+00
           Stress_EigVec1 =  8.4939691059E-01 -1.3881464344E-02  5.2757197919E-01
           Stress_EigVec2 =  1.5041781221E-01  9.6455919444E-01 -2.1679493118E-01
