AIMSum (Version 17.11.14, Professional)
Copyright (c) 1997-2017 by Todd A. Keith
AIMSum is a component of the AIMAll package ( http://aim.tkgristmill.com )

TP:  64-bit Linux

Much of the Quantum Theory of Atoms in Molecules (QTAIM) is described in the book:
  "Atoms in Molecules - A Quantum Theory"
  R.F.W. Bader, Oxford University Press, Oxford, 1990

For additional references see:  http://aim.tkgristmill.com/references.html

Wfn File:  /home/localuser/Desktop/AIMAll/emimbf4/wfn/400.wfn
Sum File:  /home/localuser/Desktop/AIMAll/emimbf4/wfn/400.sum

SumViz File:  /home/localuser/Desktop/AIMAll/emimbf4/wfn/400.sumviz

Wfn Title:  B3LYP                                                                          
 
Total memory allocated for AIMSum =        1.420 Megabytes

Atomic units (a.u.) used throughout, except where stated otherwise

Model:  Restricted SCF
 
Restricted, closed-shell, single-determinant wavefunction.
  Number of electrons (from MO Occs)                   =         102.0000000000
  Number of Alpha electrons (from MO Occs)             =          51.0000000000
  Number of Beta electrons (from MO Occs)              =          51.0000000000
  Number of electron pairs (N*(N-1)/2)                 =        5151.0000000000
  Number of electron pairs (from Muller 2EDM)          =        5151.0000000000
 
Nuclear Charges and Cartesian Coordinates:
-------------------------------------------------------------------------------
Atom      Charge                X                  Y                  Z
-------------------------------------------------------------------------------
C1         6.0          -2.8738666300E+00   6.6295519000E-01  -2.5404152600E+00
C2         6.0          -3.4499945200E+00  -1.8163135700E+00  -2.2093669900E+00
N3         7.0          -3.4591616700E+00   1.9002906700E+00  -3.2492023000E-01
N4         7.0          -4.2221204400E+00  -2.0872193100E+00   2.6946739000E-01
C5         6.0          -4.1855106200E+00   1.8216057000E-01   1.3753847000E+00
C6         6.0          -4.5574039700E+00  -4.5028689600E+00   1.5710886900E+00
H7         1.0          -5.7357393200E+00  -5.7397435300E+00   4.2291151000E-01
H8         1.0          -5.4764447600E+00  -4.1742513900E+00   3.3819458100E+00
H9         1.0          -2.7024490400E+00  -5.3494172300E+00   1.8724221300E+00
C10        6.0          -2.7790367900E+00   4.5505013400E+00   2.5226132000E-01
H11        1.0          -4.6202054000E+00   5.5545956000E-01   3.3263991900E+00
H12        1.0          -2.0917586400E+00   1.6391583200E+00  -4.1425495800E+00
H13        1.0          -3.2135261800E+00  -3.4125494900E+00  -3.4446839700E+00
C14        6.0          -9.7857500000E-03   4.7933706800E+00   1.0151895600E+00
H15        1.0          -4.0582888100E+00   5.1823360100E+00   1.7431235900E+00
H16        1.0          -3.2109445700E+00   5.6438002500E+00  -1.4418947600E+00
H17        1.0           3.9211926000E-01   3.7080753900E+00   2.7215433500E+00
H18        1.0           4.0964447000E-01   6.7826632600E+00   1.3765896000E+00
H19        1.0           1.2514812000E+00   4.0861727500E+00  -4.5417148000E-01
B20        5.0           4.1201519700E+00  -6.1991697000E-01   2.3755530000E-02
F21        9.0           5.5252215700E+00  -2.7226249500E+00  -6.7450313000E-01
F22        9.0           1.6403548000E+00  -1.4374476100E+00   9.1247493000E-01
F23        9.0           5.2745556500E+00   7.7067993000E-01   1.9489465100E+00
F24        9.0           3.6534419600E+00   9.6883373000E-01  -2.1057702500E+00
 
Some Atomic Properties:
----------------------
  q(A) = Net Charge of Atom A
  L(A) = Lagrangian of Atom A = -(1/4) Times Atomic Integral of the Laplacian of the Electron Density
  K(A) = Electronic Kinetic Energy of Atom A (Hamiltonian Form)
  K_Scaled(A) = K(A) * E(Mol)/K(Mol) = Approximation to Virial-Based Total Energy of Atom A.
  |Mu_Intra(A)| = Magnitude of Intraatomic Dipole Moment of Atom A
--------------------------------------------------------------------------------------------------
Atom A          q(A)              L(A)              K(A)          K_Scaled(A)      |Mu_Intra(A)|
--------------------------------------------------------------------------------------------------
C1        5.5959252410E-01  2.0279769410E-04  3.7456699261E+01 -3.7498711069E+01  7.8315438383E-01
C2        5.3324247310E-01  2.2186638489E-04  3.7462234557E+01 -3.7504252574E+01  7.8999556781E-01
N3       -1.5530718322E+00  1.1285914723E-04  5.5397369351E+01 -5.5459503595E+01  1.7230752040E-01
N4       -1.5557902187E+00 -2.7964451545E-05  5.5392512162E+01 -5.5454640958E+01  1.7506036946E-01
C5        1.3478600273E+00  3.9877125272E-04  3.6958715585E+01 -3.7000168850E+01  8.8610748999E-01
C6        5.1855592440E-01  3.5988158931E-05  3.7439622170E+01 -3.7481614824E+01  6.1865639159E-01
H7        2.7694030670E-02  2.3467833660E-05  6.1107174139E-01 -6.1175712556E-01  1.2113302772E-01
H8        1.9817447480E-02  2.5325316761E-05  6.1418430792E-01 -6.1487318318E-01  1.1982737115E-01
H9        7.8779978370E-02  3.2668539777E-05  5.8901909360E-01 -5.8967974330E-01  1.1820004386E-01
C10       4.6372136080E-01 -3.3318011927E-04  3.7474751017E+01 -3.7516783073E+01  6.2702106311E-01
H11       1.3257119720E-01  2.1093319808E-05  5.6303715719E-01 -5.6366866529E-01  1.1256894025E-01
H12       1.2050566788E-01  2.3733248690E-05  5.6643391308E-01 -5.6706923102E-01  1.1400190258E-01
H13       1.0537355384E-01  2.1035059240E-05  5.7222978267E-01 -5.7287160132E-01  1.1510240170E-01
C14       1.3583075050E-01 -2.6453359962E-04  3.7691879914E+01 -3.7734155503E+01  1.7314168983E-01
H15      -8.0059353000E-03  2.7160365264E-05  6.3156515085E-01 -6.3227352064E-01  1.2327062273E-01
H16       8.8259056000E-03  2.8064800056E-05  6.2477609902E-01 -6.2547685414E-01  1.2284969037E-01
H17       9.2122074600E-03  3.0587570842E-05  6.1477185156E-01 -6.1546138582E-01  1.2473541369E-01
H18      -2.4916403500E-02  2.0201695720E-05  6.2536928705E-01 -6.2607070750E-01  1.2641732423E-01
H19       8.3941288450E-02  2.4594450251E-05  5.8729670666E-01 -5.8795542452E-01  1.0014477311E-01
B20       2.5165718396E+00  2.9861898592E-04  2.3291316595E+01 -2.3317440368E+01  4.3578995031E-03
F21      -8.7080652290E-01  1.9353513889E-05  9.9854352009E+01 -9.9966349649E+01  3.1727858801E-01
F22      -8.9171546720E-01  5.0807943553E-05  9.9807284250E+01 -9.9919229098E+01  2.2322477986E-01
F23      -8.7390012920E-01  3.1553149007E-05  9.9849908744E+01 -9.9961901400E+01  3.0669942302E-01
F24      -8.8338227640E-01 -5.2333624249E-06  9.9834392307E+01 -9.9946367559E+01  2.6624507075E-01
--------------------------------------------------------------------------------------------------
Total     5.0739135000E-04  1.0196368974E-03  7.6451079301E+02 -7.6536827596E+02
 
1st Largest |L(A)| = 3.9877125272E-04, atom C5      
2nd Largest |L(A)| = 3.3318011927E-04, atom C10     
 
Molecular charge q(Mol) from the wfn file:   0.0000000000E+00
Molecular energy E(Mol) from the wfn file:  -7.6755472312E+02
Molecular virial ratio (-V(Mol)/T(Mol)) from the wfn file:   2.0011216100E+00
Note.  K_Scaled(A) = (1+V(Mol)/T(Mol))*K(A) = (E(Mol)/T(Mol))*K(A)
       Only use K_Scaled(A) data with caution.
 
N_AIMInt(SumA)     =        101.999493
N_Analytic(Mol)    =        102.000000
 
G_AIMInt(SumA)     =        764.509773
G_Analytic(Mol)    =        764.510438
 
K_AIMInt(SumA)     =        764.510793
K_Analytic(Mol)    =        764.510438
 
L_AIMInt(SumA)     =          0.001020
L_Analytic(Mol)    =          0.000000
 
VenT_AIMInt(SumA)  =      -3548.833918
VenT_Analytic(Mol) =      -3548.841396
 
Some Information About the Atomic Calculations:
----------------------------------------------
  Time(sec) = "Elapsed User Time", in Seconds, for Atom A by AIMInt and, if used, by TWOe
  NProc = Number of Processors Used for AIMInt Job
  BIM = Basin Integration Method
  OAQ = Angular Quadrature Outside of Beta Sphere
  ORQ = Multiple of Default for Radial Quadrature Outside of Beta Sphere
  IAQ = Multiple of Default for Angular Quadrature Inside of Beta Sphere
  IRQ = Multiple of Default for Radial Quadrature Inside of Beta Sphere
  MIR = Maximum Integration Radius
------------------------------------------------------------------------------------------------------
Atom A     Time(sec)   NProc      BIM          OAQ                     ORQ      IAQ      IRQ      MIR
------------------------------------------------------------------------------------------------------
C1            667        4    Promega(5)    4500(GS4)                  1.00     1.00     1.00    13.00
C2            183        4    Promega(1)    4500(GS4)                  1.00     1.00     1.00    13.00
N3             55        4     Proaim(5)    4500(GS4)                  1.00     1.00     1.00    13.00
N4            137        4    Promega(1)    4500(GS4)                  1.00     1.00     1.00    13.00
C5            685        4    Promega(5)    4500(GS4)                  1.00     1.00     1.00    13.00
C6             49        4     Proaim(5)    4500(GS4)                  1.00     1.00     1.00    13.00
H7             11        4     Proaim(5)    1800(GS4)                  1.00     1.00     1.00    13.00
H8              9        4     Proaim(5)    1800(GS4)                  1.00     1.00     1.00    13.00
H9             15        4     Proaim(5)    1800(GS4)                  1.00     1.00     1.00    13.00
C10            51        4     Proaim(5)    4500(GS4)                  1.00     1.00     1.00    13.00
H11            10        4     Proaim(5)    1800(GS4)                  1.00     1.00     1.00    13.00
H12            12        4     Proaim(5)    1800(GS4)                  1.00     1.00     1.00    13.00
H13            12        4     Proaim(5)    1800(GS4)                  1.00     1.00     1.00    13.00
C14            79        4     Proaim(5)    4500(GS4)                  1.00     1.00     1.00    13.00
H15            12        4     Proaim(5)    1800(GS4)                  1.00     1.00     1.00    13.00
H16            11        4     Proaim(5)    1800(GS4)                  1.00     1.00     1.00    13.00
H17            37        4     Proaim(5)    4500(GS4)                  1.00     1.00     1.00    13.00
H18            10        4     Proaim(5)    1800(GS4)                  1.00     1.00     1.00    13.00
H19            65        4     Proaim(5)    4500(GS4)                  1.00     1.00     1.00    13.00
B20           128        4     Proaim(5)    8100(GS8)                  1.00     1.00     1.00    13.00
F21            25        4     Proaim(5)    2700(GS4)                  1.00     1.00     1.00    13.00
F22           137        4    Promega(1)    4500(GS4)                  1.00     1.00     1.00    13.00
F23            44        4     Proaim(5)    2700(GS4)                  1.00     1.00     1.00    13.00
F24            91        4     Proaim(5)    4500(GS4)                  1.00     1.00     1.00    13.00
------------------------------------------------------------------------------------------------------
Total        2535
Note:  Total wall clock time is less than total of atomic times if more than one atom
       was calculated at a time
 
Electron Density Critical Point Analysis of Molecular Structure:               
---------------------------------------------------------------                
  NACP = Nuclear Attractor Critical Point                                      
  NNACP = Non-Nuclear Attractor Critical Point                                 
  BCP = Bond Critical Point                                                    
  RCP = Ring Critical Point                                                    
  CCP = Cage Critical Point                                                    
  Rho = Electron Density                                                       
  GradRho = Gradient of Electron Density                                       
  HessRho_EigVals = Eigenvalues of the Hessian of Rho, Ascending Order         
  HessRho_EigVecs = Eigenvectors of the Hessian of Rho                         
  DelSqRho = Laplacian of Rho = Trace of Hessian of Rho                        
  Bond Ellipticity = (HessRho_EigVal(1) / HessRho_EigVal(2)) - 1               
  V = Virial Field = Potential Energy Density = Trace of Stress Tensor         
  G = Lagrangian Form of Kinetic Energy Density                                
  K = Hamiltonian Form of Kinetic Energy Density                               
  L = K - G = Lagrangian Density = (-1/4)DelSqRho                              
  Vnuc = Electrostatic Potential from Nuclei                                   
  Ven = Electron-nuclear attractive contribution to Virial Field V             
  Vrep = V - Ven = Repulsive contribution to Virial Field V                    
  DelSqV = Laplacian of V                                                      
  DelSqVen = Laplacian of Ven                                                  
  DelSqVrep = Laplacian of Vrep                                                
  DelSqG = Laplacian of G                                                      
  DelSqK = Laplacian of K                                                      
  Stress_EigVals = Eigenvalues of Stress Tensor, Ascending Order               
  Stress_EigVecs = Eigenvectors of Stress Tensor                               
  -DivStress = Ehrenfest Force Density = Minus Divergence of Stress Tensor     
  ESP = Total Electrostatic Potential                                          
  ESPe = Electrostatic Potential from Electrons                                
  ESPn = Electrostatic Potential from Nuclei                                   
  BP = Bond Path                                                               
  BPL = Bond Path Length                                                       
  GBL = Geometric Bond Length                                                  
  GBL_I = Distance Between Nuclear Attractors                                  
  GBL_II = Distance Between Nuclei                                             
  GBL_III = Sum of Distances Between BCP and Nuclear Attractors                
  GBL_IV = Sum of Distances Between BCP and Nuclei                             

CP# 1      Coords = -2.87386867901212E+00  6.62958742355634E-01 -2.54041147593822E+00
           Type = (3,-3) NACP C1
           Rho =  1.1952024153E+02     Rho at Nucleus =  1.1952023871E+02
           GradRho =  7.9531936592E-12  1.5591104796E-12  2.7374699729E-12
           HessRho_EigVals = -1.8123626270E+05 -1.8123619177E+05 -1.8123365417E+05
           HessRho_EigVec1 =  4.0944513244E-01 -5.7868627060E-01 -7.0532041211E-01
           HessRho_EigVec2 =  8.7194309970E-01  2.0723434214E-02  4.8916844763E-01
           HessRho_EigVec3 =  2.6845840350E-01  8.1528690624E-01 -5.1306660981E-01
           DelSqRho = -5.4370610864E+05
           Bond Ellipticity = NA
           V = -1.3594060836E+05
           G =  7.0405984175E+00
           K =  1.3593356776E+05
           L =  1.3592652716E+05
           Vnuc =  1.0752806322E+06
           Ven = -1.2851780087E+08
           Vrep =  1.2838186026E+08
           DelSqV =  4.6070540677E+09
           DelSqVen =  5.8463664614E+11
           DelSqVrep = -5.8002959233E+11
           DelSqG =  2.0613546936E+08
           DelSqK = -4.8131895370E+09
           Stress_EigVals = -4.5314124181E+04 -4.5313352530E+04 -4.5313131646E+04
           Stress_EigVec1 =  2.9030413746E-01  8.0907697396E-01 -5.1099702345E-01
           Stress_EigVec2 = -1.4506293324E-01  5.6503044101E-01  8.1221754853E-01
           Stress_EigVec3 =  9.4587538988E-01 -1.6166338776E-01  2.8139775387E-01
           -DivStress =  3.0717931255E+03 -5.3259744959E+03 -5.6701267422E+03
           ESP =  -1.4637050856E+01     ESP at Nucleus =  -1.4637050934E+01
           ESPe = -3.3440885003E+01     ESPe at Nucleus = -3.3440879193E+01
           ESPn =  1.8803834147E+01     ESPn at Nucleus =  1.8803828259E+01

CP# 2      Coords = -3.44999694152172E+00 -1.81631523480315E+00 -2.20936218991992E+00
           Type = (3,-3) NACP C2
           Rho =  1.1949998360E+02     Rho at Nucleus =  1.1949998073E+02
           GradRho =  1.9323362355E-12  1.8560241018E-11 -3.4022958062E-13
           HessRho_EigVals = -1.8120506196E+05 -1.8120456603E+05 -1.8120242635E+05
           HessRho_EigVec1 = -3.7454188099E-01 -1.8568023922E-01  9.0842788825E-01
           HessRho_EigVec2 =  9.2204134882E-01 -1.7789135845E-01  3.4379414721E-01
           HessRho_EigVec3 =  9.7765691601E-02  9.6637338195E-01  2.3783262223E-01
           DelSqRho = -5.4361205434E+05
           Bond Ellipticity = NA
           V = -1.3591714077E+05
           G =  7.0635922216E+00
           K =  1.3591007718E+05
           L =  1.3590301359E+05
           Vnuc =  1.0660873409E+06
           Ven = -1.2739741976E+08
           Vrep =  1.2726150262E+08
           DelSqV =  4.6062607670E+09
           DelSqVen =  5.7953793229E+11
           DelSqVrep = -5.7493167152E+11
           DelSqG =  2.0609915255E+08
           DelSqK = -4.8123599196E+09
           Stress_EigVals = -4.5306273290E+04 -4.5305486739E+04 -4.5305380742E+04
           Stress_EigVec1 =  8.4229852883E-02  9.6624950193E-01  2.4344862273E-01
           Stress_EigVec2 = -2.6087437936E-01 -2.1441177208E-01  9.4126093629E-01
           Stress_EigVec3 =  9.6169116148E-01 -1.4279177855E-01  2.3400986711E-01
           -DivStress =  3.6294677573E+03  2.4964840564E+03 -7.1923189484E+03
           ESP =  -1.4637305659E+01     ESP at Nucleus =  -1.4637305739E+01
           ESPe = -3.2870178916E+01     ESPe at Nucleus = -3.2870173815E+01
           ESPn =  1.8232873257E+01     ESPn at Nucleus =  1.8232868077E+01

CP# 3      Coords = -3.45916122130682E+00  1.90028897709558E+00 -3.24919401346328E-01
           Type = (3,-3) NACP N3
           Rho =  1.9377516180E+02     Rho at Nucleus =  1.9377516105E+02
           GradRho =  1.2379333669E-11 -7.5212475137E-12 -2.6692884014E-12
           HessRho_EigVals = -4.0300975456E+05 -4.0300833725E+05 -4.0300363497E+05
           HessRho_EigVec1 = -3.7372982305E-01 -3.1574733270E-01  8.7214083797E-01
           HessRho_EigVec2 =  1.6540966844E-01  9.0251522293E-01  3.9762534372E-01
           HessRho_EigVec3 =  9.1266952450E-01 -2.9286497620E-01  2.8506919295E-01
           DelSqRho = -1.2090217268E+06
           Bond Ellipticity = NA
           V = -3.0230304736E+05
           G =  2.3807831990E+01
           K =  3.0227923953E+05
           L =  3.0225543170E+05
           Vnuc =  3.6129170411E+06
           Ven = -7.0009358423E+08
           Vrep =  6.9979128118E+08
           DelSqV =  1.4117655583E+10
           DelSqVen =  4.3680952648E+12
           DelSqVrep = -4.3539776092E+12
           DelSqG =  6.2872229120E+08
           DelSqK = -1.4746377874E+10
           Stress_EigVals = -1.0076830283E+05 -1.0076755450E+05 -1.0076719003E+05
           Stress_EigVec1 =  9.0330908174E-01 -3.2624369389E-01  2.7856373604E-01
           Stress_EigVec2 =  2.1548546561E-01  9.0654865205E-01  3.6295393039E-01
           Stress_EigVec3 = -3.7094301038E-01 -2.6783314521E-01  8.8919440472E-01
           -DivStress = -2.0600651001E+03  7.7757519246E+03 -3.8072156966E+03
           ESP =  -1.8216319789E+01     ESP at Nucleus =  -1.8216319800E+01
           ESPe = -3.7617569066E+01     ESPe at Nucleus = -3.7617566609E+01
           ESPn =  1.9401249277E+01     ESPn at Nucleus =  1.9401246808E+01

CP# 4      Coords = -4.22212012526655E+00 -2.08721850986626E+00  2.69467920230509E-01
           Type = (3,-3) NACP N4
           Rho =  1.9373632081E+02     Rho at Nucleus =  1.9373632060E+02
           GradRho =  5.7641070562E-10  1.1425447806E-09  7.5910594997E-10
           HessRho_EigVals = -4.0292799399E+05 -4.0292723307E+05 -4.0292152429E+05
           HessRho_EigVec1 = -1.1582204111E-01  7.8744389341E-01  6.0540678021E-01
           HessRho_EigVec2 = -1.3386182766E-01 -6.1632292997E-01  7.7603289691E-01
           HessRho_EigVec3 =  9.8420844636E-01  8.8408560123E-03  1.7679245849E-01
           DelSqRho = -1.2087767514E+06
           Bond Ellipticity = NA
           V = -3.0224188925E+05
           G =  2.3850706876E+01
           K =  3.0221803854E+05
           L =  3.0219418784E+05
           Vnuc =  6.9296399871E+06
           Ven = -1.3425229556E+09
           Vrep =  1.3422207137E+09
           DelSqV =  1.4114810721E+10
           DelSqVen =  8.3763875348E+12
           DelSqVrep = -8.3622727569E+12
           DelSqG =  6.2859368980E+08
           DelSqK = -1.4743404411E+10
           Stress_EigVals = -1.0074802798E+05 -1.0074702561E+05 -1.0074683567E+05
           Stress_EigVec1 =  9.8755784653E-01  4.4648046689E-02  1.5078478599E-01
           Stress_EigVec2 =  7.3465283096E-02  7.1679458141E-01 -6.9340347579E-01
           Stress_EigVec3 = -1.3904082832E-01  6.9585349032E-01  7.0459603183E-01
           -DivStress = -1.4426436476E+03 -3.6754999986E+03 -2.4358983429E+03
           ESP =  -1.8209044597E+01     ESP at Nucleus =  -1.8209044600E+01
           ESPe = -3.6794491155E+01     ESPe at Nucleus = -3.6794490057E+01
           ESPn =  1.8585446558E+01     ESPn at Nucleus =  1.8585445456E+01

CP# 5      Coords = -4.18551082295838E+00  1.82159915385879E-01  1.37538122970837E+00
           Type = (3,-3) NACP C5
           Rho =  1.1954450107E+02     Rho at Nucleus =  1.1954449993E+02
           GradRho = -7.2281430841E-11  1.7737686320E-12 -5.8643992440E-12
           HessRho_EigVals = -1.8127495880E+05 -1.8127375388E+05 -1.8127221342E+05
           HessRho_EigVec1 =  9.3200106896E-01 -1.8587592965E-01  3.1116578576E-01
           HessRho_EigVec2 =  2.2614410068E-01  9.6910642160E-01 -9.8445870129E-02
           HessRho_EigVec3 = -2.8325404353E-01  1.6211996298E-01  9.4524296582E-01
           DelSqRho = -5.4382092610E+05
           Bond Ellipticity = NA
           V = -1.3596903350E+05
           G =  6.9009853555E+00
           K =  1.3596213251E+05
           L =  1.3595523153E+05
           Vnuc =  1.6962182127E+06
           Ven = -2.0277355994E+08
           Vrep =  2.0263759091E+08
           DelSqV =  4.6080206040E+09
           DelSqVen =  9.2243895910E+11
           DelSqVrep = -9.1783093850E+11
           DelSqG =  2.0618025201E+08
           DelSqK = -4.8142008560E+09
           Stress_EigVals = -4.5323490140E+04 -4.5323075694E+04 -4.5322467663E+04
           Stress_EigVec1 = -2.6847728812E-01  1.5934401747E-01  9.5001548927E-01
           Stress_EigVec2 =  2.0192715491E-01  9.7362152534E-01 -1.0623817352E-01
           Stress_EigVec3 =  9.4188394714E-01 -1.6331138815E-01  2.9357115088E-01
           -DivStress =  3.0511851391E+02  9.8114007901E+02  5.2019807572E+03
           ESP =  -1.4564065704E+01     ESP at Nucleus =  -1.4564065723E+01
           ESPe = -3.3593356070E+01     ESPe at Nucleus = -3.3593349886E+01
           ESPn =  1.9029290366E+01     ESPn at Nucleus =  1.9029284163E+01

CP# 6      Coords = -4.55740402770203E+00 -4.50286275006503E+00  1.57108560231161E+00
           Type = (3,-3) NACP C6
           Rho =  1.1937484969E+02     Rho at Nucleus =  1.1937484534E+02
           GradRho =  2.4468745281E-11  8.9400432044E-12 -1.0539105396E-11
           HessRho_EigVals = -1.8101479917E+05 -1.8101148499E+05 -1.8101124890E+05
           HessRho_EigVec1 =  1.3526913558E-01  8.6809890186E-01 -4.7760502253E-01
           HessRho_EigVec2 =  2.6461876462E-02  4.7869826258E-01  8.7758061880E-01
           HessRho_EigVec3 =  9.9045546596E-01 -1.3134789681E-01  4.1781574282E-02
           DelSqRho = -5.4303753306E+05
           Bond Ellipticity = NA
           V = -1.3577335907E+05
           G =  6.9879037427E+00
           K =  1.3576637117E+05
           L =  1.3575938326E+05
           Vnuc =  8.6513569245E+05
           Ven = -1.0327544325E+08
           Vrep =  1.0313966989E+08
           DelSqV =  4.6014103203E+09
           DelSqVen =  4.6980115315E+11
           DelSqVrep = -4.6519974283E+11
           DelSqG =  2.0587896449E+08
           DelSqK = -4.8072892848E+09
           Stress_EigVals = -4.5258123612E+04 -4.5258064089E+04 -4.5257171372E+04
           Stress_EigVec1 =  9.9120136780E-01 -1.2533830415E-01  4.2545951410E-02
           Stress_EigVec2 =  2.2857006953E-02  4.7868802926E-01  8.7768748873E-01
           Stress_EigVec3 =  1.3037409904E-01  8.6899256623E-01 -4.7734108784E-01
           -DivStress =  8.6965796776E+01 -9.2946934580E+03  4.6214189856E+03
           ESP =  -1.4627628773E+01     ESP at Nucleus =  -1.4627628878E+01
           ESPe = -2.9588594115E+01     ESPe at Nucleus = -2.9588581529E+01
           ESPn =  1.4960965342E+01     ESPn at Nucleus =  1.4960952652E+01

CP# 7      Coords = -5.71793174147764E+00 -5.72051363002455E+00  4.39735821291946E-01
           Type = (3,-3) NACP H7
           Rho =  4.3137852056E-01     Rho at Nucleus =  4.2750593642E-01
           GradRho =  8.9239585773E-13  9.6106490008E-13  8.4557214746E-13
           HessRho_EigVals = -8.4493695274E+00 -8.4416395808E+00 -7.6981390477E+00
           HessRho_EigVec1 =  1.8019049281E-01 -7.3962097941E-01  6.4845369389E-01
           HessRho_EigVec2 = -8.0059383489E-01  2.7273143330E-01  5.3354201037E-01
           HessRho_EigVec3 =  5.7147256963E-01  6.1528722732E-01  5.4299238490E-01
           DelSqRho = -2.4589148156E+01
           Bond Ellipticity = NA
           V = -6.1582079675E+00
           G =  5.4604642599E-03
           K =  6.1527475032E+00
           L =  6.1472870390E+00
           Vnuc =  4.6892965182E+01
           Ven = -2.0228617945E+01
           Vrep =  1.4070409977E+01
           DelSqV =  1.5756174955E+03
           DelSqVen =  1.1530580683E+03
           DelSqVrep =  4.2255942712E+02
           DelSqG =  1.1723963517E+02
           DelSqK = -1.6928571306E+03
           Stress_EigVals = -2.1160855059E+00 -2.1155389754E+00 -1.9265834861E+00
           Stress_EigVec1 =  7.7337427606E-01 -6.2553192185E-01 -1.0296622686E-01
           Stress_EigVec2 = -2.7553303828E-01 -4.7794493104E-01  8.3405646554E-01
           Stress_EigVec3 =  5.7094113002E-01  6.1666721790E-01  5.4198502601E-01
           -DivStress = -9.1675625781E+00 -9.9006725090E+00 -8.6633651435E+00
           ESP =  -1.0427800248E+00     ESP at Nucleus =  -1.0441621290E+00
           ESPe = -1.5826957903E+01     ESPe at Nucleus = -1.5744912478E+01
           ESPn =  1.4784177878E+01     ESPn at Nucleus =  1.4700750349E+01

CP# 8      Coords = -5.46262999478823E+00 -4.17806821985110E+00  3.35439659836894E+00
           Type = (3,-3) NACP H8
           Rho =  4.3171718938E-01     Rho at Nucleus =  4.2786438657E-01
           GradRho =  2.2692073643E-14 -3.8153430204E-15 -4.0843305512E-14
           HessRho_EigVals = -8.4507545271E+00 -8.4441586024E+00 -7.7048523097E+00
           HessRho_EigVec1 = -1.1085861419E-01  9.7340643265E-01 -2.0047514692E-01
           HessRho_EigVec2 =  8.8856041366E-01  1.8743273437E-01  4.1872349034E-01
           HessRho_EigVec3 = -4.4516374396E-01  1.3171517361E-01  8.8570895564E-01
           DelSqRho = -2.4599765439E+01
           Bond Ellipticity = NA
           V = -6.1610608513E+00
           G =  5.5597457343E-03
           K =  6.1555011055E+00
           L =  6.1499413598E+00
           Vnuc =  4.7351116123E+01
           Ven = -2.0442290767E+01
           Vrep =  1.4281229915E+01
           DelSqV =  1.5764918560E+03
           DelSqVen =  1.1648263499E+03
           DelSqVrep =  4.1166550613E+02
           DelSqG =  1.1724964502E+02
           DelSqK = -1.6937415011E+03
           Stress_EigVals = -2.1167460934E+00 -2.1160701809E+00 -1.9282445770E+00
           Stress_EigVec1 =  8.8517725152E-01 -8.7083209812E-02  4.5703145183E-01
           Stress_EigVec2 =  1.3653294599E-01  9.8769744612E-01 -7.6239816324E-02
           Stress_EigVec3 = -4.4476958985E-01  1.2988560160E-01  8.8617703787E-01
           -DivStress = -7.1147131175E+00  1.9686714690E+00  1.4188979707E+01
           ESP =  -1.0373392831E+00     ESP at Nucleus =  -1.0387193814E+00
           ESPe = -1.6186886573E+01     ESPe at Nucleus = -1.6108177346E+01
           ESPn =  1.5149547290E+01     ESPn at Nucleus =  1.5069457965E+01

CP# 9      Coords = -2.73130857274773E+00 -5.33637673153755E+00  1.86759429862414E+00
           Type = (3,-3) NACP H9
           Rho =  4.2587566967E-01     Rho at Nucleus =  4.2183754264E-01
           GradRho = -1.3641269104E-13  6.4667455418E-14 -2.3258056824E-14
           HessRho_EigVals = -8.3445905216E+00 -8.3361263319E+00 -7.5701106739E+00
           HessRho_EigVec1 = -4.3774757322E-01 -8.0151371501E-01  4.0737308059E-01
           HessRho_EigVec2 =  4.6599817080E-02  4.3225615419E-01  9.0054598673E-01
           HessRho_EigVec3 =  8.9788948050E-01 -4.1319533130E-01  1.5186869000E-01
           DelSqRho = -2.4250827527E+01
           Bond Ellipticity = NA
           V = -6.0731225281E+00
           G =  5.2078231114E-03
           K =  6.0679147049E+00
           L =  6.0627068818E+00
           Vnuc =  4.7419347855E+01
           Ven = -2.0194746523E+01
           Vrep =  1.4121623995E+01
           DelSqV =  1.5513032483E+03
           DelSqVen =  1.1499584263E+03
           DelSqVrep =  4.0134482200E+02
           DelSqG =  1.1552248012E+02
           DelSqK = -1.6668257284E+03
           Stress_EigVals = -2.0893909235E+00 -2.0891832438E+00 -1.8945483607E+00
           Stress_EigVec1 =  4.2086642717E-01  9.0700531897E-01 -1.4587729072E-02
           Stress_EigVec2 = -1.3206346942E-01  7.7173911438E-02  9.8823247641E-01
           Stress_EigVec3 =  8.9745790460E-01 -4.1398736544E-01  1.5226217758E-01
           -DivStress =  1.4655754751E+01 -6.6255059443E+00  2.4526116512E+00
           ESP =  -1.0521168755E+00     ESP at Nucleus =  -1.0535464163E+00
           ESPe = -1.7255515234E+01     ESPe at Nucleus = -1.7191164813E+01
           ESPn =  1.6203398358E+01     ESPn at Nucleus =  1.6137618396E+01

CP# 10     Coords = -2.77903945820422E+00  4.55049462709741E+00  2.52259886975562E-01
           Type = (3,-3) NACP C10
           Rho =  1.1939858087E+02     Rho at Nucleus =  1.1939857596E+02
           GradRho = -1.7676903778E-11  2.6844476691E-11  3.8155598608E-13
           HessRho_EigVals = -1.8105517634E+05 -1.8105157175E+05 -1.8105145388E+05
           HessRho_EigVec1 =  1.9933965821E-01  9.5939051259E-01  1.9958342870E-01
           HessRho_EigVec2 = -5.8449070121E-01 -4.7068629645E-02  8.1003405132E-01
           HessRho_EigVec3 =  7.8653310221E-01 -2.7812656912E-01  5.5137218889E-01
           DelSqRho = -5.4315820196E+05
           Bond Ellipticity = NA
           V = -1.3580323825E+05
           G =  6.8438785273E+00
           K =  1.3579639437E+05
           L =  1.3578955049E+05
           Vnuc =  8.1473560635E+05
           Ven = -9.7278275179E+07
           Vrep =  9.7142471940E+07
           DelSqV =  4.6024294597E+09
           DelSqVen =  4.4253032627E+11
           DelSqVrep = -4.3792789707E+11
           DelSqG =  2.0592920091E+08
           DelSqK = -4.8083586606E+09
           Stress_EigVals = -4.5268096389E+04 -4.5268062598E+04 -4.5267079260E+04
           Stress_EigVec1 =  8.0243198427E-01 -2.8167049862E-01  5.2608425259E-01
           Stress_EigVec2 = -5.6044203673E-01 -5.2925477655E-02  8.2650082715E-01
           Stress_EigVec3 =  2.0495763974E-01  9.5805042875E-01  2.0032908399E-01
           -DivStress =  3.9980221767E+03  1.0049761759E+04  2.1460983206E+03
           ESP =  -1.4633708029E+01     ESP at Nucleus =  -1.4633708152E+01
           ESPe = -3.1532869482E+01     ESPe at Nucleus = -3.1532859288E+01
           ESPn =  1.6899161454E+01     ESPn at Nucleus =  1.6899151136E+01

CP# 11     Coords = -4.61317514401347E+00  5.49122335368971E-01  3.29329380242593E+00
           Type = (3,-3) NACP H11
           Rho =  4.2286627963E-01     Rho at Nucleus =  4.1826753062E-01
           GradRho =  5.6947337945E-16  4.2346776923E-17 -1.1969447989E-15
           HessRho_EigVals = -8.2630927534E+00 -8.2508774968E+00 -7.4160497089E+00
           HessRho_EigVec1 = -1.7492144322E-01 -9.7330023274E-01  1.4862417588E-01
           HessRho_EigVec2 =  9.6264359718E-01 -1.3737568259E-01  2.3333500948E-01
           HessRho_EigVec3 = -2.0668767142E-01  1.8388740791E-01  9.6097118984E-01
           DelSqRho = -2.3930019959E+01
           Bond Ellipticity = NA
           V = -5.9920133418E+00
           G =  4.7541760249E-03
           K =  5.9872591658E+00
           L =  5.9825049898E+00
           Vnuc =  4.6580356461E+01
           Ven = -1.9697262040E+01
           Vrep =  1.3705248698E+01
           DelSqV =  1.5225017879E+03
           DelSqVen =  1.1146688598E+03
           DelSqVrep =  4.0783292803E+02
           DelSqG =  1.1331896172E+02
           DelSqK = -1.6358207496E+03
           Stress_EigVals = -2.0684220964E+00 -2.0683574851E+00 -1.8552337603E+00
           Stress_EigVec1 =  8.1692904357E-01  5.7294717219E-01  6.6018752318E-02
           Stress_EigVec2 =  5.3844918860E-01 -7.9869363478E-01  2.6862790073E-01
           Stress_EigVec3 = -2.0663835335E-01  1.8390219040E-01  9.6097896714E-01
           -DivStress = -3.5233703415E+00  3.1752101764E+00  1.6586550446E+01
           ESP =  -9.7076251671E-01     ESP at Nucleus =  -9.7247901373E-01
           ESPe = -1.8508233041E+01     ESPe at Nucleus = -1.8401930198E+01
           ESPn =  1.7537470524E+01     ESPn at Nucleus =  1.7429451184E+01

CP# 12     Coords = -2.10544482706870E+00  1.62356028257401E+00 -4.11573988104412E+00
           Type = (3,-3) NACP H12
           Rho =  4.2198237489E-01     Rho at Nucleus =  4.1752005570E-01
           GradRho = -4.1079065063E-14 -4.4710247874E-14  7.6845675006E-14
           HessRho_EigVals = -8.2574890026E+00 -8.2462724747E+00 -7.4331613929E+00
           HessRho_EigVec1 =  9.0777182569E-03 -8.6488532793E-01 -5.0188740228E-01
           HessRho_EigVec2 =  9.1747872049E-01 -1.9240377907E-01  3.4815741159E-01
           HessRho_EigVec3 = -3.9768126996E-01 -4.6363148656E-01  7.9176729674E-01
           DelSqRho = -2.3936922870E+01
           Bond Ellipticity = NA
           V = -5.9948534531E+00
           G =  5.3113678025E-03
           K =  5.9895420853E+00
           L =  5.9842307175E+00
           Vnuc =  4.7276755642E+01
           Ven = -1.9949957623E+01
           Vrep =  1.3955104169E+01
           DelSqV =  1.5252767119E+03
           DelSqVen =  1.1316600533E+03
           DelSqVrep =  3.9361665856E+02
           DelSqG =  1.1362831711E+02
           DelSqK = -1.6389050290E+03
           Stress_EigVals = -2.0680087539E+00 -2.0673669597E+00 -1.8594777396E+00
           Stress_EigVec1 =  9.1728499310E-01 -2.0455986946E-01  3.4167748131E-01
           Stress_EigVec2 = -3.8496435104E-03 -8.6250207405E-01 -5.0603888438E-01
           Stress_EigVec3 = -3.9821278442E-01 -4.6286653807E-01  7.9194769162E-01
           -DivStress =  6.8590730079E+00  7.8195339994E+00 -1.3443051735E+01
           ESP =  -1.0214780658E+00     ESP at Nucleus =  -1.0231309581E+00
           ESPe = -1.8801767626E+01     ESPe at Nucleus = -1.8703880522E+01
           ESPn =  1.7780289560E+01     ESPn at Nucleus =  1.7680749564E+01

CP# 13     Coords = -3.21804956288082E+00 -3.38658987981136E+00 -3.42387744931197E+00
           Type = (3,-3) NACP H13
           Rho =  4.2293371215E-01     Rho at Nucleus =  4.1854249726E-01
           GradRho = -5.7048549912E-15  3.1825291100E-14  2.6819475460E-14
           HessRho_EigVals = -8.2788264254E+00 -8.2665617837E+00 -7.4646826195E+00
           HessRho_EigVec1 =  3.1192152028E-01  6.2402115743E-01 -7.1645136630E-01
           HessRho_EigVec2 =  9.4110717144E-01 -9.9376252574E-02  3.2317433730E-01
           HessRho_EigVec3 = -1.3046937208E-01  7.7506254942E-01  6.1826837817E-01
           DelSqRho = -2.4010070829E+01
           Bond Ellipticity = NA
           V = -6.0136350917E+00
           G =  5.5586922677E-03
           K =  6.0080763994E+00
           L =  6.0025177071E+00
           Vnuc =  4.6654958966E+01
           Ven = -1.9731954986E+01
           Vrep =  1.3718319894E+01
           DelSqV =  1.5311408564E+03
           DelSqVen =  1.1201888693E+03
           DelSqVrep =  4.1095198712E+02
           DelSqG =  1.1406689795E+02
           DelSqK = -1.6452077543E+03
           Stress_EigVals = -2.0735562764E+00 -2.0727069587E+00 -1.8673718566E+00
           Stress_EigVec1 =  9.2788192846E-01 -1.2466799857E-01  3.5141573239E-01
           Stress_EigVec2 = -3.4934855254E-01 -6.2011774081E-01  7.0243118977E-01
           Stress_EigVec3 = -1.3034843949E-01  7.7453978443E-01  6.1894863007E-01
           -DivStress =  2.2731857513E+00 -1.3054502726E+01 -1.0465801983E+01
           ESP =  -1.0175891085E+00     ESP at Nucleus =  -1.0192166219E+00
           ESPe = -1.7888390498E+01     ESPe at Nucleus = -1.7787797639E+01
           ESPn =  1.6870801389E+01     ESPn at Nucleus =  1.6768581017E+01

CP# 14     Coords = -9.78885058202019E-03  4.79337140178631E+00  1.01518955258015E+00
           Type = (3,-3) NACP C14
           Rho =  1.1937216443E+02     Rho at Nucleus =  1.1937216351E+02
           GradRho = -5.9775101535E-14 -3.8436008716E-11 -4.8922879636E-12
           HessRho_EigVals = -1.8100647447E+05 -1.8100525651E+05 -1.8100483271E+05
           HessRho_EigVec1 =  9.2430540496E-01  1.7583783204E-01  3.3873378219E-01
           HessRho_EigVec2 = -5.7751340723E-02  9.4176163584E-01 -3.3128507952E-01
           HessRho_EigVec3 = -3.7725893100E-01  2.8664625951E-01  8.8063024073E-01
           DelSqRho = -5.4301656369E+05
           Bond Ellipticity = NA
           V = -1.3576840652E+05
           G =  7.1327974317E+00
           K =  1.3576127372E+05
           L =  1.3575414092E+05
           Vnuc =  1.8847373183E+06
           Ven = -2.2498517307E+08
           Vrep =  2.2484940467E+08
           DelSqV =  4.6012345763E+09
           DelSqVen =  1.0234435666E+12
           DelSqVrep = -1.0188423320E+12
           DelSqG =  2.0586811691E+08
           DelSqK = -4.8071026932E+09
           Stress_EigVals = -4.5256315971E+04 -4.5256205806E+04 -4.5255884741E+04
           Stress_EigVec1 = -3.7521957117E-01  2.9346170747E-01  8.7925565091E-01
           Stress_EigVec2 = -5.6208296865E-02  9.3961240433E-01 -3.3759318268E-01
           Stress_EigVec3 =  9.2523018799E-01  1.7609303188E-01  3.3606598065E-01
           -DivStress =  4.6388322483E+03 -1.0808612146E+03  1.0407891641E+01
           ESP =  -1.4727322168E+01     ESP at Nucleus =  -1.4727322189E+01
           ESPe = -3.0913466717E+01     ESPe at Nucleus = -3.0913465699E+01
           ESPn =  1.6186144549E+01     ESPn at Nucleus =  1.6186143511E+01

CP# 15     Coords = -4.03967713695457E+00  5.17198121317452E+00  1.72135045414428E+00
           Type = (3,-3) NACP H15
           Rho =  4.3679776942E-01     Rho at Nucleus =  4.3304209883E-01
           GradRho =  2.2807088095E-09 -1.2631397326E-09 -2.6670621437E-09
           HessRho_EigVals = -8.5558375074E+00 -8.5493238073E+00 -7.8188283937E+00
           HessRho_EigVec1 =  5.7557852018E-01  8.0900663127E-01  1.1923773596E-01
           HessRho_EigVec2 =  5.4010961869E-01 -4.8557988588E-01  6.8738182565E-01
           HessRho_EigVec3 = -6.1399590138E-01  3.3124076590E-01  7.1644161527E-01
           DelSqRho = -2.4923989708E+01
           Bond Ellipticity = NA
           V = -6.2421652285E+00
           G =  5.5839007291E-03
           K =  6.2365813278E+00
           L =  6.2309974271E+00
           Vnuc =  4.9171597899E+01
           Ven = -2.1478044281E+01
           Vrep =  1.5235879052E+01
           DelSqV =  1.5990483780E+03
           DelSqVen =  1.2255524080E+03
           DelSqVrep =  3.7349596998E+02
           DelSqG =  1.1894945709E+02
           DelSqK = -1.7179978351E+03
           Stress_EigVals = -2.1430565893E+00 -2.1421262833E+00 -1.9569823560E+00
           Stress_EigVec1 =  7.7610111712E-01  8.3513363438E-02  6.2505405697E-01
           Stress_EigVec2 =  1.4828854637E-01  9.3922847341E-01 -3.0961327774E-01
