AIMSum (Version 17.11.14, Professional)
Copyright (c) 1997-2017 by Todd A. Keith
AIMSum is a component of the AIMAll package ( http://aim.tkgristmill.com )

TP:  64-bit Linux

Much of the Quantum Theory of Atoms in Molecules (QTAIM) is described in the book:
  "Atoms in Molecules - A Quantum Theory"
  R.F.W. Bader, Oxford University Press, Oxford, 1990

For additional references see:  http://aim.tkgristmill.com/references.html

Wfn File:  /home/localuser/Desktop/AIMAll/emimbf4/wfn/430.wfn
Sum File:  /home/localuser/Desktop/AIMAll/emimbf4/wfn/430.sum

SumViz File:  /home/localuser/Desktop/AIMAll/emimbf4/wfn/430.sumviz

Wfn Title:  B3LYP                                                                          
 
Total memory allocated for AIMSum =        1.306 Megabytes

Atomic units (a.u.) used throughout, except where stated otherwise

Model:  Restricted SCF
 
Restricted, closed-shell, single-determinant wavefunction.
  Number of electrons (from MO Occs)                   =         102.0000000000
  Number of Alpha electrons (from MO Occs)             =          51.0000000000
  Number of Beta electrons (from MO Occs)              =          51.0000000000
  Number of electron pairs (N*(N-1)/2)                 =        5151.0000000000
  Number of electron pairs (from Muller 2EDM)          =        5151.0000000000
 
Nuclear Charges and Cartesian Coordinates:
-------------------------------------------------------------------------------
Atom      Charge                X                  Y                  Z
-------------------------------------------------------------------------------
C1         6.0          -3.2556030500E+00   6.1217016000E-01  -2.5683201600E+00
C2         6.0          -3.6744482000E+00  -1.8959946500E+00  -2.2140253500E+00
N3         7.0          -3.8047066100E+00   1.8185643900E+00  -3.2609794000E-01
N4         7.0          -4.3139553100E+00  -2.2065521500E+00   2.9738357000E-01
C5         6.0          -4.3559588700E+00   6.2558610000E-02   1.4034137500E+00
C6         6.0          -4.4466701900E+00  -4.6364727000E+00   1.6147105800E+00
H7         1.0          -5.5478382400E+00  -5.9614090600E+00   4.8924165000E-01
H8         1.0          -5.3598009700E+00  -4.3664703300E+00   3.4380213400E+00
H9         1.0          -2.5276946000E+00  -5.3388167400E+00   1.8859148800E+00
C10        6.0          -3.1445399000E+00   4.4775046200E+00   2.4729494000E-01
H11        1.0          -4.7137204700E+00   4.1291750000E-01   3.3744037300E+00
H12        1.0          -2.6255103400E+00   1.6323205100E+00  -4.2099130600E+00
H13        1.0          -3.4148564300E+00  -3.4779940800E+00  -3.4630984900E+00
C14        6.0          -4.0030133000E-01   4.7154655800E+00   1.1049069800E+00
H15        1.0          -4.4762711700E+00   5.1353885700E+00   1.6793626300E+00
H16        1.0          -3.5064069700E+00   5.5458118700E+00  -1.4783259900E+00
H17        1.0          -8.1003690000E-02   3.6946305300E+00   2.8689301200E+00
H18        1.0           3.0224640000E-02   6.7109988900E+00   1.4150632800E+00
H19        1.0           9.1887792000E-01   3.9473757800E+00  -2.8396695000E-01
B20        5.0           4.4164169500E+00  -5.0100210000E-01  -2.3919700000E-03
F21        9.0           1.8546441500E+00  -1.3917279100E+00   5.5523467000E-01
F22        9.0           5.4916132400E+00   3.7959124000E-01   2.2408642200E+00
F23        9.0           5.7931579600E+00  -2.4657177900E+00  -1.0706042200E+00
F24        9.0           4.1222330100E+00   1.5265893500E+00  -1.7459018400E+00
 
Some Atomic Properties:
----------------------
  q(A) = Net Charge of Atom A
  L(A) = Lagrangian of Atom A = -(1/4) Times Atomic Integral of the Laplacian of the Electron Density
  K(A) = Electronic Kinetic Energy of Atom A (Hamiltonian Form)
  K_Scaled(A) = K(A) * E(Mol)/K(Mol) = Approximation to Virial-Based Total Energy of Atom A.
  |Mu_Intra(A)| = Magnitude of Intraatomic Dipole Moment of Atom A
--------------------------------------------------------------------------------------------------
Atom A          q(A)              L(A)              K(A)          K_Scaled(A)      |Mu_Intra(A)|
--------------------------------------------------------------------------------------------------
C1        5.5426670850E-01 -3.3549834026E-04  3.7457155136E+01 -3.7499974657E+01  7.8045372665E-01
C2        5.3413954900E-01 -4.1325210780E-05  3.7461132352E+01 -3.7503956420E+01  7.8891492350E-01
N3       -1.5517699083E+00 -2.9300241017E-07  5.5393960928E+01 -5.5457285088E+01  1.7010700456E-01
N4       -1.5560314186E+00 -5.7829520522E-05  5.5390959833E+01 -5.5454280563E+01  1.7418458516E-01
C5        1.3435152109E+00  5.2616921751E-05  3.6961525409E+01 -3.7003778346E+01  8.8675418215E-01
C6        5.1334598540E-01  1.8717637861E-05  3.7442542046E+01 -3.7485344863E+01  6.1835780442E-01
H7        3.0295448790E-02  2.2305478322E-05  6.0997441705E-01 -6.1067171540E-01  1.2070839180E-01
H8        2.1463494260E-02  2.4554972481E-05  6.1356046955E-01 -6.1426186734E-01  1.1966151305E-01
H9        8.2377246210E-02  3.2547643859E-05  5.8739364772E-01 -5.8806513264E-01  1.1753199359E-01
C10       4.5912188360E-01 -2.9722314601E-04  3.7476601321E+01 -3.7519443072E+01  6.2550462622E-01
H11       1.3574830867E-01  2.1351055792E-05  5.6168695315E-01 -5.6232905121E-01  1.1203013338E-01
H12       1.1554969807E-01  2.3719065780E-05  5.6835435154E-01 -5.6900407150E-01  1.1403023064E-01
H13       1.0865945338E-01  2.1550047475E-05  5.7083516320E-01 -5.7148771912E-01  1.1474783401E-01
C14       1.3262549030E-01 -1.5062484643E-04  3.7691261332E+01 -3.7734348474E+01  1.8010200397E-01
H15      -4.6536826000E-03  2.6677408121E-05  6.2995754386E-01 -6.3067768613E-01  1.2336077455E-01
H16       1.1228930070E-02  2.6293956857E-05  6.2380649157E-01 -6.2451960220E-01  1.2204506257E-01
H17      -5.7766767000E-03  2.7396820087E-05  6.2033166908E-01 -6.2104080743E-01  1.2632237931E-01
H18      -2.0276671900E-02  2.0244173381E-05  6.2350742334E-01 -6.2422019209E-01  1.2623630477E-01
H19       9.6885176510E-02  1.5930775422E-05  5.8022077439E-01 -5.8088405957E-01  9.7595155457E-02
B20       2.5156231857E+00 -4.8998013592E-04  2.3290946691E+01 -2.3317571970E+01  3.2131574502E-03
F21      -8.9072125640E-01  5.6290780605E-05  9.9796558412E+01 -9.9910641845E+01  2.1726614644E-01
F22      -8.7337924180E-01  3.9068207791E-05  9.9848957169E+01 -9.9963100503E+01  3.0643273172E-01
F23      -8.7134464290E-01  2.2440748784E-05  9.9852571844E+01 -9.9966719310E+01  3.1503666025E-01
F24      -8.8170642140E-01 -2.0905740862E-05  9.9835431608E+01 -9.9949559480E+01  2.7025445939E-01
--------------------------------------------------------------------------------------------------
Total    -8.1415124000E-04 -9.4197424883E-04  7.6448923299E+02 -7.6536316650E+02
 
1st Largest |L(A)| = 4.8998013592E-04, atom B20     
2nd Largest |L(A)| = 3.3549834026E-04, atom C1      
 
Molecular charge q(Mol) from the wfn file:   0.0000000000E+00
Molecular energy E(Mol) from the wfn file:  -7.6754896665E+02
Molecular virial ratio (-V(Mol)/T(Mol)) from the wfn file:   2.0011431600E+00
Note.  K_Scaled(A) = (1+V(Mol)/T(Mol))*K(A) = (E(Mol)/T(Mol))*K(A)
       Only use K_Scaled(A) data with caution.
 
N_AIMInt(SumA)     =        102.000814
N_Analytic(Mol)    =        102.000000
 
G_AIMInt(SumA)     =        764.490175
G_Analytic(Mol)    =        764.489226
 
K_AIMInt(SumA)     =        764.489233
K_Analytic(Mol)    =        764.489226
 
L_AIMInt(SumA)     =         -0.000942
L_Analytic(Mol)    =          0.000000
 
VenT_AIMInt(SumA)  =      -3519.631289
VenT_Analytic(Mol) =      -3519.614215
 
Some Information About the Atomic Calculations:
----------------------------------------------
  Time(sec) = "Elapsed User Time", in Seconds, for Atom A by AIMInt and, if used, by TWOe
  NProc = Number of Processors Used for AIMInt Job
  BIM = Basin Integration Method
  OAQ = Angular Quadrature Outside of Beta Sphere
  ORQ = Multiple of Default for Radial Quadrature Outside of Beta Sphere
  IAQ = Multiple of Default for Angular Quadrature Inside of Beta Sphere
  IRQ = Multiple of Default for Radial Quadrature Inside of Beta Sphere
  MIR = Maximum Integration Radius
------------------------------------------------------------------------------------------------------
Atom A     Time(sec)   NProc      BIM          OAQ                     ORQ      IAQ      IRQ      MIR
------------------------------------------------------------------------------------------------------
C1             51        4     Proaim(5)    4500(GS4)                  1.00     1.00     1.00    13.00
C2            117        4     Proaim(5)    4500(GS4)                  1.00     1.00     1.00    13.00
N3             47        4     Proaim(5)    4500(GS4)                  1.00     1.00     1.00    13.00
N4             70        4     Proaim(5)    4500(GS4)                  1.00     1.00     1.00    13.00
C5             39        4     Proaim(5)    4500(GS4)                  1.00     1.00     1.00    13.00
C6             50        4     Proaim(5)    4500(GS4)                  1.00     1.00     1.00    13.00
H7             10        4     Proaim(5)    1800(GS4)                  1.00     1.00     1.00    13.00
H8              9        4     Proaim(5)    1800(GS4)                  1.00     1.00     1.00    13.00
H9             14        4     Proaim(5)    1800(GS4)                  1.00     1.00     1.00    13.00
C10            51        4     Proaim(5)    4500(GS4)                  1.00     1.00     1.00    13.00
H11            10        4     Proaim(5)    1800(GS4)                  1.00     1.00     1.00    13.00
H12            12        4     Proaim(5)    1800(GS4)                  1.00     1.00     1.00    13.00
H13            11        4     Proaim(5)    1800(GS4)                  1.00     1.00     1.00    13.00
C14            50        4     Proaim(5)    4500(GS4)                  1.00     1.00     1.00    13.00
H15            12        4     Proaim(5)    1800(GS4)                  1.00     1.00     1.00    13.00
H16            11        4     Proaim(5)    1800(GS4)                  1.00     1.00     1.00    13.00
H17            15        4     Proaim(5)    1800(GS4)                  1.00     1.00     1.00    13.00
H18            11        4     Proaim(5)    1800(GS4)                  1.00     1.00     1.00    13.00
H19            33        4     Proaim(5)    4500(GS4)                  1.00     1.00     1.00    13.00
B20            84        4     Proaim(5)    4500(GS4)                  1.00     1.00     1.00    13.00
F21            84        4     Proaim(5)    4500(GS4)                  1.00     1.00     1.00    13.00
F22            25        4     Proaim(5)    2700(GS4)                  1.00     1.00     1.00    13.00
F23            21        4     Proaim(5)    2700(GS4)                  1.00     1.00     1.00    13.00
F24            49        4     Proaim(5)    4500(GS4)                  1.00     1.00     1.00    13.00
------------------------------------------------------------------------------------------------------
Total         886
Note:  Total wall clock time is less than total of atomic times if more than one atom
       was calculated at a time
 
Electron Density Critical Point Analysis of Molecular Structure:               
---------------------------------------------------------------                
  NACP = Nuclear Attractor Critical Point                                      
  NNACP = Non-Nuclear Attractor Critical Point                                 
  BCP = Bond Critical Point                                                    
  RCP = Ring Critical Point                                                    
  CCP = Cage Critical Point                                                    
  Rho = Electron Density                                                       
  GradRho = Gradient of Electron Density                                       
  HessRho_EigVals = Eigenvalues of the Hessian of Rho, Ascending Order         
  HessRho_EigVecs = Eigenvectors of the Hessian of Rho                         
  DelSqRho = Laplacian of Rho = Trace of Hessian of Rho                        
  Bond Ellipticity = (HessRho_EigVal(1) / HessRho_EigVal(2)) - 1               
  V = Virial Field = Potential Energy Density = Trace of Stress Tensor         
  G = Lagrangian Form of Kinetic Energy Density                                
  K = Hamiltonian Form of Kinetic Energy Density                               
  L = K - G = Lagrangian Density = (-1/4)DelSqRho                              
  Vnuc = Electrostatic Potential from Nuclei                                   
  Ven = Electron-nuclear attractive contribution to Virial Field V             
  Vrep = V - Ven = Repulsive contribution to Virial Field V                    
  DelSqV = Laplacian of V                                                      
  DelSqVen = Laplacian of Ven                                                  
  DelSqVrep = Laplacian of Vrep                                                
  DelSqG = Laplacian of G                                                      
  DelSqK = Laplacian of K                                                      
  Stress_EigVals = Eigenvalues of Stress Tensor, Ascending Order               
  Stress_EigVecs = Eigenvectors of Stress Tensor                               
  -DivStress = Ehrenfest Force Density = Minus Divergence of Stress Tensor     
  ESP = Total Electrostatic Potential                                          
  ESPe = Electrostatic Potential from Electrons                                
  ESPn = Electrostatic Potential from Nuclei                                   
  BP = Bond Path                                                               
  BPL = Bond Path Length                                                       
  GBL = Geometric Bond Length                                                  
  GBL_I = Distance Between Nuclear Attractors                                  
  GBL_II = Distance Between Nuclei                                             
  GBL_III = Sum of Distances Between BCP and Nuclear Attractors                
  GBL_IV = Sum of Distances Between BCP and Nuclei                             

CP# 1      Coords = -3.25560504713047E+00  6.12173592856044E-01 -2.56831635886028E+00
           Type = (3,-3) NACP C1
           Rho =  1.1951837983E+02     Rho at Nucleus =  1.1951837709E+02
           GradRho =  3.2453567611E-11 -9.8697751361E-12 -2.0275593704E-11
           HessRho_EigVals = -1.8123342514E+05 -1.8123330121E+05 -1.8123082832E+05
           HessRho_EigVec1 =  5.4102540844E-01 -5.3442865530E-01 -6.4936701473E-01
           HessRho_EigVec2 =  8.1756992276E-01  1.5321040036E-01  5.5507296333E-01
           HessRho_EigVec3 =  1.9715711708E-01  8.3121151677E-01 -5.1982351387E-01
           DelSqRho = -5.4369755467E+05
           Bond Ellipticity = NA
           V = -1.3593847002E+05
           G =  7.0406765192E+00
           K =  1.3593142934E+05
           L =  1.3592438867E+05
           Vnuc =  1.0914382563E+06
           Ven = -1.3044693208E+08
           Vrep =  1.3031099361E+08
           DelSqV =  4.6069819233E+09
           DelSqVen =  5.9341231027E+11
           DelSqVrep = -5.8880532835E+11
           DelSqG =  2.0613219439E+08
           DelSqK = -4.8131141177E+09
           Stress_EigVals = -4.5313404210E+04 -4.5312641151E+04 -4.5312424661E+04
           Stress_EigVec1 =  2.1844775598E-01  8.2572989195E-01 -5.2004877026E-01
           Stress_EigVec2 = -1.0389414219E-01  5.4956999397E-01  8.2896250153E-01
           Stress_EigVec3 =  9.7030231636E-01 -1.2705497736E-01  2.0584083074E-01
           -DivStress =  2.9940551754E+03 -5.1467956374E+03 -5.6956448389E+03
           ESP =  -1.4630720949E+01     ESP at Nucleus =  -1.4630721025E+01
           ESPe = -3.3035017737E+01     ESPe at Nucleus = -3.3035011960E+01
           ESPn =  1.8404296788E+01     ESPn at Nucleus =  1.8404290935E+01

CP# 2      Coords = -3.67445025116943E+00 -1.89599637870983E+00 -2.21402042267443E+00
           Type = (3,-3) NACP C2
           Rho =  1.1950227706E+02     Rho at Nucleus =  1.1950227421E+02
           GradRho = -4.9556886372E-12 -9.1054863302E-12 -2.1957404645E-11
           HessRho_EigVals = -1.8120866938E+05 -1.8120822574E+05 -1.8120603132E+05
           HessRho_EigVec1 = -3.3513373729E-01 -2.0670319755E-01  9.1921660464E-01
           HessRho_EigVec2 =  9.4078518584E-01 -1.2630580040E-01  3.1459510310E-01
           HessRho_EigVec3 =  5.1074575245E-02  9.7021679686E-01  2.3679264105E-01
           DelSqRho = -5.4362292643E+05
           Bond Ellipticity = NA
           V = -1.3591984816E+05
           G =  7.0582745706E+00
           K =  1.3591278988E+05
           L =  1.3590573161E+05
           Vnuc =  1.0694997708E+06
           Ven = -1.2780765793E+08
           Vrep =  1.2767173808E+08
           DelSqV =  4.6063525029E+09
           DelSqVen =  5.8140459622E+11
           DelSqVrep = -5.7679824372E+11
           DelSqG =  2.0610342810E+08
           DelSqK = -4.8124559310E+09
           Stress_EigVals = -4.5307180263E+04 -4.5306393828E+04 -4.5306274067E+04
           Stress_EigVec1 =  3.9737285376E-02  9.6920924976E-01  2.4301106627E-01
           Stress_EigVec2 = -2.0065423131E-01 -2.3050884997E-01  9.5215731344E-01
           Stress_EigVec3 =  9.7885587683E-01 -8.6597345588E-02  1.8531614103E-01
           -DivStress =  3.0744918813E+03  2.5923597390E+03 -7.3832253962E+03
           ESP =  -1.4630977022E+01     ESP at Nucleus =  -1.4630977102E+01
           ESPe = -3.2571479486E+01     ESPe at Nucleus = -3.2571474050E+01
           ESPn =  1.7940502463E+01     ESPn at Nucleus =  1.7940496949E+01

CP# 3      Coords = -3.80470579764469E+00  1.81856258090567E+00 -3.26097099373721E-01
           Type = (3,-3) NACP N3
           Rho =  1.9377933564E+02     Rho at Nucleus =  1.9377933471E+02
           GradRho =  6.3496076452E-11 -2.9008653119E-12  6.1131100182E-12
           HessRho_EigVals = -4.0301877868E+05 -4.0301730992E+05 -4.0301262744E+05
           HessRho_EigVec1 = -3.2328335483E-01 -3.2322587611E-01  8.8938906307E-01
           HessRho_EigVec2 =  1.7034172890E-01  9.0462793730E-01  3.9068144370E-01
           HessRho_EigVec3 =  9.3084454550E-01 -2.7780087846E-01  2.3739229988E-01
           DelSqRho = -1.2090487160E+06
           Bond Ellipticity = NA
           V = -3.0230976604E+05
           G =  2.3793515996E+01
           K =  3.0228597253E+05
           L =  3.0226217901E+05
           Vnuc =  3.2498990207E+06
           Ven = -6.2976327313E+08
           Vrep =  6.2946096336E+08
           DelSqV =  1.4117968986E+10
           DelSqVen =  3.9292862218E+12
           DelSqVrep = -3.9151682856E+12
           DelSqG =  6.2873676663E+08
           DelSqK = -1.4746705753E+10
           Stress_EigVals = -1.0077054600E+05 -1.0076979785E+05 -1.0076942219E+05
           Stress_EigVec1 =  9.2003349843E-01 -3.1732536960E-01  2.2987599175E-01
           Stress_EigVec2 =  2.2250777427E-01  9.0598940468E-01  3.6010205359E-01
           Stress_EigVec3 = -3.2253473017E-01 -2.8015675688E-01  9.0414796323E-01
           -DivStress = -3.7310009475E+03  8.3097900585E+03 -3.8623760853E+03
           ESP =  -1.8211097029E+01     ESP at Nucleus =  -1.8211097043E+01
           ESPe = -3.7286454758E+01     ESPe at Nucleus = -3.7286451902E+01
           ESPn =  1.9075357729E+01     ESPn at Nucleus =  1.9075354859E+01

CP# 4      Coords = -4.31395500706374E+00 -2.20655127233659E+00  2.97384048020520E-01
           Type = (3,-3) NACP N4
           Rho =  1.9374065318E+02     Rho at Nucleus =  1.9374065296E+02
           GradRho =  3.8613252873E-10  1.3151834139E-09  7.1892038503E-10
           HessRho_EigVals = -4.0293718760E+05 -4.0293638926E+05 -4.0293083008E+05
           HessRho_EigVec1 = -1.4252662113E-01  7.6064335035E-01  6.3333076338E-01
           HessRho_EigVec2 = -5.3453895355E-02 -6.4484456352E-01  7.6244224042E-01
           HessRho_EigVec3 =  9.8834651987E-01  7.4814319985E-02  1.3256686685E-01
           DelSqRho = -1.2088044069E+06
           Bond Ellipticity = NA
           V = -3.0224877940E+05
           G =  2.3838834975E+01
           K =  3.0222494057E+05
           L =  3.0220110173E+05
           Vnuc =  6.7030590074E+06
           Ven = -1.2986550304E+09
           Vrep =  1.2983527816E+09
           DelSqV =  1.4115131844E+10
           DelSqVen =  8.1026865562E+12
           DelSqVrep = -8.0885712932E+12
           DelSqG =  6.2860835129E+08
           DelSqK = -1.4743740195E+10
           Stress_EigVals = -1.0075030458E+05 -1.0074933794E+05 -1.0074913689E+05
           Stress_EigVec1 =  9.8769109985E-01  1.1534508255E-01  1.0564943547E-01
           Stress_EigVec2 = -1.1862322415E-02  7.2872510792E-01 -6.8470358725E-01
           Stress_EigVec3 = -1.5596658805E-01  6.7502239150E-01  7.2112356388E-01
           -DivStress = -1.3887246401E+03 -4.0315386506E+03 -2.1962907123E+03
           ESP =  -1.8203219707E+01     ESP at Nucleus =  -1.8203219710E+01
           ESPe = -3.6569947995E+01     ESPe at Nucleus = -3.6569946829E+01
           ESPn =  1.8366728289E+01     ESPn at Nucleus =  1.8366727119E+01

CP# 5      Coords = -4.35595924448534E+00  6.25579472129035E-02  1.40341024741494E+00
           Type = (3,-3) NACP C5
           Rho =  1.1954484491E+02     Rho at Nucleus =  1.1954484375E+02
           GradRho = -3.4841532437E-11  2.4855811853E-13  6.4695367119E-12
           HessRho_EigVals = -1.8127548497E+05 -1.8127426122E+05 -1.8127270848E+05
           HessRho_EigVec1 =  9.5168296623E-01 -1.4901683497E-01  2.6850235509E-01
           HessRho_EigVec2 =  1.8170704598E-01  9.7813265950E-01 -1.0118819029E-01
           HessRho_EigVec3 = -2.4755217882E-01  1.4508784686E-01  9.5794959964E-01
           DelSqRho = -5.4382245467E+05
           Bond Ellipticity = NA
           V = -1.3596941489E+05
           G =  6.9006116923E+00
           K =  1.3596251428E+05
           L =  1.3595561367E+05
           Vnuc =  1.6739583598E+06
           Ven = -2.0011309251E+08
           Vrep =  1.9997712310E+08
           DelSqV =  4.6080334393E+09
           DelSqVen =  9.1033613107E+11
           DelSqVrep = -9.0572809763E+11
           DelSqG =  2.0618081537E+08
           DelSqK = -4.8142142546E+09
           Stress_EigVals = -4.5323620779E+04 -4.5323202730E+04 -4.5322591382E+04
           Stress_EigVec1 = -2.3229665321E-01  1.4454621501E-01  9.6184440355E-01
           Stress_EigVec2 =  1.5074819938E-01  9.8229669437E-01 -1.1121234017E-01
           Stress_EigVec3 =  9.6089190094E-01 -1.1916205750E-01  2.4997431620E-01
           -DivStress =  5.6205062834E+02  9.9349056902E+02  5.2503569455E+03
           ESP =  -1.4558763685E+01     ESP at Nucleus =  -1.4558763705E+01
           ESPe = -3.3362269563E+01     ESPe at Nucleus = -3.3362263488E+01
           ESPn =  1.8803505878E+01     ESPn at Nucleus =  1.8803499783E+01

CP# 6      Coords = -4.44667077104938E+00 -4.63646643935217E+00  1.61470743300891E+00
           Type = (3,-3) NACP C6
           Rho =  1.1937640499E+02     Rho at Nucleus =  1.1937640052E+02
           GradRho =  1.2797187138E-11 -6.3414286788E-11  1.9842850345E-11
           HessRho_EigVals = -1.8101720139E+05 -1.8101383733E+05 -1.8101359659E+05
           HessRho_EigVec1 =  6.2060963181E-02  8.7358337458E-01 -4.8270127876E-01
           HessRho_EigVec2 = -2.2490122196E-03  4.8375472462E-01  8.7520072461E-01
           HessRho_EigVec3 =  9.9806982661E-01 -5.3230198871E-02  3.1986983837E-02
           DelSqRho = -5.4304463531E+05
           Bond Ellipticity = NA
           V = -1.3577513220E+05
           G =  6.9866851751E+00
           K =  1.3576814551E+05
           L =  1.3576115883E+05
           Vnuc =  8.5336193967E+05
           Ven = -1.0187128051E+08
           Vrep =  1.0173550538E+08
           DelSqV =  4.6014701225E+09
           DelSqVen =  4.6341362214E+11
           DelSqVrep = -4.5881215202E+11
           DelSqG =  2.0588166417E+08
           DelSqK = -4.8073517867E+09
           Stress_EigVals = -4.5258720670E+04 -4.5258659885E+04 -4.5257751642E+04
           Stress_EigVec1 =  9.9833971385E-01 -4.5493666884E-02  3.5329053393E-02
           Stress_EigVec2 = -8.9343229774E-03  4.8361996891E-01  8.7523248543E-01
           Stress_EigVec3 =  5.6903370841E-02  8.7409499023E-01 -4.8241056626E-01
           -DivStress =  8.7025259021E+02 -9.3707119726E+03  4.7102251198E+03
           ESP =  -1.4624009912E+01     ESP at Nucleus =  -1.4624010019E+01
           ESPe = -2.9473000748E+01     ESPe at Nucleus = -2.9472988236E+01
           ESPn =  1.4848990836E+01     ESPn at Nucleus =  1.4848978217E+01

CP# 7      Coords = -5.53121171483512E+00 -5.94076860610287E+00  5.05734223471832E-01
           Type = (3,-3) NACP H7
           Rho =  4.3114712306E-01     Rho at Nucleus =  4.2725972293E-01
           GradRho =  5.3908570858E-11  6.6873390899E-11  5.3529671825E-11
           HessRho_EigVals = -8.4434612695E+00 -8.4358123809E+00 -7.6904015361E+00
           HessRho_EigVec1 =  2.4548191628E-01 -7.2119239685E-01  6.4778094716E-01
           HessRho_EigVec2 = -8.0997369157E-01  2.1455102145E-01  5.4581176074E-01
           HessRho_EigVec3 =  5.3261735584E-01  6.5867244205E-01  5.3147847212E-01
           DelSqRho = -2.4569675186E+01
           Bond Ellipticity = NA
           V = -6.1533202340E+00
           G =  5.4507187000E-03
           K =  6.1478695153E+00
           L =  6.1424187966E+00
           Vnuc =  4.6748772190E+01
           Ven = -2.0155598637E+01
           Vrep =  1.4002278403E+01
           DelSqV =  1.5741162381E+03
           DelSqVen =  1.1486021483E+03
           DelSqVrep =  4.2551408983E+02
           DelSqG =  1.1711807149E+02
           DelSqK = -1.6912343096E+03
           Stress_EigVals = -2.1146280780E+00 -2.1140603386E+00 -1.9246318174E+00
           Stress_EigVec1 = -8.2192437913E-01  5.5310715729E-01  1.3606170496E-01
           Stress_EigVec2 = -2.0359649512E-01 -5.0837635718E-01  8.3672094909E-01
           Stress_EigVec3 =  5.3196689951E-01  6.6001966033E-01  5.3045760038E-01
           -DivStress = -8.5526368326E+00 -1.0618186637E+01 -8.4859094564E+00
           ESP =  -1.0388212059E+00     ESP at Nucleus =  -1.0402087287E+00
           ESPe = -1.5753331210E+01     ESPe at Nucleus = -1.5671534660E+01
           ESPn =  1.4714510004E+01     ESPn at Nucleus =  1.4631325932E+01

CP# 8      Coords = -5.34611756952035E+00 -4.36940502246658E+00  3.41024967353413E+00
           Type = (3,-3) NACP H8
           Rho =  4.3160839263E-01     Rho at Nucleus =  4.2774628682E-01
           GradRho =  2.2231992451E-14 -5.4515718112E-15 -4.7388897150E-14
           HessRho_EigVals = -8.4480050304E+00 -8.4413155368E+00 -7.7007625411E+00
           HessRho_EigVec1 = -1.9461616109E-01  9.5875170698E-01 -2.0717073686E-01
           HessRho_EigVec2 =  8.7630495909E-01  2.6483898903E-01  4.0243002939E-01
           HessRho_EigVec3 = -4.4069736613E-01  1.0322535666E-01  8.9170082272E-01
           DelSqRho = -2.4590083108E+01
           Bond Ellipticity = NA
           V = -6.1586196028E+00
           G =  5.5494128435E-03
           K =  6.1530701899E+00
           L =  6.1475207771E+00
           Vnuc =  4.7207820556E+01
           Ven = -2.0375291550E+01
           Vrep =  1.4216671947E+01
           DelSqV =  1.5757171481E+03
           DelSqVen =  1.1608442308E+03
           DelSqVrep =  4.1487291726E+02
           DelSqG =  1.1718762803E+02
           DelSqK = -1.6929047761E+03
           Stress_EigVals = -2.1160412200E+00 -2.1153634081E+00 -1.9272149746E+00
           Stress_EigVec1 =  8.9450664853E-01 -3.6868029952E-02  4.4553182164E-01
           Stress_EigVec2 =  7.8092904281E-02  9.9415689837E-01 -7.4522209556E-02
           Stress_EigVec3 = -4.4018104688E-01  1.0145348581E-01  8.9215908681E-01
           -DivStress = -7.0443807991E+00  1.5138626172E+00  1.4297821332E+01
           ESP =  -1.0338989537E+00     ESP at Nucleus =  -1.0352838576E+00
           ESPe = -1.6085771632E+01     ESPe at Nucleus = -1.6007219719E+01
           ESPn =  1.5051872678E+01     ESPn at Nucleus =  1.4971935861E+01

CP# 9      Coords = -2.55760586404476E+00 -5.32795344011904E+00  1.88157462634130E+00
           Type = (3,-3) NACP H9
           Rho =  4.2537782512E-01     Rho at Nucleus =  4.2132460926E-01
           GradRho = -2.4442752510E-13  9.0784530501E-14 -3.4970598025E-14
           HessRho_EigVals = -8.3339711155E+00 -8.3255033332E+00 -7.5578085486E+00
           HessRho_EigVec1 =  3.6880235788E-01  8.2746865437E-01 -4.2341521803E-01
           HessRho_EigVec2 =  3.2541057530E-02  4.4375302127E-01  8.9555811408E-01
           HessRho_EigVec3 =  9.2893804982E-01 -3.4406232306E-01  1.3673045548E-01
           DelSqRho = -2.4217282997E+01
           Bond Ellipticity = NA
           V = -6.0646929349E+00
           G =  5.1860927651E-03
           K =  6.0595068421E+00
           L =  6.0543207493E+00
           Vnuc =  4.7267888469E+01
           Ven = -2.0106711595E+01
           Vrep =  1.4042018660E+01
           DelSqV =  1.5488836256E+03
           DelSqVen =  1.1446998317E+03
           DelSqVrep =  4.0418379383E+02
           DelSqG =  1.1533892807E+02
           DelSqK = -1.6642225536E+03
           Stress_EigVals = -2.0867154427E+00 -2.0865214688E+00 -1.8914560233E+00
           Stress_EigVec1 =  3.5389336116E-01  9.3409284033E-01 -4.7223453598E-02
           Stress_EigVec2 = -1.1180683900E-01  9.2380369359E-02  9.8942665120E-01
           Stress_EigVec3 =  9.2857887101E-01 -3.4487161814E-01  1.3713076723E-01
           -DivStress =  1.5169102843E+01 -5.5120211198E+00  2.2021120960E+00
           ESP =  -1.0485575319E+00     ESP at Nucleus =  -1.0499904211E+00
           ESPe = -1.7180757160E+01     ESPe at Nucleus = -1.7117194240E+01
           ESPn =  1.6132199628E+01     ESPn at Nucleus =  1.6067203819E+01

CP# 10     Coords = -3.14454250226133E+00  4.47749784099522E+00  2.47293479643356E-01
           Type = (3,-3) NACP C10
           Rho =  1.1940017090E+02     Rho at Nucleus =  1.1940016593E+02
           GradRho = -2.2638745479E-11  1.7884128165E-11 -2.0836416360E-12
           HessRho_EigVals = -1.8105769279E+05 -1.8105404134E+05 -1.8105393577E+05
           HessRho_EigVec1 =  2.0033848229E-01  9.6069218633E-01  1.9218484760E-01
           HessRho_EigVec2 = -6.7352843070E-01 -7.4059216381E-03  7.3912421511E-01
           HessRho_EigVec3 =  7.1149416410E-01 -2.7751698229E-01  6.4556980955E-01
           DelSqRho = -5.4316566991E+05
           Bond Ellipticity = NA
           V = -1.3580509910E+05
           G =  6.8408098919E+00
           K =  1.3579825829E+05
           L =  1.3579141748E+05
           Vnuc =  8.1009326297E+05
           Ven = -9.6725274041E+07
           Vrep =  9.6589468942E+07
           DelSqV =  4.6024924195E+09
           DelSqVen =  4.4001484902E+11
           DelSqVrep = -4.3541235660E+11
           DelSqG =  2.0593211487E+08
           DelSqK = -4.8084245343E+09
           Stress_EigVals = -4.5268719074E+04 -4.5268688953E+04 -4.5267691070E+04
           Stress_EigVec1 =  7.3205767957E-01 -2.8223753603E-01  6.2002703734E-01
           Stress_EigVec2 = -6.4927996483E-01 -1.3548761659E-02  7.6042879898E-01
           Stress_EigVec3 =  2.0622095200E-01  9.5924887506E-01  1.9316965249E-01
           -DivStress =  3.8994157615E+03  1.0148915125E+04  2.1871287435E+03
           ESP =  -1.4629549106E+01     ESP at Nucleus =  -1.4629549230E+01
           ESPe = -3.1316801159E+01     ESPe at Nucleus = -3.1316791158E+01
           ESPn =  1.6687252054E+01     ESPn at Nucleus =  1.6687241928E+01

CP# 11     Coords = -4.70795944612756E+00  4.06937800554551E-01  3.34093212630654E+00
           Type = (3,-3) NACP H11
           Rho =  4.2250785592E-01     Rho at Nucleus =  4.1789899142E-01
           GradRho = -3.0764236644E-15  7.2380659409E-17 -6.9581384925E-16
           HessRho_EigVals = -8.2561891257E+00 -8.2440314029E+00 -7.4078636922E+00
           HessRho_EigVec1 = -1.1183959002E-01 -9.8147459891E-01  1.5556194198E-01
           HessRho_EigVec2 =  9.7919030845E-01 -8.2167367083E-02  1.8556633213E-01
           HessRho_EigVec3 = -1.6934652621E-01  1.7307840845E-01  9.7023997990E-01
           DelSqRho = -2.3908084221E+01
           Bond Ellipticity = NA
           V = -5.9864883609E+00
           G =  4.7336528452E-03
           K =  5.9817547081E+00
           L =  5.9770210552E+00
           Vnuc =  4.6398935442E+01
           Ven = -1.9603914731E+01
           Vrep =  1.3617426370E+01
           DelSqV =  1.5209334529E+03
           DelSqVen =  1.1093096563E+03
           DelSqVrep =  4.1162379663E+02
           DelSqG =  1.1320820794E+02
           DelSqK = -1.6341416609E+03
           Stress_EigVals = -2.0666821151E+00 -2.0666265843E+00 -1.8531796615E+00
           Stress_EigVec1 =  6.8153275221E-01  7.3169598378E-01 -1.1579938394E-02
           Stress_EigVec2 = -7.1191766575E-01  6.5928187260E-01 -2.4191041659E-01
           Stress_EigVec3 = -1.6937043678E-01  1.7311383472E-01  9.7022948593E-01
           -DivStress = -2.8849718903E+00  2.9933508368E+00  1.6754879157E+01
           ESP =  -9.6567612993E-01     ESP at Nucleus =  -9.6739784700E-01
           ESPe = -1.8367462387E+01     ESPe at Nucleus = -1.8262330545E+01
           ESPn =  1.7401786257E+01     ESPn at Nucleus =  1.7294932698E+01

CP# 12     Coords = -2.63649688021483E+00  1.61596539713830E+00 -4.18244475186824E+00
           Type = (3,-3) NACP H12
           Rho =  4.2231337441E-01     Rho at Nucleus =  4.1787219065E-01
           GradRho = -4.9227332280E-14 -7.2501182033E-14  1.1923879310E-13
           HessRho_EigVals = -8.2644425766E+00 -8.2528371389E+00 -7.4431286378E+00
           HessRho_EigVec1 =  4.2398037144E-02 -8.6444037081E-01 -5.0094435995E-01
           HessRho_EigVec2 =  9.4635115447E-01 -1.2601800236E-01  2.9755496219E-01
           HessRho_EigVec3 = -3.2034652938E-01 -4.8668501970E-01  8.1272122694E-01
           DelSqRho = -2.3960408353E+01
           Bond Ellipticity = NA
           V = -6.0008364400E+00
           G =  5.3671758476E-03
           K =  5.9954692642E+00
           L =  5.9901020883E+00
           Vnuc =  4.6914317329E+01
           Ven = -1.9812543659E+01
           Vrep =  1.3811707219E+01
           DelSqV =  1.5271162921E+03
           DelSqVen =  1.1240862008E+03
           DelSqVrep =  4.0303009128E+02
           DelSqG =  1.1376115796E+02
           DelSqK = -1.6408774501E+03
           Stress_EigVals = -2.0697481214E+00 -2.0691092284E+00 -1.8619790903E+00
           Stress_EigVec1 =  9.4693723403E-01 -1.4950012682E-01  2.8453398198E-01
           Stress_EigVec2 = -1.6736603584E-02  8.6110908916E-01  5.0814468674E-01
           Stress_EigVec3 = -3.2098249316E-01 -4.8594325661E-01  8.1291413473E-01
           -DivStress =  5.5121122361E+00  8.2067883931E+00 -1.3786304509E+01
           ESP =  -1.0142918497E+00     ESP at Nucleus =  -1.0159364088E+00
           ESPe = -1.8346198849E+01     ESPe at Nucleus = -1.8248272447E+01
           ESPn =  1.7331906999E+01     ESPn at Nucleus =  1.7232336038E+01

CP# 13     Coords = -3.41972386233509E+00 -3.45223196439384E+00 -3.44201296435816E+00
           Type = (3,-3) NACP H13
           Rho =  4.2262218839E-01     Rho at Nucleus =  4.1821685641E-01
           GradRho = -6.3709888060E-15  2.7015553423E-14  2.3497046323E-14
           HessRho_EigVals = -8.2722157594E+00 -8.2600733826E+00 -7.4561663528E+00
           HessRho_EigVec1 =  2.4285300417E-01  6.3899135395E-01 -7.2987154208E-01
           HessRho_EigVec2 =  9.5981711371E-01 -4.9214558128E-02  2.7627709914E-01
           HessRho_EigVec3 = -1.4061837221E-01  7.6763792040E-01  6.2526674032E-01
           DelSqRho = -2.3988455495E+01
           Bond Ellipticity = NA
           V = -6.0081596964E+00
           G =  5.5229113490E-03
           K =  6.0026367851E+00
           L =  5.9971138737E+00
           Vnuc =  4.6358582911E+01
           Ven = -1.9592165760E+01
           Vrep =  1.3584006064E+01
           DelSqV =  1.5295178272E+03
           DelSqVen =  1.1120708030E+03
           DelSqVrep =  4.1744702429E+02
           DelSqG =  1.1394591190E+02
           DelSqK = -1.6434637391E+03
           Stress_EigVals = -2.0718702031E+00 -2.0710492613E+00 -1.8652402319E+00
           Stress_EigVec1 =  9.4872623582E-01 -7.6538412804E-02  3.0669268142E-01
           Stress_EigVec2 = -2.8317845993E-01 -6.3692094869E-01  7.1703672497E-01
           Stress_EigVec3 = -1.4045814076E-01  7.6712031422E-01  6.2593764402E-01
           -DivStress =  2.4438462322E+00 -1.2943444054E+01 -1.0596487496E+01
           ESP =  -1.0119579851E+00     ESP at Nucleus =  -1.0135908839E+00
           ESPe = -1.7648335712E+01     ESPe at Nucleus = -1.7548602132E+01
           ESPn =  1.6636377727E+01     ESPn at Nucleus =  1.6535011248E+01

CP# 14     Coords = -4.00304500280878E-01  4.71546621832481E+00  1.10490706942382E+00
           Type = (3,-3) NACP C14
           Rho =  1.1937274483E+02     Rho at Nucleus =  1.1937274388E+02
           GradRho = -1.2430161067E-12  1.5939438137E-11 -1.6330658180E-11
           HessRho_EigVals = -1.8100746872E+05 -1.8100627381E+05 -1.8100577872E+05
           HessRho_EigVec1 =  9.0837623559E-01  1.5302497002E-01  3.8914775237E-01
           HessRho_EigVec2 =  2.3712799263E-02  9.1028425204E-01 -4.1330410551E-01
           HessRho_EigVec3 = -4.1748091905E-01  3.8466341005E-01  8.2325193179E-01
           DelSqRho = -5.4301952125E+05
           Bond Ellipticity = NA
           V = -1.3576913380E+05
           G =  7.1267422228E+00
           K =  1.3576200706E+05
           L =  1.3575488031E+05
           Vnuc =  1.8546493480E+06
           Ven = -2.2139458337E+08
           Vrep =  2.2125881424E+08
           DelSqV =  4.6012594588E+09
           DelSqVen =  1.0071107994E+12
           DelSqVrep = -1.0025095399E+12
           DelSqG =  2.0586934254E+08
           DelSqK = -4.8071288013E+09
           Stress_EigVals = -4.5256568517E+04 -4.5256439645E+04 -4.5256125636E+04
           Stress_EigVec1 = -4.1572277357E-01  3.9077429116E-01  8.2126124279E-01
           Stress_EigVec2 =  2.4435630856E-02  9.0746266844E-01 -4.1942151271E-01
           Stress_EigVec3 =  9.0916306319E-01  1.5429503800E-01  3.8680171377E-01
           -DivStress =  4.7431917800E+03 -9.5600323785E+02 -1.3493388241E+02
           ESP =  -1.4723084674E+01     ESP at Nucleus =  -1.4723084695E+01
           ESPe = -3.0729793618E+01     ESPe at Nucleus = -3.0729792567E+01
           ESPn =  1.6006708944E+01     ESPn at Nucleus =  1.6006707871E+01

CP# 15     Coords = -4.45680296365096E+00  5.12467783187338E+00  1.65843802446555E+00
           Type = (3,-3) NACP H15
           Rho =  4.3655698895E-01     Rho at Nucleus =  4.3278783757E-01
           GradRho =  2.2378549843E-10 -1.2261367919E-10 -2.4048865879E-10
           HessRho_EigVals = -8.5522452331E+00 -8.5455382998E+00 -7.8129820285E+00
           HessRho_EigVec1 =  5.7772120420E-01  8.0471953749E-01  1.3661872567E-01
           HessRho_EigVec2 =  5.0630828808E-01 -4.8458862893E-01  7.1332024935E-01
           HessRho_EigVec3 =  6.4022662210E-01 -3.4292904032E-01 -6.8739329765E-01
           DelSqRho = -2.4910765561E+01
           Bond Ellipticity = NA
           V = -6.2388049175E+00
           G =  5.5567635668E-03
           K =  6.2332481539E+00
           L =  6.2276913904E+00
           Vnuc =  4.8886707621E+01
           Ven = -2.1341833879E+01
           Vrep =  1.5103028961E+01
           DelSqV =  1.5980330523E+03
           DelSqVen =  1.2178053134E+03
           DelSqVrep =  3.8022773889E+02
           DelSqG =  1.1888930798E+02
           DelSqK = -1.7169223602E+03
           Stress_EigVals = -2.1421183877E+00 -2.1411792623E+00 -1.9555072675E+00
           Stress_EigVec1 = -7.5480542385E-01 -1.0987756712E-01 -6.4668051801E-01
           Stress_EigVec2 =  1.4734106580E-01  9.3227670136E-01 -3.3037972461E-01
