AIMSum (Version 17.11.14, Professional)
Copyright (c) 1997-2017 by Todd A. Keith
AIMSum is a component of the AIMAll package ( http://aim.tkgristmill.com )

TP:  64-bit Linux

Much of the Quantum Theory of Atoms in Molecules (QTAIM) is described in the book:
  "Atoms in Molecules - A Quantum Theory"
  R.F.W. Bader, Oxford University Press, Oxford, 1990

For additional references see:  http://aim.tkgristmill.com/references.html

Wfn File:  /home/localuser/Desktop/AIMAll/emimbf4/wfn/600.wfn
Sum File:  /home/localuser/Desktop/AIMAll/emimbf4/wfn/600.sum

SumViz File:  /home/localuser/Desktop/AIMAll/emimbf4/wfn/600.sumviz

Wfn Title:  B3LYP                                                                          
 
Total memory allocated for AIMSum =        1.279 Megabytes

Atomic units (a.u.) used throughout, except where stated otherwise

Model:  Restricted SCF
 
Restricted, closed-shell, single-determinant wavefunction.
  Number of electrons (from MO Occs)                   =         102.0000000000
  Number of Alpha electrons (from MO Occs)             =          51.0000000000
  Number of Beta electrons (from MO Occs)              =          51.0000000000
  Number of electron pairs (N*(N-1)/2)                 =        5151.0000000000
  Number of electron pairs (from Muller 2EDM)          =        5151.0000000000
 
Nuclear Charges and Cartesian Coordinates:
-------------------------------------------------------------------------------
Atom      Charge                X                  Y                  Z
-------------------------------------------------------------------------------
C1         6.0          -4.8079182700E+00   5.8754541000E-01  -2.5762888800E+00
C2         6.0          -5.1092203600E+00  -1.9412871800E+00  -2.2235261400E+00
N3         7.0          -5.2363265600E+00   1.7507012700E+00  -2.8179839000E-01
N4         7.0          -5.6821442800E+00  -2.2912572500E+00   3.0230110000E-01
C5         6.0          -5.7249278700E+00  -3.4042450000E-02   1.4380000100E+00
C6         6.0          -6.0177812800E+00  -4.7436145600E+00   1.5499201100E+00
H7         1.0          -7.5164974100E+00  -5.7967962200E+00   6.1055042000E-01
H8         1.0          -6.5299736600E+00  -4.4254334100E+00   3.5157150500E+00
H9         1.0          -4.2462064800E+00  -5.7910946300E+00   1.4638993700E+00
C10        6.0          -4.4651906100E+00   4.3815955100E+00   3.1873782000E-01
H11        1.0          -6.0367927200E+00   2.8677563000E-01   3.4228954200E+00
H12        1.0          -4.2799557600E+00   1.6418807900E+00  -4.2333489700E+00
H13        1.0          -4.9307567000E+00  -3.5002785100E+00  -3.5171194400E+00
C14        6.0          -1.6767264200E+00   4.4884558500E+00   1.0633029000E+00
H15        1.0          -5.7055983800E+00   5.0495564600E+00   1.8248200400E+00
H16        1.0          -4.8639205000E+00   5.4988567500E+00  -1.3664454600E+00
H17        1.0          -1.3321080000E+00   3.4743045000E+00   2.8271437000E+00
H18        1.0          -1.1221708700E+00   6.4569406700E+00   1.3373899700E+00
H19        1.0          -4.3894686000E-01   3.6566917700E+00  -3.6486917000E-01
B20        5.0           6.1979925200E+00  -3.7924418000E-01  -8.0144800000E-03
F21        9.0           3.6207546600E+00   5.9154185000E-01  -7.6234560000E-02
F22        9.0           6.1150448600E+00  -2.9437600600E+00  -7.2365854000E-01
F23        9.0           7.6674560700E+00   1.0256778100E+00  -1.7053233400E+00
F24        9.0           7.1066185800E+00  -1.3262665000E-01   2.4734007700E+00
 
Some Atomic Properties:
----------------------
  q(A) = Net Charge of Atom A
  L(A) = Lagrangian of Atom A = -(1/4) Times Atomic Integral of the Laplacian of the Electron Density
  K(A) = Electronic Kinetic Energy of Atom A (Hamiltonian Form)
  K_Scaled(A) = K(A) * E(Mol)/K(Mol) = Approximation to Virial-Based Total Energy of Atom A.
  |Mu_Intra(A)| = Magnitude of Intraatomic Dipole Moment of Atom A
--------------------------------------------------------------------------------------------------
Atom A          q(A)              L(A)              K(A)          K_Scaled(A)      |Mu_Intra(A)|
--------------------------------------------------------------------------------------------------
C1        5.4162905740E-01 -2.2960868544E-04  3.7457935214E+01 -3.7501974134E+01  7.8139882907E-01
C2        5.1654572630E-01  6.7907807438E-05  3.7466383357E+01 -3.7510432209E+01  7.8307312403E-01
N3       -1.5499852582E+00 -1.3572019073E-04  5.5387714925E+01 -5.5452833707E+01  1.7231430788E-01
N4       -1.5595933323E+00  1.1841380974E-04  5.5385167524E+01 -5.5450283311E+01  1.6809047876E-01
C5        1.3332751498E+00 -1.6790426551E-04  3.6966341090E+01 -3.7009802047E+01  8.9468922179E-01
C6        5.0720508850E-01 -3.2274637709E-05  3.7445646333E+01 -3.7489670805E+01  6.1116230682E-01
H7        4.1165240540E-02  2.1125447998E-05  6.0552585518E-01 -6.0623776587E-01  1.2004850316E-01
H8        3.4394851120E-02  2.5996693180E-05  6.0817559318E-01 -6.0889061915E-01  1.1797547876E-01
H9        6.9455603130E-02  2.8063713647E-05  5.9326572930E-01 -5.9396322589E-01  1.1740256570E-01
C10       4.4497847300E-01 -3.2537180128E-04  3.7483352506E+01 -3.7527421309E+01  6.2005418975E-01
H11       1.4622675971E-01  2.0193963729E-05  5.5676954961E-01 -5.5742413800E-01  1.1091270373E-01
H12       1.2347930189E-01  2.2184592141E-05  5.6462200432E-01 -5.6528582477E-01  1.1269190784E-01
H13       1.1985656452E-01  2.1553556594E-05  5.6553192178E-01 -5.6619681201E-01  1.1337619416E-01
C14       1.3727195570E-01 -9.6208443602E-05  3.7685573765E+01 -3.7729880318E+01  1.5940457273E-01
H15       7.2240605300E-03  2.7818748301E-05  6.2473836059E-01 -6.2547285923E-01  1.2201558486E-01
H16       2.0778604620E-02  2.6008398867E-05  6.1951503808E-01 -6.2024339572E-01  1.2067189074E-01
H17      -6.0165076000E-03  2.5993317692E-05  6.1997501905E-01 -6.2070391748E-01  1.2654943786E-01
H18       3.0031093200E-03  2.0304419016E-05  6.1405676257E-01 -6.1477870297E-01  1.2447060352E-01
H19       6.7655184590E-02  2.8770872656E-05  5.8801289259E-01 -5.8870421347E-01  1.1567834029E-01
B20       2.5149820458E+00 -3.7136286999E-04  2.3290800089E+01 -2.3318182850E+01  2.3047803875E-03
F21      -8.8646151400E-01  2.4231110001E-05  9.9792386826E+01 -9.9909711737E+01  2.2055589201E-01
F22      -8.7707061100E-01  2.3097153950E-05  9.9835094095E+01 -9.9952469217E+01  2.8352882233E-01
F23      -8.7493270750E-01  2.1246186119E-05  9.9842289046E+01 -9.9959672627E+01  2.9607419644E-01
F24      -8.7573413330E-01  2.6011585806E-05  9.9839982169E+01 -9.9957363038E+01  2.9149158718E-01
--------------------------------------------------------------------------------------------------
Total    -6.6728743000E-04 -8.0952951739E-04  7.6443885567E+02 -7.6533759878E+02
 
1st Largest |L(A)| = 3.7136286999E-04, atom B20     
2nd Largest |L(A)| = 3.2537180128E-04, atom C10     
 
Molecular charge q(Mol) from the wfn file:   0.0000000000E+00
Molecular energy E(Mol) from the wfn file:  -7.6751860519E+02
Molecular virial ratio (-V(Mol)/T(Mol)) from the wfn file:   2.0011756900E+00
Note.  K_Scaled(A) = (1+V(Mol)/T(Mol))*K(A) = (E(Mol)/T(Mol))*K(A)
       Only use K_Scaled(A) data with caution.
 
N_AIMInt(SumA)     =        102.000667
N_Analytic(Mol)    =        102.000000
 
G_AIMInt(SumA)     =        764.439665
G_Analytic(Mol)    =        764.438981
 
K_AIMInt(SumA)     =        764.438856
K_Analytic(Mol)    =        764.438981
 
L_AIMInt(SumA)     =         -0.000810
L_Analytic(Mol)    =          0.000000
 
VenT_AIMInt(SumA)  =      -3372.426137
VenT_Analytic(Mol) =      -3372.415325
 
Some Information About the Atomic Calculations:
----------------------------------------------
  Time(sec) = "Elapsed User Time", in Seconds, for Atom A by AIMInt and, if used, by TWOe
  NProc = Number of Processors Used for AIMInt Job
  BIM = Basin Integration Method
  OAQ = Angular Quadrature Outside of Beta Sphere
  ORQ = Multiple of Default for Radial Quadrature Outside of Beta Sphere
  IAQ = Multiple of Default for Angular Quadrature Inside of Beta Sphere
  IRQ = Multiple of Default for Radial Quadrature Inside of Beta Sphere
  MIR = Maximum Integration Radius
------------------------------------------------------------------------------------------------------
Atom A     Time(sec)   NProc      BIM          OAQ                     ORQ      IAQ      IRQ      MIR
------------------------------------------------------------------------------------------------------
C1             60        4     Proaim(5)    4500(GS4)                  1.00     1.00     1.00    13.00
C2             49        4     Proaim(5)    4500(GS4)                  1.00     1.00     1.00    13.00
N3             70        4     Proaim(5)    4500(GS4)                  1.00     1.00     1.00    13.00
N4             46        4     Proaim(5)    4500(GS4)                  1.00     1.00     1.00    13.00
C5             38        4     Proaim(5)    4500(GS4)                  1.00     1.00     1.00    13.00
C6             45        4     Proaim(5)    4500(GS4)                  1.00     1.00     1.00    13.00
H7              8        4     Proaim(5)    1800(GS4)                  1.00     1.00     1.00    13.00
H8             11        4     Proaim(5)    1800(GS4)                  1.00     1.00     1.00    13.00
H9             11        4     Proaim(5)    1800(GS4)                  1.00     1.00     1.00    13.00
C10            76        4     Proaim(5)    4500(GS4)                  1.00     1.00     1.00    13.00
H11            12        4     Proaim(5)    1800(GS4)                  1.00     1.00     1.00    13.00
H12             9        4     Proaim(5)    1800(GS4)                  1.00     1.00     1.00    13.00
H13            11        4     Proaim(5)    1800(GS4)                  1.00     1.00     1.00    13.00
C14            69        4     Proaim(5)    4500(GS4)                  1.00     1.00     1.00    13.00
H15             9        4     Proaim(5)    1800(GS4)                  1.00     1.00     1.00    13.00
H16            11        4     Proaim(5)    1800(GS4)                  1.00     1.00     1.00    13.00
H17            14        4     Proaim(5)    1800(GS4)                  1.00     1.00     1.00    13.00
H18            11        4     Proaim(5)    1800(GS4)                  1.00     1.00     1.00    13.00
H19            41        4     Proaim(5)    4500(GS4)                  1.00     1.00     1.00    13.00
B20            72        4     Proaim(5)    5400(GS5)                  1.00     1.00     1.00    13.00
F21            51        4     Proaim(5)    4500(GS4)                  1.00     1.00     1.00    13.00
F22            26        4     Proaim(5)    2700(GS4)                  1.00     1.00     1.00    13.00
F23            22        4     Proaim(5)    2700(GS4)                  1.00     1.00     1.00    13.00
F24            22        4     Proaim(5)    2700(GS4)                  1.00     1.00     1.00    13.00
------------------------------------------------------------------------------------------------------
Total         794
Note:  Total wall clock time is less than total of atomic times if more than one atom
       was calculated at a time
 
Electron Density Critical Point Analysis of Molecular Structure:               
---------------------------------------------------------------                
  NACP = Nuclear Attractor Critical Point                                      
  NNACP = Non-Nuclear Attractor Critical Point                                 
  BCP = Bond Critical Point                                                    
  RCP = Ring Critical Point                                                    
  CCP = Cage Critical Point                                                    
  Rho = Electron Density                                                       
  GradRho = Gradient of Electron Density                                       
  HessRho_EigVals = Eigenvalues of the Hessian of Rho, Ascending Order         
  HessRho_EigVecs = Eigenvectors of the Hessian of Rho                         
  DelSqRho = Laplacian of Rho = Trace of Hessian of Rho                        
  Bond Ellipticity = (HessRho_EigVal(1) / HessRho_EigVal(2)) - 1               
  V = Virial Field = Potential Energy Density = Trace of Stress Tensor         
  G = Lagrangian Form of Kinetic Energy Density                                
  K = Hamiltonian Form of Kinetic Energy Density                               
  L = K - G = Lagrangian Density = (-1/4)DelSqRho                              
  Vnuc = Electrostatic Potential from Nuclei                                   
  Ven = Electron-nuclear attractive contribution to Virial Field V             
  Vrep = V - Ven = Repulsive contribution to Virial Field V                    
  DelSqV = Laplacian of V                                                      
  DelSqVen = Laplacian of Ven                                                  
  DelSqVrep = Laplacian of Vrep                                                
  DelSqG = Laplacian of G                                                      
  DelSqK = Laplacian of K                                                      
  Stress_EigVals = Eigenvalues of Stress Tensor, Ascending Order               
  Stress_EigVecs = Eigenvectors of Stress Tensor                               
  -DivStress = Ehrenfest Force Density = Minus Divergence of Stress Tensor     
  ESP = Total Electrostatic Potential                                          
  ESPe = Electrostatic Potential from Electrons                                
  ESPn = Electrostatic Potential from Nuclei                                   
  BP = Bond Path                                                               
  BPL = Bond Path Length                                                       
  GBL = Geometric Bond Length                                                  
  GBL_I = Distance Between Nuclear Attractors                                  
  GBL_II = Distance Between Nuclei                                             
  GBL_III = Sum of Distances Between BCP and Nuclear Attractors                
  GBL_IV = Sum of Distances Between BCP and Nuclei                             

CP# 1      Coords = -4.80791957925984E+00  5.87548498788409E-01 -2.57628471142373E+00
           Type = (3,-3) NACP C1
           Rho =  1.1951634310E+02     Rho at Nucleus =  1.1951634051E+02
           GradRho =  2.3435710837E-11  7.9848805519E-12  1.6498238756E-11
           HessRho_EigVals = -1.8123036486E+05 -1.8123017675E+05 -1.8122774336E+05
           HessRho_EigVec1 =  6.8852141844E-01 -4.9073508156E-01 -5.3396379660E-01
           HessRho_EigVec2 =  6.9815132601E-01  2.4924972938E-01  6.7116264675E-01
           HessRho_EigVec3 =  1.9627272439E-01  8.3489739018E-01 -5.1422112513E-01
           DelSqRho = -5.4368828497E+05
           Bond Ellipticity = NA
           V = -1.3593613767E+05
           G =  7.0332145820E+00
           K =  1.3592910446E+05
           L =  1.3592207124E+05
           Vnuc =  1.1213300777E+06
           Ven = -1.3401727030E+08
           Vrep =  1.3388133416E+08
           DelSqV =  4.6069035290E+09
           DelSqVen =  6.0965402829E+11
           DelSqVrep = -6.0504712476E+11
           DelSqG =  2.0612865286E+08
           DelSqK = -4.8130321818E+09
           Stress_EigVals = -4.5312625128E+04 -4.5311867811E+04 -4.5311644733E+04
           Stress_EigVec1 =  1.9997742913E-01  8.3099812331E-01 -5.1908683945E-01
           Stress_EigVec2 = -3.1392425637E-02  5.3495043957E-01  8.4430003128E-01
           Stress_EigVec3 =  9.7929747444E-01 -1.5254555466E-01  1.3306506041E-01
           -DivStress =  1.9623124163E+03 -4.6307538582E+03 -6.2465964928E+03
           ESP =  -1.4599875454E+01     ESP at Nucleus =  -1.4599875528E+01
           ESPe = -3.1568023594E+01     ESPe at Nucleus = -3.1568017000E+01
           ESPn =  1.6968148140E+01     ESPn at Nucleus =  1.6968141472E+01

CP# 2      Coords = -5.10922215555017E+00 -1.94128889120350E+00 -2.22352103655945E+00
           Type = (3,-3) NACP C2
           Rho =  1.1950585692E+02     Rho at Nucleus =  1.1950585400E+02
           GradRho =  1.3317555392E-11 -1.2575464541E-11 -3.5421198960E-11
           HessRho_EigVals = -1.8121428969E+05 -1.8121391627E+05 -1.8121161854E+05
           HessRho_EigVec1 = -2.0999472153E-01 -2.4236493168E-01  9.4718607296E-01
           HessRho_EigVec2 =  9.7612448804E-01 -1.0699232870E-01  1.8903339768E-01
           HessRho_EigVec3 =  5.5526577139E-02  9.6426753626E-01  2.5904616913E-01
           DelSqRho = -5.4363982450E+05
           Bond Ellipticity = NA
           V = -1.3592404448E+05
           G =  7.0441759185E+00
           K =  1.3591700030E+05
           L =  1.3590995612E+05
           Vnuc =  1.0574216073E+06
           Ven = -1.2636807531E+08
           Vrep =  1.2623215127E+08
           DelSqV =  4.6064947785E+09
           DelSqVen =  5.7485649715E+11
           DelSqVrep = -5.7025000237E+11
           DelSqG =  2.0611002794E+08
           DelSqK = -4.8126048064E+09
           Stress_EigVals = -4.5308590136E+04 -4.5307792736E+04 -4.5307661605E+04
           Stress_EigVec1 =  4.1125854427E-02  9.6384723175E-01  2.6326256464E-01
           Stress_EigVec2 = -2.2487010844E-01 -2.4779696718E-01  9.4235348855E-01
           Stress_EigVec3 =  9.7352046636E-01 -9.7954973848E-02  2.0654956952E-01
           -DivStress =  2.6912040128E+03  2.5661235471E+03 -7.6474991311E+03
           ESP =  -1.4599376844E+01     ESP at Nucleus =  -1.4599376925E+01
           ESPe = -3.1190063469E+01     ESPe at Nucleus = -3.1190057558E+01
           ESPn =  1.6590686625E+01     ESPn at Nucleus =  1.6590680634E+01

CP# 3      Coords = -5.23632556153018E+00  1.75069916352641E+00 -2.81797683391899E-01
           Type = (3,-3) NACP N3
           Rho =  1.9378924332E+02     Rho at Nucleus =  1.9378924212E+02
           GradRho =  6.6886676753E-11 -4.9834546212E-12 -5.3816708034E-12
           HessRho_EigVals = -4.0303998312E+05 -4.0303836400E+05 -4.0303390722E+05
           HessRho_EigVec1 = -2.6018855194E-01 -3.0767123583E-01  9.1522692710E-01
           HessRho_EigVec2 =  2.4080915388E-01  8.9724453270E-01  3.7008539547E-01
           HessRho_EigVec3 =  9.3504698751E-01 -3.1668700507E-01  1.5936270573E-01
           DelSqRho = -1.2091122543E+06
           Bond Ellipticity = NA
           V = -3.0232559322E+05
           G =  2.3764818941E+01
           K =  3.0230182841E+05
           L =  3.0227806359E+05
           Vnuc =  2.8737330616E+06
           Ven = -5.5689855550E+08
           Vrep =  5.5659622991E+08
           DelSqV =  1.4118706712E+10
           DelSqVen =  3.4746658079E+12
           DelSqVrep = -3.4605471094E+12
           DelSqG =  6.2877059768E+08
           DelSqK = -1.4747477310E+10
           Stress_EigVals = -1.0077580112E+05 -1.0077510085E+05 -1.0077469125E+05
           Stress_EigVec1 =  9.1993216112E-01 -3.6545447639E-01  1.4201353675E-01
           Stress_EigVec2 =  3.0155671802E-01  8.9098527073E-01  3.3942420826E-01
           Stress_EigVec3 = -2.5057606580E-01 -2.6942210938E-01  9.2985125812E-01
           -DivStress = -4.5870786695E+03  9.6766997222E+03 -3.2471009744E+03
           ESP =  -1.8182395026E+01     ESP at Nucleus =  -1.8182395046E+01
           ESPe = -3.5956754600E+01     ESPe at Nucleus = -3.5956751720E+01
           ESPn =  1.7774359573E+01     ESPn at Nucleus =  1.7774356674E+01

CP# 4      Coords = -5.68214439165398E+00 -2.29125632848554E+00  3.02301427969866E-01
           Type = (3,-3) NACP N4
           Rho =  1.9374652220E+02     Rho at Nucleus =  1.9374652200E+02
           GradRho =  7.6895412780E-12  1.2256829336E-09  4.3618981322E-10
           HessRho_EigVals = -4.0294959863E+05 -4.0294870564E+05 -4.0294350087E+05
           HessRho_EigVec1 = -1.3364794254E-01  7.1953125269E-01  6.8147854247E-01
           HessRho_EigVec2 = -1.3349025789E-01 -6.9445111540E-01  7.0704879560E-01
           HessRho_EigVec3 =  9.8199723956E-01  3.5248704212E-03  1.8886237525E-01
           DelSqRho = -1.2088418051E+06
           Bond Ellipticity = NA
           V = -3.0225808057E+05
           G =  2.3814641028E+01
           K =  3.0223426593E+05
           L =  3.0221045129E+05
           Vnuc =  7.1103005468E+06
           Ven = -1.3775960027E+09
           Vrep =  1.3772937446E+09
           DelSqV =  1.4115565608E+10
           DelSqVen =  8.5952283279E+12
           DelSqVrep = -8.5811127623E+12
           DelSqG =  6.2862810509E+08
           DelSqK = -1.4744193713E+10
           Stress_EigVals = -1.0075335096E+05 -1.0075248266E+05 -1.0075224695E+05
           Stress_EigVec1 =  9.8262804641E-01  3.3012611547E-02  1.8262609312E-01
           Stress_EigVec2 =  9.1466596570E-02  7.7008829561E-01 -6.3134608471E-01
           Stress_EigVec3 = -1.6148059983E-01  6.3708255701E-01  7.5369080625E-01
           -DivStress =  5.1403585124E+02 -4.2330832484E+03 -1.5075905925E+03
           ESP =  -1.8171669952E+01     ESP at Nucleus =  -1.8171669955E+01
           ESPe = -3.5250497888E+01     ESPe at Nucleus = -3.5250497019E+01
           ESPn =  1.7078827935E+01     ESPn at Nucleus =  1.7078827063E+01

CP# 5      Coords = -5.72492802846348E+00 -3.40432185650818E-02  1.43799639320527E+00
           Type = (3,-3) NACP C5
           Rho =  1.1954807309E+02     Rho at Nucleus =  1.1954807185E+02
           GradRho =  3.9522725370E-11 -4.3684890774E-13  1.5045749369E-11
           HessRho_EigVals = -1.8128069884E+05 -1.8127944543E+05 -1.8127784519E+05
           HessRho_EigVec1 =  9.5568436886E-01 -1.8598428465E-01  2.2820436668E-01
           HessRho_EigVec2 =  2.0672657274E-01  9.7586111652E-01 -7.0421625797E-02
           HessRho_EigVec3 = -2.0959845237E-01  1.1447675361E-01  9.7106310899E-01
           DelSqRho = -5.4383798947E+05
           Bond Ellipticity = NA
           V = -1.3597328426E+05
           G =  6.8934476029E+00
           K =  1.3596639082E+05
           L =  1.3595949737E+05
           Vnuc =  1.6212243220E+06
           Ven = -1.9381424375E+08
           Vrep =  1.9367827047E+08
           DelSqV =  4.6081646155E+09
           DelSqVen =  8.8168336589E+11
           DelSqVrep = -8.7707520127E+11
           DelSqG =  2.0618701957E+08
           DelSqK = -4.8143516351E+09
           Stress_EigVals = -4.5324920727E+04 -4.5324488240E+04 -4.5323875296E+04
           Stress_EigVec1 = -1.9949993990E-01  1.1269099022E-01  9.7339638108E-01
           Stress_EigVec2 =  1.5931670518E-01  9.8387818256E-01 -8.1252134361E-02
           Stress_EigVec3 =  9.6685984581E-01 -1.3886850834E-01  2.1423719555E-01
           -DivStress =  2.3808147410E+02  1.1522062308E+03  5.4217897338E+03
           ESP =  -1.4529235635E+01     ESP at Nucleus =  -1.4529235656E+01
           ESPe = -3.2077286521E+01     ESPe at Nucleus = -3.2077280093E+01
           ESPn =  1.7548050886E+01     ESPn at Nucleus =  1.7548044437E+01

CP# 6      Coords = -6.01778085362210E+00 -4.74360804174370E+00  1.54991713097925E+00
           Type = (3,-3) NACP C6
           Rho =  1.1937656645E+02     Rho at Nucleus =  1.1937656178E+02
           GradRho = -7.5321421084E-11 -5.9994111892E-11 -1.4643232969E-11
           HessRho_EigVals = -1.8101761184E+05 -1.8101412093E+05 -1.8101399620E+05
           HessRho_EigVec1 =  1.2838990149E-01  8.7730006515E-01 -4.6245067725E-01
           HessRho_EigVec2 =  2.7523561525E-01  4.1647039508E-01  8.6648587185E-01
           HessRho_EigVec3 =  9.5276512808E-01 -2.3853093240E-01 -1.8799363020E-01
           DelSqRho = -5.4304572897E+05
           Bond Ellipticity = NA
           V = -1.3577540247E+05
           G =  6.9851159317E+00
           K =  1.3576841736E+05
           L =  1.3576143224E+05
           Vnuc =  8.3573622045E+05
           Ven = -9.9767320453E+07
           Vrep =  9.9631545051E+07
           DelSqV =  4.6014794246E+09
           DelSqVen =  4.5384298432E+11
           DelSqVrep = -4.4924150502E+11
           DelSqG =  2.0588221493E+08
           DelSqK = -4.8073616395E+09
           Stress_EigVals = -4.5258802633E+04 -4.5258771733E+04 -4.5257828109E+04
           Stress_EigVec1 =  9.5030545855E-01 -2.4039562706E-01 -1.9781172346E-01
           Stress_EigVec2 =  2.8470139536E-01  4.1399766022E-01  8.6461034739E-01
           Stress_EigVec3 =  1.2595495595E-01  8.7796120633E-01 -4.6186520680E-01
           -DivStress = -6.3791601630E+02 -9.7563837749E+03  4.4588242918E+03
           ESP =  -1.4596471125E+01     ESP at Nucleus =  -1.4596471237E+01
           ESPe = -2.8357421430E+01     ESPe at Nucleus = -2.8357409047E+01
           ESPn =  1.3760950305E+01     ESPn at Nucleus =  1.3760937810E+01

CP# 7      Coords = -7.49370141372335E+00 -5.78020766248611E+00  6.24338640074569E-01
           Type = (3,-3) NACP H7
           Rho =  4.3010691968E-01     Rho at Nucleus =  4.2618818336E-01
           GradRho =  8.1423583154E-17  7.4967159217E-16  4.7103163384E-16
           HessRho_EigVals = -8.4248421004E+00 -8.4166324036E+00 -7.6667362285E+00
           HessRho_EigVec1 =  2.0834171052E-01 -7.8099121188E-01  5.8876689668E-01
           HessRho_EigVec2 = -6.5516562884E-01  3.3551606327E-01  6.7689509532E-01
           HessRho_EigVec3 =  7.2618987217E-01  5.2676531610E-01  4.4177660792E-01
           DelSqRho = -2.4508210732E+01
           Bond Ellipticity = NA
           V = -6.1378630688E+00
           G =  5.4051928568E-03
           K =  6.1324578760E+00
           L =  6.1270526831E+00
           Vnuc =  4.5705485100E+01
           Ven = -1.9658245409E+01
           Vrep =  1.3520382340E+01
           DelSqV =  1.5697024589E+03
           DelSqVen =  1.1201596605E+03
           DelSqVrep =  4.4954279838E+02
           DelSqG =  1.1681723747E+02
           DelSqK = -1.6865196963E+03
           Stress_EigVals = -2.1097687114E+00 -2.1093658951E+00 -1.9187284624E+00
           Stress_EigVec1 =  6.5585373788E-01 -7.2468363576E-01 -2.1139891809E-01
           Stress_EigVec2 = -2.0789481313E-01 -4.4260503247E-01  8.7228466220E-01
           Stress_EigVec3 =  7.2569664543E-01  5.2814241763E-01  4.4094213398E-01
           -DivStress = -1.1698048829E+01 -8.5130866105E+00 -7.0770172336E+00
           ESP =  -1.0143745228E+00     ESP at Nucleus =  -1.0157719579E+00
           ESPe = -1.4856445166E+01     ESPe at Nucleus = -1.4777276169E+01
           ESPn =  1.3842070643E+01     ESPn at Nucleus =  1.3761504211E+01

CP# 8      Coords = -6.52219221439205E+00 -4.42897370272425E+00  3.48551921672965E+00
           Type = (3,-3) NACP H8
           Rho =  4.3039401531E-01     Rho at Nucleus =  4.2647551851E-01
           GradRho =  5.3633009831E-14 -2.2825682185E-14 -2.0135766815E-13
           HessRho_EigVals = -8.4212480878E+00 -8.4148917290E+00 -7.6669497440E+00
           HessRho_EigVec1 =  1.5648560354E-02  9.9225135183E-01 -1.2325736229E-01
           HessRho_EigVec2 =  9.6851716628E-01  1.5589197849E-02  2.4845819674E-01
           HessRho_EigVec3 = -2.4845446499E-01  1.2326488434E-01  9.6076851901E-01
           DelSqRho = -2.4503089561E+01
           Bond Ellipticity = NA
           V = -6.1367944895E+00
           G =  5.5110496263E-03
           K =  6.1312834399E+00
           L =  6.1257723902E+00
           Vnuc =  4.6171044670E+01
           Ven = -1.9871741307E+01
           Vrep =  1.3734946817E+01
           DelSqV =  1.5692169146E+03
           DelSqVen =  1.1313332427E+03
           DelSqVrep =  4.3788367191E+02
           DelSqG =  1.1669325190E+02
           DelSqK = -1.6859101665E+03
           Stress_EigVals = -2.1093779600E+00 -2.1086863922E+00 -1.9187301373E+00
           Stress_EigVec1 =  9.6413205789E-01 -6.4970288503E-02  2.5734847299E-01
           Stress_EigVec2 =  9.3668696893E-02  9.9048102492E-01 -1.0086384134E-01
           Stress_EigVec3 = -2.4834562642E-01  1.2135155903E-01  9.6104019113E-01
           -DivStress = -3.9918750835E+00  1.8196827377E+00  1.5490536668E+01
           ESP =  -1.0069346644E+00     ESP at Nucleus =  -1.0083377194E+00
           ESPe = -1.5313274281E+01     ESPe at Nucleus = -1.5238536968E+01
           ESPn =  1.4306339617E+01     ESPn at Nucleus =  1.4230199248E+01

CP# 9      Coords = -4.27349978125653E+00 -5.77457856851954E+00  1.46479758880761E+00
           Type = (3,-3) NACP H9
           Rho =  4.2689490639E-01     Rho at Nucleus =  4.2287799531E-01
           GradRho = -4.6568326452E-14  2.8237151116E-14  2.0199906201E-15
           HessRho_EigVals = -8.3608853578E+00 -8.3524916560E+00 -7.5898216536E+00
           HessRho_EigVec1 =  4.5900194930E-01  7.8048669468E-01 -4.2444991456E-01
           HessRho_EigVec2 =  2.4358976929E-01  3.4888471347E-01  9.0495496076E-01
           HessRho_EigVec3 =  8.5438939298E-01 -5.1876774778E-01 -2.9979810326E-02
           DelSqRho = -2.4303198667E+01
           Bond Ellipticity = NA
           V = -6.0863348385E+00
           G =  5.2675858275E-03
           K =  6.0810672527E+00
           L =  6.0757996669E+00
           Vnuc =  4.6001695396E+01
           Ven = -1.9637889450E+01
           Vrep =  1.3551554611E+01
           DelSqV =  1.5549338371E+03
           DelSqVen =  1.1179883422E+03
           DelSqVrep =  4.3694549484E+02
           DelSqG =  1.1574349927E+02
           DelSqK = -1.6706773364E+03
           Stress_EigVals = -2.0935685086E+00 -2.0933004434E+00 -1.8994658865E+00
           Stress_EigVec1 =  4.9748135231E-01  7.9771655043E-01  3.4082342830E-01
           Stress_EigVec2 = -1.5371440412E-01 -3.0561042404E-01  9.3966704246E-01
           Stress_EigVec3 =  8.5374714410E-01 -5.1985630120E-01 -2.9414962829E-02
           -DivStress =  1.3889665016E+01 -8.4062980981E+00 -4.5768901188E-01
           ESP =  -1.0181809622E+00     ESP at Nucleus =  -1.0196071785E+00
           ESPe = -1.5685788439E+01     ESPe at Nucleus = -1.5616878372E+01
           ESPn =  1.4667607476E+01     ESPn at Nucleus =  1.4597271193E+01

CP# 10     Coords = -4.46519341384684E+00  4.38158861502861E+00  3.18736302863890E-01
           Type = (3,-3) NACP C10
           Rho =  1.1940425100E+02     Rho at Nucleus =  1.1940424578E+02
           GradRho =  5.5332509408E-12 -6.4682792817E-11 -4.0586571647E-13
           HessRho_EigVals = -1.8106412902E+05 -1.8106032350E+05 -1.8106024797E+05
           HessRho_EigVec1 =  2.5219756989E-01  9.4611139307E-01  2.0314924968E-01
           HessRho_EigVec2 = -8.3203663689E-01  1.0482582653E-01  5.4472615227E-01
           HessRho_EigVec3 =  4.9407633076E-01 -3.0640623035E-01  8.1363616032E-01
           DelSqRho = -5.4318470049E+05
           Bond Ellipticity = NA
           V = -1.3580984434E+05
           G =  6.8346102569E+00
           K =  1.3580300973E+05
           L =  1.3579617512E+05
           Vnuc =  7.8987310952E+05
           Ven = -9.4314207029E+07
           Vrep =  9.4178397185E+07
           DelSqV =  4.6026528054E+09
           DelSqVen =  4.2904698803E+11
           DelSqVrep = -4.2444433599E+11
           DelSqG =  2.0593949458E+08
           DelSqK = -4.8085923000E+09
           Stress_EigVals = -4.5270310555E+04 -4.5270289434E+04 -4.5269244355E+04
           Stress_EigVec1 =  5.4216032929E-01 -3.1600180334E-01  7.7859170149E-01
           Stress_EigVec2 = -7.9974823852E-01  9.0234743616E-02  5.9351532923E-01
           Stress_EigVec3 =  2.5780793691E-01  9.4445780813E-01  2.0380018728E-01
           -DivStress =  4.2013219606E+03  1.0322905417E+04  2.2720687654E+03
           ESP =  -1.4605670236E+01     ESP at Nucleus =  -1.4605670367E+01
           ESPe = -3.0287960185E+01     ESPe at Nucleus = -3.0287950589E+01
           ESPn =  1.5682289950E+01     ESPn at Nucleus =  1.5682280223E+01

CP# 11     Coords = -6.03166137908007E+00  2.81220158612263E-01  3.38903368059456E+00
           Type = (3,-3) NACP H11
           Rho =  4.2094132545E-01     Rho at Nucleus =  4.1629685786E-01
           GradRho =  1.9963414602E-15 -4.2937794162E-17 -1.7290991772E-15
           HessRho_EigVals = -8.2234719471E+00 -8.2112915876E+00 -7.3707980058E+00
           HessRho_EigVec1 = -9.0558220158E-02 -9.8497028689E-01  1.4708073532E-01
           HessRho_EigVec2 =  9.8464344882E-01 -6.6419835102E-02  1.6144870453E-01
           HessRho_EigVec3 = -1.4925309863E-01  1.5944258981E-01  9.7585940232E-01
           DelSqRho = -2.3805561540E+01
           Bond Ellipticity = NA
           V = -5.9607177446E+00
           G =  4.6636797193E-03
           K =  5.9560540648E+00
           L =  5.9513903851E+00
           Vnuc =  4.5204418775E+01
           Ven = -1.9028407955E+01
           Vrep =  1.3067690210E+01
           DelSqV =  1.5136845516E+03
           DelSqVen =  1.0761165730E+03
           DelSqVrep =  4.3756797852E+02
           DelSqG =  1.1266052682E+02
           DelSqK = -1.6263450784E+03
           Stress_EigVals = -2.0584503581E+00 -2.0583671032E+00 -1.8439002833E+00
           Stress_EigVec1 =  1.0818380927E-01  9.8361855146E-01 -1.4419018219E-01
           Stress_EigVec2 = -9.8284983315E-01  8.4036791630E-02 -1.6414634668E-01
           Stress_EigVec3 = -1.4934011146E-01  1.5947527357E-01  9.7584074942E-01
           -DivStress = -2.5584543553E+00  2.7689229952E+00  1.6877595793E+01
           ESP =  -9.3732500339E-01     ESP at Nucleus =  -9.3905723941E-01
           ESPe = -1.7319964430E+01     ESPe at Nucleus = -1.7218483738E+01
           ESPn =  1.6382639427E+01     ESPn at Nucleus =  1.6279426499E+01

CP# 12     Coords = -4.28907089864228E+00  1.62484417741480E+00 -4.20543701247272E+00
           Type = (3,-3) NACP H12
           Rho =  4.2109983787E-01     Rho at Nucleus =  4.1663559545E-01
           GradRho = -5.7369880331E-14 -1.0694573618E-13  1.7725660620E-13
           HessRho_EigVals = -8.2398880272E+00 -8.2281663499E+00 -7.4158984827E+00
           HessRho_EigVec1 = -4.8434642877E-02  8.5814234816E-01  5.1112209467E-01
           HessRho_EigVec2 =  9.6278849108E-01 -9.6105655801E-02  2.5259062604E-01
           HessRho_EigVec3 = -2.6588043705E-01 -5.0433660705E-01  8.2155473341E-01
           DelSqRho = -2.3883952860E+01
           Bond Ellipticity = NA
           V = -5.9816314791E+00
           G =  5.3216321074E-03
           K =  5.9763098470E+00
           L =  5.9709882149E+00
           Vnuc =  4.5509508175E+01
           Ven = -1.9164046514E+01
           Vrep =  1.3182415035E+01
           DelSqV =  1.5217798361E+03
           DelSqVen =  1.0869469479E+03
           DelSqVrep =  4.3483288816E+02
           DelSqG =  1.1336484265E+02
           DelSqK = -1.6351446787E+03
           Stress_EigVals = -2.0635189747E+00 -2.0629514215E+00 -1.8551610830E+00
           Stress_EigVec1 =  9.6350151972E-01 -1.1279751273E-01  2.4277879358E-01
           Stress_EigVec2 = -2.9574209900E-02  8.5649577221E-01  5.1530608215E-01
           Stress_EigVec3 = -2.6606425465E-01 -5.0367818427E-01  8.2189908084E-01
           -DivStress =  4.5586786883E+00  8.5216378047E+00 -1.3964345458E+01
           ESP =  -9.8427066050E-01     ESP at Nucleus =  -9.8592130315E-01
           ESPe = -1.7036228805E+01     ESPe at Nucleus = -1.6941298641E+01
           ESPn =  1.6051958145E+01     ESPn at Nucleus =  1.5955377338E+01

CP# 13     Coords = -4.93412931149090E+00 -3.47476333668345E+00 -3.49510023954102E+00
           Type = (3,-3) NACP H13
           Rho =  4.2087309391E-01     Rho at Nucleus =  4.1643071375E-01
           GradRho = -1.3911127025E-15  2.3777610740E-14  2.1927426509E-14
           HessRho_EigVals = -8.2344883885E+00 -8.2224081627E+00 -7.4143424408E+00
           HessRho_EigVec1 = -2.0338361892E-01 -6.5248795239E-01  7.2999628461E-01
           HessRho_EigVec2 =  9.7431872328E-01 -6.1290119985E-02  2.1667151788E-01
           HessRho_EigVec3 = -9.6633995168E-02  7.5531648544E-01  6.4819663513E-01
           DelSqRho = -2.3871238992E+01
           Bond Ellipticity = NA
           V = -5.9787086806E+00
           G =  5.4494662665E-03
           K =  5.9732592143E+00
           L =  5.9678097480E+00
           Vnuc =  4.4994235398E+01
           Ven = -1.8936863060E+01
           Vrep =  1.2958154379E+01
           DelSqV =  1.5212504031E+03
           DelSqVen =  1.0740681464E+03
           DelSqVrep =  4.4718225669E+02
           DelSqG =  1.1330736683E+02
           DelSqK = -1.6345577700E+03
           Stress_EigVals = -2.0623452319E+00 -2.0615938074E+00 -1.8547696412E+00
           Stress_EigVec1 =  9.7213559350E-01 -6.8068834522E-02  2.2431901750E-01
           Stress_EigVec2 = -2.1348024286E-01 -6.5238618535E-01  7.2719904501E-01
           Stress_EigVec3 = -9.6843036668E-02  7.5482375355E-01  6.4873918282E-01
           -DivStress =  1.6853573294E+00 -1.2756586089E+01 -1.1011022284E+01
           ESP =  -9.8165702900E-01     ESP at Nucleus =  -9.8330160057E-01
           ESPe = -1.6452099768E+01     ESPe at Nucleus = -1.6355569623E+01
           ESPn =  1.5470442739E+01     ESPn at Nucleus =  1.5372268022E+01

CP# 14     Coords = -1.67672942867057E+00  4.48845619174007E+00  1.06330279452108E+00
           Type = (3,-3) NACP C14
           Rho =  1.1937246668E+02     Rho at Nucleus =  1.1937246585E+02
           GradRho =  1.6517929385E-11  3.6494932944E-11  1.3612257155E-11
           HessRho_EigVals = -1.8100714522E+05 -1.8100586956E+05 -1.8100558019E+05
           HessRho_EigVec1 =  9.4162356632E-01  5.7595997025E-02  3.3170432688E-01
           HessRho_EigVec2 =  1.1703446909E-01  8.6781127050E-01 -4.8291462169E-01
           HessRho_EigVec3 = -3.1567070245E-01  4.9354462810E-01  8.1041082649E-01
           DelSqRho = -5.4301859497E+05
           Bond Ellipticity = NA
           V = -1.3576888170E+05
           G =  7.1164763655E+00
           K =  1.3576176522E+05
           L =  1.3575464874E+05
           Vnuc =  1.9803087816E+06
           Ven = -2.3639434405E+08
           Vrep =  2.3625857517E+08
           DelSqV =  4.6012515095E+09
           DelSqVen =  1.0753444905E+12
           DelSqVrep = -1.0707432390E+12
           DelSqG =  2.0586909104E+08
           DelSqK = -4.8071206005E+09
           Stress_EigVals = -4.5256456007E+04 -4.5256380157E+04 -4.5256045532E+04
           Stress_EigVec1 = -3.1500236341E-01  5.0548873204E-01  8.0327744449E-01
           Stress_EigVec2 =  1.2026476785E-01  8.6080191091E-01 -4.9452649654E-01
           Stress_EigVec3 =  9.4144033091E-01  5.9171039794E-02  3.3194712138E-01
           -DivStress =  4.5009885266E+03 -5.1177312746E+02  1.5694301523E+02
           ESP =  -1.4697580786E+01     ESP at Nucleus =  -1.4697580805E+01
           ESPe = -2.9545590307E+01     ESPe at Nucleus = -2.9545588420E+01
           ESPn =  1.4848009521E+01     ESPn at Nucleus =  1.4848007616E+01

CP# 15     Coords = -5.68733976561749E+00  5.03854685013825E+00  1.80260399383570E+00
           Type = (3,-3) NACP H15
           Rho =  4.3549234122E-01     Rho at Nucleus =  4.3166844364E-01
           GradRho =  5.1863795837E-09 -3.1140629351E-09 -6.3089264288E-09
           HessRho_EigVals = -8.5294197434E+00 -8.5228444270E+00 -7.7828744056E+00
           HessRho_EigVec1 =  6.1204588513E-01  7.8050923284E-01  1.2729953632E-01
           HessRho_EigVec2 =  5.2025938474E-01 -5.1862884808E-01  6.7849413448E-01
           HessRho_EigVec3 = -5.9559214827E-01  3.4904076465E-01  7.2349190564E-01
           DelSqRho = -2.4835138576E+01
           Bond Ellipticity = NA
           V = -6.2197755063E+00
           G =  5.4954311549E-03
           K =  6.2142800752E+00
           L =  6.2087846440E+00
           Vnuc =  4.7850556536E+01
           Ven = -2.0838550895E+01
           Vrep =  1.4618775388E+01
           DelSqV =  1.5923161058E+03
           DelSqVen =  1.1883752209E+03
           DelSqVrep =  4.0394088489E+02
           DelSqG =  1.1846112808E+02
           DelSqK = -1.7107772339E+03
           Stress_EigVals = -2.1363989397E+00 -2.1354435032E+00 -1.9479330635E+00
           Stress_EigVec1 =  7.8154391527E-01  4.0516019433E-02  6.2253318038E-01
           Stress_EigVec2 =  1.8903795673E-01  9.3559244210E-01 -2.9821373745E-01
