AIMSum (Version 17.11.14, Professional)
Copyright (c) 1997-2017 by Todd A. Keith
AIMSum is a component of the AIMAll package ( http://aim.tkgristmill.com )

TP:  64-bit Linux

Much of the Quantum Theory of Atoms in Molecules (QTAIM) is described in the book:
  "Atoms in Molecules - A Quantum Theory"
  R.F.W. Bader, Oxford University Press, Oxford, 1990

For additional references see:  http://aim.tkgristmill.com/references.html

Wfn File:  /home/localuser/Desktop/AIMAll/emimbf4/wfn/700.wfn
Sum File:  /home/localuser/Desktop/AIMAll/emimbf4/wfn/700.sum

SumViz File:  /home/localuser/Desktop/AIMAll/emimbf4/wfn/700.sumviz

Wfn Title:  B3LYP                                                                          
 
Total memory allocated for AIMSum =        1.279 Megabytes

Atomic units (a.u.) used throughout, except where stated otherwise

Model:  Restricted SCF
 
Restricted, closed-shell, single-determinant wavefunction.
  Number of electrons (from MO Occs)                   =         102.0000000000
  Number of Alpha electrons (from MO Occs)             =          51.0000000000
  Number of Beta electrons (from MO Occs)              =          51.0000000000
  Number of electron pairs (N*(N-1)/2)                 =        5151.0000000000
  Number of electron pairs (from Muller 2EDM)          =        5151.0000000000
 
Nuclear Charges and Cartesian Coordinates:
-------------------------------------------------------------------------------
Atom      Charge                X                  Y                  Z
-------------------------------------------------------------------------------
C1         6.0           5.6932203600E+00  -5.7265851000E-01  -2.4889228300E+00
C2         6.0           5.9062374500E+00   1.9791035800E+00  -2.2539552000E+00
N3         7.0           6.0804144900E+00  -1.6028682600E+00  -1.2271745000E-01
N4         7.0           6.3665439400E+00   2.4756710300E+00   2.6988070000E-01
C5         6.0           6.4480661900E+00   2.7975664000E-01   1.5195621200E+00
C6         6.0           6.5953546700E+00   4.9987323900E+00   1.3997016000E+00
H7         1.0           8.1016920400E+00   6.0369688100E+00   4.5625046000E-01
H8         1.0           7.0464054500E+00   4.7956703900E+00   3.3954822000E+00
H9         1.0           4.8048130500E+00   5.9967877400E+00   1.1997631200E+00
C10        6.0           5.6281181000E+00  -4.2834351600E+00   5.5652352000E-01
H11        1.0           6.7248023100E+00   6.6151520000E-02   3.5243052300E+00
H12        1.0           5.2918619200E+00  -1.7255447000E+00  -4.1157295700E+00
H13        1.0           5.7258967500E+00   3.4640861000E+00  -3.6321820100E+00
C14        6.0           2.8080634800E+00  -4.8719619200E+00   6.8805243000E-01
H15        1.0           6.5671321200E+00  -4.6011445600E+00   2.3640062000E+00
H16        1.0           6.5933004300E+00  -5.4255712100E+00  -8.6260431000E-01
H17        1.0           1.8528485800E+00  -3.7094847300E+00   2.0994279900E+00
H18        1.0           2.5548698600E+00  -6.8539322100E+00   1.2014251600E+00
H19        1.0           1.8759388600E+00  -4.5561147800E+00  -1.1244502500E+00
B20        5.0          -7.2699020500E+00   2.8002144000E-01   3.6311800000E-03
F21        9.0          -4.6084776700E+00  -2.9825923000E-01  -1.4780666000E-01
F22        9.0          -7.5289880600E+00   2.8377904200E+00   7.1396910000E-01
F23        9.0          -8.3693197200E+00  -1.3622930000E-01  -2.3815299300E+00
F24        9.0          -8.3795642700E+00  -1.3030050300E+00   1.8315159500E+00
 
Some Atomic Properties:
----------------------
  q(A) = Net Charge of Atom A
  L(A) = Lagrangian of Atom A = -(1/4) Times Atomic Integral of the Laplacian of the Electron Density
  K(A) = Electronic Kinetic Energy of Atom A (Hamiltonian Form)
  K_Scaled(A) = K(A) * E(Mol)/K(Mol) = Approximation to Virial-Based Total Energy of Atom A.
  |Mu_Intra(A)| = Magnitude of Intraatomic Dipole Moment of Atom A
--------------------------------------------------------------------------------------------------
Atom A          q(A)              L(A)              K(A)          K_Scaled(A)      |Mu_Intra(A)|
--------------------------------------------------------------------------------------------------
C1        5.3416560250E-01  5.8570930099E-05  3.7460261136E+01 -3.7503861509E+01  7.8169427972E-01
C2        5.1923904540E-01  3.2354469936E-05  3.7464819117E+01 -3.7508424795E+01  7.8402467723E-01
N3       -1.5535457109E+00  3.3316557969E-05  5.5389504736E+01 -5.5453973134E+01  1.7415298332E-01
N4       -1.5597614047E+00  1.1085148524E-04  5.5383979158E+01 -5.5448441125E+01  1.6737456808E-01
C5        1.3336283879E+00  3.2253651070E-05  3.6964474104E+01 -3.7007497425E+01  8.9980218572E-01
C6        5.0352146730E-01  9.5752482795E-06  3.7447604748E+01 -3.7491190389E+01  6.1019886839E-01
H7        4.4543273300E-02  2.5051691361E-05  6.0416178630E-01 -6.0486497624E-01  1.1967267231E-01
H8        3.7449725790E-02  2.4087301940E-05  6.0681609329E-01 -6.0752237261E-01  1.1768494423E-01
H9        6.9360167900E-02  1.6776825719E-05  5.9330325743E-01 -5.9399380902E-01  1.1729532010E-01
C10       4.5270524770E-01 -3.8572175057E-04  3.7480593401E+01 -3.7524217438E+01  6.1575788762E-01
H11       1.4953463810E-01  1.8945828608E-05  5.5512299110E-01 -5.5576910430E-01  1.1075437726E-01
H12       1.2441203634E-01  2.7475347778E-05  5.6405124667E-01 -5.6470775156E-01  1.1245777940E-01
H13       1.2300213653E-01  2.0382971421E-05  5.6408255644E-01 -5.6473909777E-01  1.1308124770E-01
C14       1.4473732190E-01  1.1201439281E-04  3.7683325724E+01 -3.7727185724E+01  1.4225086441E-01
H15       1.1107439150E-02  2.8995983759E-05  6.2361139109E-01 -6.2433721862E-01  1.2043775739E-01
H16       2.4227336550E-02  2.5552453764E-05  6.1788329753E-01 -6.1860245808E-01  1.2115882409E-01
H17       1.7122922970E-02  2.6465455155E-05  6.0985997402E-01 -6.1056979614E-01  1.2308222511E-01
H18       9.5516444400E-03  1.5323774200E-05  6.1168559472E-01 -6.1239754170E-01  1.2300664226E-01
H19       1.4527066550E-02  1.9753447404E-05  6.1161771316E-01 -6.1232958113E-01  1.2132786972E-01
B20       2.5148876476E+00 -7.1630782725E-05  2.3291478998E+01 -2.3318588183E+01  2.6994040518E-03
F21      -8.8399736280E-01  2.2100528235E-05  9.9802363084E+01 -9.9918524052E+01  2.3336816273E-01
F22      -8.7741511760E-01  2.5665765855E-05  9.9833252611E+01 -9.9949449532E+01  2.8058471613E-01
F23      -8.7628416260E-01  2.6506612603E-05  9.9836956777E+01 -9.9953158009E+01  2.8722223380E-01
F24      -8.7653946280E-01  2.3896451795E-05  9.9836510983E+01 -9.9952711697E+01  2.8603353478E-01
--------------------------------------------------------------------------------------------------
Total     1.7988652000E-04  2.7856464171E-04  7.6443732048E+02 -7.6532705672E+02
 
1st Largest |L(A)| = 3.8572175057E-04, atom C10     
2nd Largest |L(A)| = 1.1201439281E-04, atom C14     
 
Molecular charge q(Mol) from the wfn file:   0.0000000000E+00
Molecular energy E(Mol) from the wfn file:  -7.6750622627E+02
Molecular virial ratio (-V(Mol)/T(Mol)) from the wfn file:   2.0011639100E+00
Note.  K_Scaled(A) = (1+V(Mol)/T(Mol))*K(A) = (E(Mol)/T(Mol))*K(A)
       Only use K_Scaled(A) data with caution.
 
N_AIMInt(SumA)     =        101.999820
N_Analytic(Mol)    =        102.000000
 
G_AIMInt(SumA)     =        764.437042
G_Analytic(Mol)    =        764.437322
 
K_AIMInt(SumA)     =        764.437320
K_Analytic(Mol)    =        764.437322
 
L_AIMInt(SumA)     =          0.000279
L_Analytic(Mol)    =          0.000000
 
VenT_AIMInt(SumA)  =      -3306.821364
VenT_Analytic(Mol) =      -3306.825315
 
Some Information About the Atomic Calculations:
----------------------------------------------
  Time(sec) = "Elapsed User Time", in Seconds, for Atom A by AIMInt and, if used, by TWOe
  NProc = Number of Processors Used for AIMInt Job
  BIM = Basin Integration Method
  OAQ = Angular Quadrature Outside of Beta Sphere
  ORQ = Multiple of Default for Radial Quadrature Outside of Beta Sphere
  IAQ = Multiple of Default for Angular Quadrature Inside of Beta Sphere
  IRQ = Multiple of Default for Radial Quadrature Inside of Beta Sphere
  MIR = Maximum Integration Radius
------------------------------------------------------------------------------------------------------
Atom A     Time(sec)   NProc      BIM          OAQ                     ORQ      IAQ      IRQ      MIR
------------------------------------------------------------------------------------------------------
C1             56        4     Proaim(5)    4500(GS4)                  1.00     1.00     1.00    13.00
C2             52        4     Proaim(5)    4500(GS4)                  1.00     1.00     1.00    13.00
N3             62        4     Proaim(5)    4500(GS4)                  1.00     1.00     1.00    13.00
N4             46        4     Proaim(5)    4500(GS4)                  1.00     1.00     1.00    13.00
C5             35        4     Proaim(5)    4500(GS4)                  1.00     1.00     1.00    13.00
C6             43        4     Proaim(5)    4500(GS4)                  1.00     1.00     1.00    13.00
H7             10        4     Proaim(5)    1800(GS4)                  1.00     1.00     1.00    13.00
H8              9        4     Proaim(5)    1800(GS4)                  1.00     1.00     1.00    13.00
H9             11        4     Proaim(5)    1800(GS4)                  1.00     1.00     1.00    13.00
C10            63        4     Proaim(5)    4500(GS4)                  1.00     1.00     1.00    13.00
H11            11        4     Proaim(5)    1800(GS4)                  1.00     1.00     1.00    13.00
H12            10        4     Proaim(5)    1800(GS4)                  1.00     1.00     1.00    13.00
H13             8        4     Proaim(5)    1800(GS4)                  1.00     1.00     1.00    13.00
C14            86        4     Proaim(5)    4500(GS4)                  1.00     1.00     1.00    13.00
H15            12        4     Proaim(5)    1800(GS4)                  1.00     1.00     1.00    13.00
H16            11        4     Proaim(5)    1800(GS4)                  1.00     1.00     1.00    13.00
H17            60        4     Proaim(5)    4500(GS4)                  1.00     1.00     1.00    13.00
H18            11        4     Proaim(5)    1800(GS4)                  1.00     1.00     1.00    13.00
H19            25        4     Proaim(5)    1800(GS4)                  1.00     1.00     1.00    13.00
B20            60        4     Proaim(5)    4500(GS4)                  1.00     1.00     1.00    13.00
F21            59        4     Proaim(5)    4500(GS4)                  1.00     1.00     1.00    13.00
F22            22        4     Proaim(5)    2700(GS4)                  1.00     1.00     1.00    13.00
F23            20        4     Proaim(5)    2700(GS4)                  1.00     1.00     1.00    13.00
F24            22        4     Proaim(5)    2700(GS4)                  1.00     1.00     1.00    13.00
------------------------------------------------------------------------------------------------------
Total         804
Note:  Total wall clock time is less than total of atomic times if more than one atom
       was calculated at a time
 
Electron Density Critical Point Analysis of Molecular Structure:               
---------------------------------------------------------------                
  NACP = Nuclear Attractor Critical Point                                      
  NNACP = Non-Nuclear Attractor Critical Point                                 
  BCP = Bond Critical Point                                                    
  RCP = Ring Critical Point                                                    
  CCP = Cage Critical Point                                                    
  Rho = Electron Density                                                       
  GradRho = Gradient of Electron Density                                       
  HessRho_EigVals = Eigenvalues of the Hessian of Rho, Ascending Order         
  HessRho_EigVecs = Eigenvectors of the Hessian of Rho                         
  DelSqRho = Laplacian of Rho = Trace of Hessian of Rho                        
  Bond Ellipticity = (HessRho_EigVal(1) / HessRho_EigVal(2)) - 1               
  V = Virial Field = Potential Energy Density = Trace of Stress Tensor         
  G = Lagrangian Form of Kinetic Energy Density                                
  K = Hamiltonian Form of Kinetic Energy Density                               
  L = K - G = Lagrangian Density = (-1/4)DelSqRho                              
  Vnuc = Electrostatic Potential from Nuclei                                   
  Ven = Electron-nuclear attractive contribution to Virial Field V             
  Vrep = V - Ven = Repulsive contribution to Virial Field V                    
  DelSqV = Laplacian of V                                                      
  DelSqVen = Laplacian of Ven                                                  
  DelSqVrep = Laplacian of Vrep                                                
  DelSqG = Laplacian of G                                                      
  DelSqK = Laplacian of K                                                      
  Stress_EigVals = Eigenvalues of Stress Tensor, Ascending Order               
  Stress_EigVecs = Eigenvectors of Stress Tensor                               
  -DivStress = Ehrenfest Force Density = Minus Divergence of Stress Tensor     
  ESP = Total Electrostatic Potential                                          
  ESPe = Electrostatic Potential from Electrons                                
  ESPn = Electrostatic Potential from Nuclei                                   
  BP = Bond Path                                                               
  BPL = Bond Path Length                                                       
  GBL = Geometric Bond Length                                                  
  GBL_I = Distance Between Nuclear Attractors                                  
  GBL_II = Distance Between Nuclei                                             
  GBL_III = Sum of Distances Between BCP and Nuclear Attractors                
  GBL_IV = Sum of Distances Between BCP and Nuclei                             

CP# 1      Coords =  5.69322149895486E+00 -5.72661408010284E-01 -2.48891837199687E+00
           Type = (3,-3) NACP C1
           Rho =  1.1951245591E+02     Rho at Nucleus =  1.1951245323E+02
           GradRho = -3.7656811697E-11 -2.7340339194E-12 -3.7461138358E-11
           HessRho_EigVals = -1.8122437404E+05 -1.8122421689E+05 -1.8122177956E+05
           HessRho_EigVec1 =  4.7451315824E-01 -4.8665537339E-01  7.3348743016E-01
           HessRho_EigVec2 = -8.6891868713E-01 -1.2570107129E-01  4.7872701598E-01
           HessRho_EigVec3 =  1.4077491896E-01  8.6450320313E-01  4.8251076046E-01
           DelSqRho = -5.4367037049E+05
           Bond Ellipticity = NA
           V = -1.3593166442E+05
           G =  7.0358970296E+00
           K =  1.3592462852E+05
           L =  1.3591759262E+05
           Vnuc =  1.1034074903E+06
           Ven = -1.3187093904E+08
           Vrep =  1.3173500738E+08
           DelSqV =  4.6067524215E+09
           DelSqVen =  5.9988995584E+11
           DelSqVrep = -5.9528320342E+11
           DelSqG =  2.0612178264E+08
           DelSqK = -4.8128742041E+09
           Stress_EigVals = -4.5311132787E+04 -4.5310367233E+04 -4.5310164397E+04
           Stress_EigVec1 =  1.4532499622E-01  8.6127906988E-01  4.8690759827E-01
           Stress_EigVec2 =  5.2513048951E-02 -4.9815302458E-01  8.6549751230E-01
           Stress_EigVec3 =  9.8798938515E-01 -1.0020942016E-01 -1.1762247637E-01
           -DivStress = -1.7070737127E+03  4.3447504603E+03 -6.6802406780E+03
           ESP =  -1.4587177414E+01     ESP at Nucleus =  -1.4587177488E+01
           ESPe = -3.1036730426E+01     ESPe at Nucleus = -3.1036723632E+01
           ESPn =  1.6449553013E+01     ESPn at Nucleus =  1.6449546144E+01

CP# 2      Coords =  5.90623876197181E+00  1.97910554212290E+00 -2.25395009934897E+00
           Type = (3,-3) NACP C2
           Rho =  1.1950765794E+02     Rho at Nucleus =  1.1950765508E+02
           GradRho = -3.5214971564E-11  9.5320454004E-12  1.4826256976E-11
           HessRho_EigVals = -1.8121709291E+05 -1.8121678480E+05 -1.8121443646E+05
           HessRho_EigVec1 = -1.9400979519E-01 -2.9799599551E-01 -9.3464356095E-01
           HessRho_EigVec2 =  9.8085649757E-01 -7.5197773573E-02 -1.7962690786E-01
           HessRho_EigVec3 =  1.6755015638E-02  9.5160058927E-01 -3.0688041310E-01
           DelSqRho = -5.4364831417E+05
           Bond Ellipticity = NA
           V = -1.3592615613E+05
           G =  7.0387942560E+00
           K =  1.3591911734E+05
           L =  1.3591207854E+05
           Vnuc =  1.0675736534E+06
           Ven = -1.2758322700E+08
           Vrep =  1.2744730084E+08
           DelSqV =  4.6065663564E+09
           DelSqVen =  5.8038461747E+11
           DelSqVrep = -5.7577805214E+11
           DelSqG =  2.0611334369E+08
           DelSqK = -4.8126797001E+09
           Stress_EigVals = -4.5309296588E+04 -4.5308503767E+04 -4.5308355775E+04
           Stress_EigVec1 =  9.5838509351E-03  9.5003369928E-01 -3.1200019235E-01
           Stress_EigVec2 =  1.7144935889E-01  3.0583288819E-01  9.3652088169E-01
           Stress_EigVec3 =  9.8514631763E-01 -6.2467709480E-02 -1.5995161185E-01
           -DivStress = -1.9663529584E+03 -2.9422323783E+03 -7.6433856288E+03
           ESP =  -1.4586716604E+01     ESP at Nucleus =  -1.4586716682E+01
           ESPe = -3.0670020785E+01     ESPe at Nucleus = -3.0670014684E+01
           ESPn =  1.6083304181E+01     ESPn at Nucleus =  1.6083298002E+01

CP# 3      Coords =  6.08041379523722E+00 -1.60286641071217E+00 -1.22716951734865E-01
           Type = (3,-3) NACP N3
           Rho =  1.9378398260E+02     Rho at Nucleus =  1.9378398176E+02
           GradRho = -1.6998422808E-10 -4.4177331932E-11 -1.9841975285E-12
           HessRho_EigVals = -4.0302860974E+05 -4.0302705306E+05 -4.0302270806E+05
           HessRho_EigVec1 =  2.0463109728E-01  3.6165129559E-01  9.0957927331E-01
           HessRho_EigVec2 =  1.2459363032E-01  9.1206074315E-01 -3.9066818158E-01
           HessRho_EigVec3 =  9.7087720197E-01 -1.9327064240E-01 -1.4157654283E-01
           DelSqRho = -1.2090783709E+06
           Bond Ellipticity = NA
           V = -3.0231714469E+05
           G =  2.3775986101E+01
           K =  3.0229336870E+05
           L =  3.0226959271E+05
           Vnuc =  3.4358390080E+06
           Ven = -6.6581056653E+08
           Vrep =  6.6550824938E+08
           DelSqV =  1.4118313120E+10
           DelSqVen =  4.1541985075E+12
           DelSqVrep = -4.1400801944E+12
           DelSqG =  6.2875246291E+08
           DelSqK = -1.4747065583E+10
           Stress_EigVals = -1.0077295514E+05 -1.0077229572E+05 -1.0077189383E+05
           Stress_EigVec1 =  9.6639155653E-01 -2.2060861383E-01 -1.3198181306E-01
           Stress_EigVec2 =  1.6319448605E-01  9.2314216801E-01 -3.4810357274E-01
           Stress_EigVec3 =  1.9863262370E-01  3.1486564935E-01  9.2811890599E-01
           -DivStress =  3.1917952303E+03 -8.4949911851E+03 -2.2902069295E+03
           ESP =  -1.8167889424E+01     ESP at Nucleus =  -1.8167889437E+01
           ESPe = -3.5441245935E+01     ESPe at Nucleus = -3.5441243867E+01
           ESPn =  1.7273356511E+01     ESPn at Nucleus =  1.7273354430E+01

CP# 4      Coords =  6.36654399261780E+00  2.47567004463542E+00  2.69881045135482E-01
           Type = (3,-3) NACP N4
           Rho =  1.9374524422E+02     Rho at Nucleus =  1.9374524400E+02
           GradRho = -9.8993894679E-11 -1.5583186594E-09  5.3398606197E-10
           HessRho_EigVals = -4.0294692638E+05 -4.0294598275E+05 -4.0294078549E+05
           HessRho_EigVec1 =  1.1656032932E-01 -6.5797308389E-01  7.4396579928E-01
           HessRho_EigVec2 =  9.2626394103E-02  7.5300869407E-01  6.5145856182E-01
           HessRho_EigVec3 =  9.8885491390E-01  7.0233551825E-03 -1.4871661554E-01
           DelSqRho = -1.2088336946E+06
           Bond Ellipticity = NA
           V = -3.0225605673E+05
           G =  2.3816536653E+01
           K =  3.0223224019E+05
           L =  3.0220842366E+05
           Vnuc =  6.6961120730E+06
           Ven = -1.2973398689E+09
           Vrep =  1.2970376129E+09
           DelSqV =  1.4115471354E+10
           DelSqVen =  8.0944872817E+12
           DelSqVrep = -8.0803716792E+12
           DelSqG =  6.2862382249E+08
           DelSqK = -1.4744095176E+10
           Stress_EigVals = -1.0075267853E+05 -1.0075181514E+05 -1.0075156306E+05
           Stress_EigVec1 =  9.8935495437E-01  2.8416814933E-02 -1.4272091259E-01
           Stress_EigVec2 =  5.9145033890E-02  8.1757018881E-01  5.7278342446E-01
           Stress_EigVec3 =  1.3296104402E-01 -5.7512735198E-01  8.0718640337E-01
           -DivStress = -2.4256944549E+02  4.5261548738E+03 -1.5865022511E+03
           ESP =  -1.8160594053E+01     ESP at Nucleus =  -1.8160594056E+01
           ESPe = -3.4752945452E+01     ESPe at Nucleus = -3.4752944454E+01
           ESPn =  1.6592351399E+01     ESPn at Nucleus =  1.6592350398E+01

CP# 5      Coords =  6.44806614728960E+00  2.79757186696786E-01  1.51955841217503E+00
           Type = (3,-3) NACP C5
           Rho =  1.1954929139E+02     Rho at Nucleus =  1.1954929012E+02
           GradRho = -4.6846335838E-11  2.1881118879E-12 -3.7129427137E-12
           HessRho_EigVals = -1.8128261788E+05 -1.8128139116E+05 -1.8127976552E+05
           HessRho_EigVec1 =  9.7516752771E-01 -1.2526318020E-01 -1.8264016148E-01
           HessRho_EigVec2 =  1.3695189738E-01  9.8916917857E-01  5.2806381919E-02
           HessRho_EigVec3 =  1.7404732317E-01 -7.6507985556E-02  9.8176069255E-01
           DelSqRho = -5.4384377456E+05
           Bond Ellipticity = NA
           V = -1.3597472214E+05
           G =  6.8892517359E+00
           K =  1.3596783289E+05
           L =  1.3596094364E+05
           Vnuc =  1.6008045258E+06
           Ven = -1.9137504672E+08
           Vrep =  1.9123907199E+08
           DelSqV =  4.6082133787E+09
           DelSqVen =  8.7058755584E+11
           DelSqVrep = -8.6597934246E+11
           DelSqG =  2.0618929399E+08
           DelSqK = -4.8144026727E+09
           Stress_EigVals = -4.5325401701E+04 -4.5324963799E+04 -4.5324356644E+04
           Stress_EigVec1 =  1.6673314600E-01 -7.4236673182E-02  9.8320342472E-01
           Stress_EigVec2 =  1.0421620563E-01  9.9290289749E-01  5.7295886750E-02
           Stress_EigVec3 =  9.8047898525E-01 -9.2912606833E-02 -1.7328648816E-01
           -DivStress =  6.3575915580E+01 -8.1955123339E+02  5.5582918079E+03
           ESP =  -1.4516982802E+01     ESP at Nucleus =  -1.4516982825E+01
           ESPe = -3.1549588541E+01     ESPe at Nucleus = -3.1549581781E+01
           ESPn =  1.7032605738E+01     ESPn at Nucleus =  1.7032598956E+01

CP# 6      Coords =  6.59535445115090E+00  4.99872563819629E+00  1.39969891308131E+00
           Type = (3,-3) NACP C6
           Rho =  1.1937759800E+02     Rho at Nucleus =  1.1937759322E+02
           GradRho = -7.0726148408E-11  5.0613940407E-11  1.5628800202E-12
           HessRho_EigVals = -1.8101924811E+05 -1.8101570380E+05 -1.8101559431E+05
           HessRho_EigVec1 =  9.0938505525E-02  9.0329409264E-01  4.1927314536E-01
           HessRho_EigVec2 = -2.8301205874E-01 -3.8021661047E-01  8.8053364713E-01
           HessRho_EigVec3 =  9.5479545601E-01 -1.9873376998E-01  2.2106679047E-01
           DelSqRho = -5.4305054622E+05
           Bond Ellipticity = NA
           V = -1.3577660387E+05
           G =  6.9836571584E+00
           K =  1.3576962021E+05
           L =  1.3576263655E+05
           Vnuc =  8.2531208373E+05
           Ven = -9.8523774156E+07
           Vrep =  9.8387997552E+07
           DelSqV =  4.6015200155E+09
           DelSqVen =  4.4818617856E+11
           DelSqVrep = -4.4358465854E+11
           DelSqG =  2.0588408523E+08
           DelSqK = -4.8074041007E+09
           Stress_EigVals = -4.5259205782E+04 -4.5259178747E+04 -4.5258219340E+04
           Stress_EigVec1 =  9.5194432774E-01 -2.0081893438E-01  2.3124392420E-01
           Stress_EigVec2 = -2.9304655102E-01 -3.7775761726E-01  8.7830683792E-01
           Stress_EigVec3 =  8.9026489441E-02  9.0386444680E-01  4.1845351711E-01
           -DivStress =  3.2735059077E+02  1.0106060026E+04  4.0216279438E+03
           ESP =  -1.4587088143E+01     ESP at Nucleus =  -1.4587088258E+01
           ESPe = -2.7956784819E+01     ESPe at Nucleus = -2.7956772529E+01
           ESPn =  1.3369696676E+01     ESPn at Nucleus =  1.3369684271E+01

CP# 7      Coords =  8.07874718960883E+00  6.02052735107985E+00  4.70144741020207E-01
           Type = (3,-3) NACP H7
           Rho =  4.2979658856E-01     Rho at Nucleus =  4.2586231273E-01
           GradRho = -1.5395670849E-16  2.7498755226E-15  1.9106352785E-16
           HessRho_EigVals = -8.4179089409E+00 -8.4096250371E+00 -7.6576724123E+00
           HessRho_EigVec1 = -2.4728638860E-01  8.0576004686E-01  5.3814513739E-01
           HessRho_EigVec2 = -6.3803703926E-01  2.8257326223E-01 -7.1628282682E-01
           HessRho_EigVec3 =  7.2921751113E-01  5.2048352361E-01 -4.4422823312E-01
           DelSqRho = -2.4485206390E+01
           Bond Ellipticity = NA
           V = -6.1320848197E+00
           G =  5.3916110515E-03
           K =  6.1266932086E+00
           L =  6.1213015976E+00
           Vnuc =  4.5332195469E+01
           Ven = -1.9483622964E+01
           Vrep =  1.3351538145E+01
           DelSqV =  1.5679675679E+03
           DelSqVen =  1.1099681622E+03
           DelSqVrep =  4.5799940574E+02
           DelSqG =  1.1668362987E+02
           DelSqK = -1.6846511978E+03
           Stress_EigVals = -2.1080158887E+00 -2.1076164720E+00 -1.9164524589E+00
           Stress_EigVec1 = -6.6198247797E-01  7.0268086977E-01 -2.6080412979E-01
           Stress_EigVec2 = -1.7552413179E-01 -4.8362284863E-01 -8.5749648363E-01
           Stress_EigVec3 =  7.2867721113E-01  5.2187022864E-01 -4.4348730133E-01
           -DivStress =  1.1763324684E+01  8.4294066671E+00 -7.1248818809E+00
           ESP =  -1.0052543184E+00     ESP at Nucleus =  -1.0066576180E+00
           ESPe = -1.4552775266E+01     ESPe at Nucleus = -1.4474590946E+01
           ESPn =  1.3547520947E+01     ESPn at Nucleus =  1.3467933328E+01

CP# 8      Coords =  7.03957138794278E+00  4.79740819976636E+00  3.36483097386805E+00
           Type = (3,-3) NACP H8
           Rho =  4.3003854287E-01     Rho at Nucleus =  4.2610692599E-01
           GradRho = -5.1667595928E-12  1.3537513798E-12 -2.3144200132E-11
           HessRho_EigVals = -8.4133768506E+00 -8.4070204862E+00 -7.6574906086E+00
           HessRho_EigVec1 = -1.6463716572E-02  9.9730718948E-01  7.1465487072E-02
           HessRho_EigVec2 =  9.7580835397E-01  3.1610707508E-02 -2.1633034808E-01
           HessRho_EigVec3 =  2.1800688605E-01 -6.6175017769E-02  9.7370111670E-01
           DelSqRho = -2.4477887945E+01
           Bond Ellipticity = NA
           V = -6.1304655309E+00
           G =  5.4967722834E-03
           K =  6.1249687586E+00
           L =  6.1194719863E+00
           Vnuc =  4.5755781696E+01
           Ven = -1.9676749689E+01
           Vrep =  1.3546284158E+01
           DelSqV =  1.5673703270E+03
           DelSqVen =  1.1200048973E+03
           DelSqVrep =  4.4736542969E+02
           DelSqG =  1.1655059440E+02
           DelSqK = -1.6839209214E+03
           Stress_EigVals = -2.1074078344E+00 -2.1067028718E+00 -1.9163548247E+00
           Stress_EigVec1 =  9.7355602331E-01 -5.6037519913E-02 -2.2146888231E-01
           Stress_EigVec2 =  6.8798918374E-02  9.9636028685E-01  5.0327801581E-02
           Stress_EigVec3 =  2.1784255392E-01 -6.4233753926E-02  9.7386787942E-01
           -DivStress =  3.5022761501E+00 -8.9424203566E-01  1.5708099357E+01
           ESP =  -9.9772824016E-01     ESP at Nucleus =  -9.9913512010E-01
           ESPe = -1.4958928960E+01     ESPe at Nucleus = -1.4884810388E+01
           ESPn =  1.3961200720E+01     ESPn at Nucleus =  1.3885675268E+01

CP# 9      Coords =  4.83239658519189E+00  5.98094434303814E+00  1.20240948656108E+00
           Type = (3,-3) NACP H9
           Rho =  4.2696824599E-01     Rho at Nucleus =  4.2294926575E-01
           GradRho =  5.8575702882E-14 -3.2302746632E-14  5.0246333244E-15
           HessRho_EigVals = -8.3623510408E+00 -8.3539484333E+00 -7.5909689699E+00
           HessRho_EigVec1 =  4.2723513580E-01  8.1108628596E-01  3.9951117063E-01
           HessRho_EigVec2 = -2.6749737930E-01 -3.0869501241E-01  9.1277189998E-01
           HessRho_EigVec3 =  8.6366387606E-01 -4.9683641779E-01  8.5078100328E-02
           DelSqRho = -2.4307268444E+01
           Bond Ellipticity = NA
           V = -6.0873526008E+00
           G =  5.2677448868E-03
           K =  6.0820848559E+00
           L =  6.0768171110E+00
           Vnuc =  4.5543846644E+01
           Ven = -1.9445776317E+01
           Vrep =  1.3358423716E+01
           DelSqV =  1.5551772384E+03
           DelSqVen =  1.1070465063E+03
           DelSqVrep =  4.4813073206E+02
           DelSqG =  1.1576237902E+02
           DelSqK = -1.6709396174E+03
           Stress_EigVals = -2.0939362906E+00 -2.0936688739E+00 -1.8997474363E+00
           Stress_EigVec1 =  4.8598163254E-01  7.7295943661E-01 -4.0786708886E-01
           Stress_EigVec2 =  1.3779099962E-01  3.9308201852E-01  9.0912054599E-01
           Stress_EigVec3 =  8.6303852362E-01 -4.9801630101E-01  8.4523787648E-02
           -DivStress = -1.4039851472E+01  8.0650962359E+00 -1.3477307208E+00
           ESP =  -1.0087089818E+00     ESP at Nucleus =  -1.0101361444E+00
           ESPe = -1.5223950358E+01     ESPe at Nucleus = -1.5154247532E+01
           ESPn =  1.4215241376E+01     ESPn at Nucleus =  1.4144111388E+01

CP# 10     Coords =  5.62811976287977E+00 -4.28342800076625E+00  5.56521923715513E-01
           Type = (3,-3) NACP C10
           Rho =  1.1939953630E+02     Rho at Nucleus =  1.1939953118E+02
           GradRho =  3.6978978473E-11 -2.2261005702E-11 -7.1341557065E-12
           HessRho_EigVals = -1.8105681999E+05 -1.8105307199E+05 -1.8105298903E+05
           HessRho_EigVec1 =  1.3279020918E-01  9.5897445238E-01 -2.5046908000E-01
           HessRho_EigVec2 =  9.2241538252E-01 -2.7107432828E-02  3.8524673804E-01
           HessRho_EigVec3 = -3.6265220588E-01  2.8219352717E-01  8.8817238800E-01
           DelSqRho = -5.4316288101E+05
           Bond Ellipticity = NA
           V = -1.3580440708E+05
           G =  6.8434161315E+00
           K =  1.3579756367E+05
           L =  1.3579072025E+05
           Vnuc =  7.9776390191E+05
           Ven = -9.5252639968E+07
           Vrep =  9.5116835561E+07
           DelSqV =  4.6024690119E+09
           DelSqVen =  4.3331573939E+11
           DelSqVrep = -4.2871327038E+11
           DelSqG =  2.0593110443E+08
           DelSqK = -4.8084001163E+09
           Stress_EigVals = -4.5268491541E+04 -4.5268472650E+04 -4.5267442892E+04
           Stress_EigVec1 = -4.0415582231E-01  2.8431805027E-01  8.6937984655E-01
           Stress_EigVec2 =  9.0444421136E-01 -1.7644507453E-02  4.2622686436E-01
           Stress_EigVec3 =  1.3652377023E-01  9.5856763854E-01 -2.5001868433E-01
           -DivStress = -2.4928210061E+03 -1.0718607691E+04  2.3898509343E+03
           ESP =  -1.4590792974E+01     ESP at Nucleus =  -1.4590793101E+01
           ESPe = -2.9727231751E+01     ESPe at Nucleus = -2.9727221973E+01
           ESPn =  1.5136438778E+01     ESPn at Nucleus =  1.5136428872E+01

CP# 11     Coords =  6.72023226147507E+00  6.98627502698986E-02  3.49004002488894E+00
           Type = (3,-3) NACP H11
           Rho =  4.2041292794E-01     Rho at Nucleus =  4.1575613310E-01
           GradRho = -3.5613059810E-15  1.2896246029E-16 -1.3522525249E-15
           HessRho_EigVals = -8.2127460116E+00 -8.2005045790E+00 -7.3586365648E+00
           HessRho_EigVec1 =  5.6557558543E-02  9.9342407227E-01  9.9548255702E-02
           HessRho_EigVec2 =  9.8954873482E-01 -4.2529950771E-02 -1.3778426870E-01
           HessRho_EigVec3 =  1.3264442689E-01 -1.0630059233E-01  9.8544692403E-01
           DelSqRho = -2.3771887155E+01
           Bond Ellipticity = NA
           V = -5.9522619218E+00
           G =  4.6450664693E-03
           K =  5.9476168553E+00
           L =  5.9429717889E+00
           Vnuc =  4.4676557138E+01
           Ven = -1.8782602197E+01
           Vrep =  1.2830340275E+01
           DelSqV =  1.5113031984E+03
           DelSqVen =  1.0620460748E+03
           DelSqVrep =  4.4925712364E+02
           DelSqG =  1.1248442399E+02
           DelSqK = -1.6237876224E+03
           Stress_EigVals = -2.0557503970E+00 -2.0556538366E+00 -1.8408576883E+00
           Stress_EigVec1 = -1.7273204037E-01 -9.8149746540E-01 -8.2621835108E-02
           Stress_EigVec2 =  9.7598797677E-01 -1.5925217638E-01 -1.4861431127E-01
           Stress_EigVec3 =  1.3270686277E-01 -1.0630837090E-01  9.8543767883E-01
           -DivStress =  2.2753233650E+00 -1.8470976653E+00  1.7054578385E+01
           ESP =  -9.2550432990E-01     ESP at Nucleus =  -9.2723942827E-01
           ESPe = -1.6839375006E+01     ESPe at Nucleus = -1.6738812796E+01
           ESPn =  1.5913870676E+01     ESPn at Nucleus =  1.5811573368E+01

CP# 12     Coords =  5.29879784964614E+00 -1.70684364568275E+00 -4.08823524091176E+00
           Type = (3,-3) NACP H12
           Rho =  4.2077649510E-01     Rho at Nucleus =  4.1631084205E-01
           GradRho =  3.2809340097E-14  9.0398419002E-14  1.3543573001E-13
           HessRho_EigVals = -8.2327678233E+00 -8.2210507266E+00 -7.4090701815E+00
           HessRho_EigVec1 = -5.4259213960E-02  8.3038429935E-01 -5.5454292268E-01
           HessRho_EigVec2 =  9.7785521924E-01 -6.8230431229E-02 -1.9784786696E-01
           HessRho_EigVec3 =  2.0212646514E-01  5.5299776098E-01  8.0829349153E-01
           DelSqRho = -2.3862888731E+01
           Bond Ellipticity = NA
           V = -5.9764148385E+00
           G =  5.3463278365E-03
           K =  5.9710685107E+00
           L =  5.9657221829E+00
           Vnuc =  4.5020417893E+01
           Ven = -1.8943533649E+01
           Vrep =  1.2967118810E+01
           DelSqV =  1.5203721926E+03
           DelSqVen =  1.0743172228E+03
           DelSqVrep =  4.4605496980E+02
           DelSqG =  1.1325316434E+02
           DelSqK = -1.6336253570E+03
           Stress_EigVals = -2.0617892998E+00 -2.0611770765E+00 -1.8534484623E+00
           Stress_EigVec1 =  9.7826190863E-01 -7.5948727064E-02 -1.9296483870E-01
           Stress_EigVec2 = -4.5165305185E-02  8.3014922459E-01 -5.5570888072E-01
           Stress_EigVec3 =  2.0239499333E-01  5.5234414613E-01  8.0867311746E-01
           -DivStress = -3.4660223597E+00 -9.3459781501E+00 -1.3743225801E+01
           ESP =  -9.7123196367E-01     ESP at Nucleus =  -9.7288382647E-01
           ESPe = -1.6551535195E+01     ESPe at Nucleus = -1.6457497909E+01
           ESPn =  1.5580303231E+01     ESPn at Nucleus =  1.5484614082E+01

CP# 13     Coords =  5.72922182938018E+00  3.43978769157269E+00 -3.60872778532425E+00
           Type = (3,-3) NACP H13
           Rho =  4.2047983384E-01     Rho at Nucleus =  4.1602570543E-01
           GradRho =  3.9230771409E-15 -4.4885275374E-15  6.1653156538E-15
           HessRho_EigVals = -8.2263998771E+00 -8.2144021674E+00 -7.4047537874E+00
           HessRho_EigVec1 =  1.5840902203E-01  6.9462250129E-01  7.0171658270E-01
           HessRho_EigVec2 =  9.8272696355E-01 -4.2050120752E-02 -1.8022070487E-01
           HessRho_EigVec3 = -9.5678089768E-02  7.1814439220E-01 -6.8928538001E-01
           DelSqRho = -2.3845555832E+01
           Bond Ellipticity = NA
           V = -5.9722135868E+00
           G =  5.4123144001E-03
           K =  5.9668012724E+00
           L =  5.9613889580E+00
           Vnuc =  4.4485826345E+01
           Ven = -1.8705392870E+01
           Vrep =  1.2733179283E+01
           DelSqV =  1.5193945683E+03
           DelSqVen =  1.0607892558E+03
           DelSqVrep =  4.5860531245E+02
           DelSqG =  1.1316983475E+02
           DelSqK = -1.6325644030E+03
           Stress_EigVals = -2.0602762793E+00 -2.0595669435E+00 -1.8523703639E+00
           Stress_EigVec1 =  9.8035054277E-01 -5.2086415887E-02 -1.9026249910E-01
           Stress_EigVec2 =  1.7246664205E-01  6.9448325533E-01  6.9853293798E-01
           Stress_EigVec3 = -9.5750042624E-02  7.1762107922E-01 -6.8982020556E-01
           -DivStress = -1.6598454965E+00  1.2135058024E+01 -1.1715768477E+01
           ESP =  -9.6971313318E-01     ESP at Nucleus =  -9.7136147435E-01
           ESPe = -1.5987249785E+01     ESPe at Nucleus = -1.5891618902E+01
           ESPn =  1.5017536651E+01     ESPn at Nucleus =  1.4920257428E+01

CP# 14     Coords =  2.80806611350727E+00 -4.87196161927278E+00  6.88052314877478E-01
           Type = (3,-3) NACP C14
           Rho =  1.1937051647E+02     Rho at Nucleus =  1.1937051583E+02
           GradRho =  8.4300545503E-09  8.9217774314E-10 -3.7718444774E-10
           HessRho_EigVals = -1.8100397724E+05 -1.8100269052E+05 -1.8100264984E+05
           HessRho_EigVec1 =  9.7599841829E-01  2.1070125214E-01 -5.5064233728E-02
           HessRho_EigVec2 = -2.1582047008E-01  9.0197675638E-01 -3.7397788123E-01
           HessRho_EigVec3 = -2.9130948917E-02  3.7688580936E-01  9.2580153085E-01
           DelSqRho = -5.4300931760E+05
           Bond Ellipticity = NA
           V = -1.3576656834E+05
           G =  7.1194719853E+00
           K =  1.3575944887E+05
           L =  1.3575232940E+05
           Vnuc =  2.2615015062E+06
           Ven = -2.6995660279E+08
           Vrep =  2.6982083622E+08
           DelSqV =  4.6011732366E+09
           DelSqVen =  1.2280164352E+12
           DelSqVrep = -1.2234152456E+12
           DelSqG =  2.0586542503E+08
           DelSqK = -4.8070386617E+09
           Stress_EigVals = -4.5255642393E+04 -4.5255631481E+04 -4.5255294470E+04
           Stress_EigVec1 = -2.4790503463E-02  3.6020740986E-01  9.3254278873E-01
           Stress_EigVec2 = -2.1878210754E-01  9.0826157152E-01 -3.5664451086E-01
           Stress_EigVec3 =  9.7545877430E-01  2.1286507367E-01 -5.6290674645E-02
           -DivStress = -3.9392140088E+03 -4.4950735379E+02  1.7253872433E+02
           ESP =  -1.4677501535E+01     ESP at Nucleus =  -1.4677501549E+01
           ESPe = -2.8603585992E+01     ESPe at Nucleus = -2.8603583595E+01
           ESPn =  1.3926084457E+01     ESPn at Nucleus =  1.3926082046E+01

CP# 15     Coords =  6.55314673080384E+00 -4.59513559331819E+00  2.33709261694885E+00
           Type = (3,-3) NACP H15
           Rho =  4.3520783124E-01     Rho at Nucleus =  4.3135727331E-01
           GradRho = -1.4268168353E-14  8.7335331024E-15 -2.3635351556E-14
           HessRho_EigVals = -8.5192009512E+00 -8.5130473502E+00 -7.7699940557E+00
           HessRho_EigVec1 =  4.6781687355E-01  8.8191206494E-01 -5.8124715376E-02
           HessRho_EigVec2 =  7.5826829158E-01 -4.3427629039E-01 -4.8624407616E-01
           HessRho_EigVec3 =  4.5406670304E-01 -1.8339905486E-01  8.7188773123E-01
           DelSqRho = -2.4802242357E+01
           Bond Ellipticity = NA
           V = -6.2115708661E+00
           G =  5.5051384007E-03
           K =  6.2060657277E+00
           L =  6.2005605893E+00
           Vnuc =  4.7439421252E+01
           Ven = -2.0646007638E+01
           Vrep =  1.4434436772E+01
           DelSqV =  1.5897021035E+03
           DelSqVen =  1.1766040232E+03
           DelSqVrep =  4.1309808036E+02
           DelSqG =  1.1822751316E+02
           DelSqK = -1.7079296167E+03
           Stress_EigVals = -2.1338909709E+00 -2.1329822724E+00 -1.9446976228E+00
           Stress_EigVec1 =  8.9126255126E-01  8.2818411441E-02 -4.4586116162E-01
           Stress_EigVec2 =  1.0411589835E-02  9.7918643069E-01  2.0269566536E-01
